# Author: FAC idanalysis.IDKickMap
# 
# Total Length of Longitudinal Interval [m]
1.2
# Number of Horizontal Points
11
# Number of Vertical Points
3
# Total Horizontal 2nd Order Kick [T2m2]
START
            -0000.00497 -0000.00398 -0000.00298 -0000.00199 -0000.00099 +0000.00000 +0000.00099 +0000.00199 +0000.00298 +0000.00398 +0000.00497 
+0000.00250 +7.4632e-03 +5.6791e-03 +4.1286e-03 +2.7916e-03 +1.6505e-03 +7.2772e-04 -2.5628e-05 -5.9620e-04 -1.0032e-03 -1.3459e-03 -1.8507e-03 
+0000.00000 +7.4632e-03 +5.6791e-03 +4.1286e-03 +2.7916e-03 +1.6505e-03 +7.2772e-04 -2.5628e-05 -5.9620e-04 -1.0032e-03 -1.3459e-03 -1.8507e-03 
-0000.00250 +7.4632e-03 +5.6791e-03 +4.1286e-03 +2.7916e-03 +1.6505e-03 +7.2772e-04 -2.5628e-05 -5.9620e-04 -1.0032e-03 -1.3459e-03 -1.8507e-03 
# Total Vertical 2nd Order Kick [T2m2]
START
            -0000.00497 -0000.00398 -0000.00298 -0000.00199 -0000.00099 +0000.00000 +0000.00099 +0000.00199 +0000.00298 +0000.00398 +0000.00497 
+0000.00250 +6.2742e-04 +7.8450e-04 +5.4658e-04 +3.7830e-04 +2.2696e-04 +6.8802e-05 -5.0638e-05 -6.1206e-05 +9.4356e-05 +4.7418e-04 +1.1546e-03 
+0000.00000 +6.2742e-04 +7.8450e-04 +5.4658e-04 +3.7830e-04 +2.2696e-04 +6.8802e-05 -5.0638e-05 -6.1206e-05 +9.4356e-05 +4.7418e-04 +1.1546e-03 
-0000.00250 +6.2742e-04 +7.8450e-04 +5.4658e-04 +3.7830e-04 +2.2696e-04 +6.8802e-05 -5.0638e-05 -6.1206e-05 +9.4356e-05 +4.7418e-04 +1.1546e-03 
# Horizontal Final Position [m]
START
            -0000.00497 -0000.00398 -0000.00298 -0000.00199 -0000.00099 +0000.00000 +0000.00099 +0000.00199 +0000.00298 +0000.00398 +0000.00497 
+0000.00250 -4.9213e-03 -3.9389e-03 -2.9550e-03 -1.9694e-03 -9.8221e-04 +6.8590e-06 +9.9733e-04 +1.9894e-03 +2.9827e-03 +3.9766e-03 +4.9693e-03 
+0000.00000 -4.9213e-03 -3.9389e-03 -2.9550e-03 -1.9694e-03 -9.8221e-04 +6.8590e-06 +9.9733e-04 +1.9894e-03 +2.9827e-03 +3.9766e-03 +4.9693e-03 
-0000.00250 -4.9213e-03 -3.9389e-03 -2.9550e-03 -1.9694e-03 -9.8221e-04 +6.8590e-06 +9.9733e-04 +1.9894e-03 +2.9827e-03 +3.9766e-03 +4.9693e-03 
# Vertical Final Position [m]
START
            -0000.00497 -0000.00398 -0000.00298 -0000.00199 -0000.00099 +0000.00000 +0000.00099 +0000.00199 +0000.00298 +0000.00398 +0000.00497 
+0000.00250 +2.4879e-03 +2.4930e-03 +2.4932e-03 +2.4933e-03 +2.4929e-03 +2.4923e-03 +2.4924e-03 +2.4940e-03 +2.4977e-03 +2.5046e-03 +2.5161e-03 
+0000.00000 -1.2051e-05 -6.9900e-06 -6.8090e-06 -6.7122e-06 -7.1083e-06 -7.7450e-06 -7.6146e-06 -6.0381e-06 -2.3364e-06 +4.5823e-06 +1.6074e-05 
-0000.00250 -2.5121e-03 -2.5070e-03 -2.5068e-03 -2.5067e-03 -2.5071e-03 -2.5077e-03 -2.5076e-03 -2.5060e-03 -2.5023e-03 -2.4954e-03 -2.4839e-03 