# Author: FAC idanalysis.IDKickMap
# 
# Total Length of Longitudinal Interval [m]
1.2
# Number of Horizontal Points
11
# Number of Vertical Points
3
# Total Horizontal 2nd Order Kick [T2m2]
START
            -0000.00497 -0000.00398 -0000.00298 -0000.00199 -0000.00099 +0000.00000 +0000.00099 +0000.00199 +0000.00298 +0000.00398 +0000.00497 
+0000.00250 +8.7260e-03 +7.6322e-03 +6.4990e-03 +5.3877e-03 +4.3203e-03 +3.2940e-03 +2.3054e-03 +1.2988e-03 +2.3928e-04 -1.0162e-03 -2.8219e-03 
+0000.00000 +8.7260e-03 +7.6322e-03 +6.4990e-03 +5.3877e-03 +4.3203e-03 +3.2940e-03 +2.3054e-03 +1.2988e-03 +2.3928e-04 -1.0162e-03 -2.8219e-03 
-0000.00250 +8.7260e-03 +7.6322e-03 +6.4990e-03 +5.3877e-03 +4.3203e-03 +3.2940e-03 +2.3054e-03 +1.2988e-03 +2.3928e-04 -1.0162e-03 -2.8219e-03 
# Total Vertical 2nd Order Kick [T2m2]
START
            -0000.00497 -0000.00398 -0000.00298 -0000.00199 -0000.00099 +0000.00000 +0000.00099 +0000.00199 +0000.00298 +0000.00398 +0000.00497 
+0000.00250 -1.2475e-03 -7.9948e-04 -4.4191e-04 +2.1790e-04 -2.6899e-04 -3.2182e-04 +2.5625e-03 -2.6223e-04 +4.5049e-04 +1.3398e-03 +2.5830e-03 
+0000.00000 -1.2475e-03 -7.9948e-04 -4.4191e-04 +2.1790e-04 -2.6899e-04 -3.2182e-04 +2.5625e-03 -2.6223e-04 +4.5049e-04 +1.3398e-03 +2.5830e-03 
-0000.00250 -1.2475e-03 -7.9948e-04 -4.4191e-04 +2.1790e-04 -2.6899e-04 -3.2182e-04 +2.5625e-03 -2.6223e-04 +4.5049e-04 +1.3398e-03 +2.5830e-03 
# Horizontal Final Position [m]
START
            -0000.00497 -0000.00398 -0000.00298 -0000.00199 -0000.00099 +0000.00000 +0000.00099 +0000.00199 +0000.00298 +0000.00398 +0000.00497 
+0000.00250 -4.9183e-03 -3.9304e-03 -2.9434e-03 -1.9563e-03 -9.6859e-04 +1.9610e-05 +1.0083e-03 +1.9969e-03 +2.9851e-03 +3.9716e-03 +4.9535e-03 
+0000.00000 -4.9183e-03 -3.9304e-03 -2.9434e-03 -1.9563e-03 -9.6859e-04 +1.9610e-05 +1.0083e-03 +1.9969e-03 +2.9851e-03 +3.9716e-03 +4.9535e-03 
-0000.00250 -4.9183e-03 -3.9304e-03 -2.9434e-03 -1.9563e-03 -9.6859e-04 +1.9610e-05 +1.0083e-03 +1.9969e-03 +2.9851e-03 +3.9716e-03 +4.9535e-03 
# Vertical Final Position [m]
START
            -0000.00497 -0000.00398 -0000.00298 -0000.00199 -0000.00099 +0000.00000 +0000.00099 +0000.00199 +0000.00298 +0000.00398 +0000.00497 
+0000.00250 +2.4900e-03 +2.4943e-03 +2.4972e-03 +2.5018e-03 +2.4956e-03 +2.4956e-03 +2.5193e-03 +2.4956e-03 +2.5033e-03 +2.5137e-03 +2.5290e-03 
+0000.00000 -9.9661e-06 -5.6619e-06 -2.7718e-06 +1.7771e-06 -4.4121e-06 -4.3541e-06 +1.9301e-05 -4.3927e-06 +3.2544e-06 +1.3656e-05 +2.9008e-05 
-0000.00250 -2.5100e-03 -2.5057e-03 -2.5028e-03 -2.4982e-03 -2.5044e-03 -2.5044e-03 -2.4807e-03 -2.5044e-03 -2.4967e-03 -2.4863e-03 -2.4710e-03 