# Author: FAC idanalysis.IDKickMap
# 
# Total Length of Longitudinal Interval [m]
1.2
# Number of Horizontal Points
11
# Number of Vertical Points
3
# Total Horizontal 2nd Order Kick [T2m2]
START
            -0000.00497 -0000.00398 -0000.00298 -0000.00199 -0000.00099 +0000.00000 +0000.00099 +0000.00199 +0000.00298 +0000.00398 +0000.00497 
+0000.00250 +5.1345e-03 +4.6050e-03 +3.7856e-03 +2.8546e-03 +1.8877e-03 +9.2453e-04 -3.0551e-05 -9.8517e-04 -1.9465e-03 -2.9873e-03 -4.2167e-03 
+0000.00000 +5.1345e-03 +4.6050e-03 +3.7856e-03 +2.8546e-03 +1.8877e-03 +9.2453e-04 -3.0551e-05 -9.8517e-04 -1.9465e-03 -2.9873e-03 -4.2167e-03 
-0000.00250 +5.1345e-03 +4.6050e-03 +3.7856e-03 +2.8546e-03 +1.8877e-03 +9.2453e-04 -3.0551e-05 -9.8517e-04 -1.9465e-03 -2.9873e-03 -4.2167e-03 
# Total Vertical 2nd Order Kick [T2m2]
START
            -0000.00497 -0000.00398 -0000.00298 -0000.00199 -0000.00099 +0000.00000 +0000.00099 +0000.00199 +0000.00298 +0000.00398 +0000.00497 
+0000.00250 -2.8011e-03 -2.1727e-03 -1.6569e-03 -1.3334e-03 -1.1768e-03 -6.6805e-04 +2.2921e-04 +4.3797e-04 +9.1330e-04 +1.5286e-03 +2.2191e-03 
+0000.00000 -2.8011e-03 -2.1727e-03 -1.6569e-03 -1.3334e-03 -1.1768e-03 -6.6805e-04 +2.2921e-04 +4.3797e-04 +9.1330e-04 +1.5286e-03 +2.2191e-03 
-0000.00250 -2.8011e-03 -2.1727e-03 -1.6569e-03 -1.3334e-03 -1.1768e-03 -6.6805e-04 +2.2921e-04 +4.3797e-04 +9.1330e-04 +1.5286e-03 +2.2191e-03 
# Horizontal Final Position [m]
START
            -0000.00497 -0000.00398 -0000.00298 -0000.00199 -0000.00099 +0000.00000 +0000.00099 +0000.00199 +0000.00298 +0000.00398 +0000.00497 
+0000.00250 -4.9426e-03 -3.9491e-03 -2.9594e-03 -1.9710e-03 -9.8278e-04 +5.6045e-06 +9.9424e-04 +1.9831e-03 +2.9719e-03 +3.9602e-03 +4.9469e-03 
+0000.00000 -4.9426e-03 -3.9491e-03 -2.9594e-03 -1.9710e-03 -9.8278e-04 +5.6045e-06 +9.9424e-04 +1.9831e-03 +2.9719e-03 +3.9602e-03 +4.9469e-03 
-0000.00250 -4.9426e-03 -3.9491e-03 -2.9594e-03 -1.9710e-03 -9.8278e-04 +5.6045e-06 +9.9424e-04 +1.9831e-03 +2.9719e-03 +3.9602e-03 +4.9469e-03 
# Vertical Final Position [m]
START
            -0000.00497 -0000.00398 -0000.00298 -0000.00199 -0000.00099 +0000.00000 +0000.00099 +0000.00199 +0000.00298 +0000.00398 +0000.00497 
+0000.00250 +2.4526e-03 +2.4634e-03 +2.4713e-03 +2.4762e-03 +2.4789e-03 +2.4838e-03 +2.4923e-03 +2.4964e-03 +2.5029e-03 +2.5119e-03 +2.5230e-03 
+0000.00000 -4.7391e-05 -3.6612e-05 -2.8748e-05 -2.3769e-05 -2.1141e-05 -1.6215e-05 -7.7241e-06 -3.5691e-06 +2.9321e-06 +1.1888e-05 +2.2982e-05 
-0000.00250 -2.5474e-03 -2.5366e-03 -2.5287e-03 -2.5238e-03 -2.5211e-03 -2.5162e-03 -2.5077e-03 -2.5036e-03 -2.4971e-03 -2.4881e-03 -2.4770e-03 