# Author: FAC idanalysis.IDKickMap
# 
# Total Length of Longitudinal Interval [m]
1.2
# Number of Horizontal Points
11
# Number of Vertical Points
3
# Total Horizontal 2nd Order Kick [T2m2]
START
            -0000.00497 -0000.00398 -0000.00298 -0000.00199 -0000.00099 +0000.00000 +0000.00099 +0000.00199 +0000.00298 +0000.00398 +0000.00497 
+0000.00250 +8.4879e-03 +6.8151e-03 +5.2337e-03 +3.7861e-03 +2.4404e-03 +1.1692e-03 +1.6198e-05 -1.1204e-03 -2.1963e-03 -3.4884e-03 -5.3400e-03 
+0000.00000 +8.4879e-03 +6.8151e-03 +5.2337e-03 +3.7861e-03 +2.4404e-03 +1.1692e-03 +1.6198e-05 -1.1204e-03 -2.1963e-03 -3.4884e-03 -5.3400e-03 
-0000.00250 +8.4879e-03 +6.8151e-03 +5.2337e-03 +3.7861e-03 +2.4404e-03 +1.1692e-03 +1.6198e-05 -1.1204e-03 -2.1963e-03 -3.4884e-03 -5.3400e-03 
# Total Vertical 2nd Order Kick [T2m2]
START
            -0000.00497 -0000.00398 -0000.00298 -0000.00199 -0000.00099 +0000.00000 +0000.00099 +0000.00199 +0000.00298 +0000.00398 +0000.00497 
+0000.00250 -2.4834e-04 -7.9057e-06 +1.1901e-04 +1.3859e-04 +3.9713e-04 +6.7651e-05 +4.5322e-04 +5.0502e-04 +8.7080e-04 +1.4313e-03 +2.2768e-03 
+0000.00000 -2.4834e-04 -7.9057e-06 +1.1901e-04 +1.3859e-04 +3.9713e-04 +6.7651e-05 +4.5322e-04 +5.0502e-04 +8.7080e-04 +1.4313e-03 +2.2768e-03 
-0000.00250 -2.4834e-04 -7.9057e-06 +1.1901e-04 +1.3859e-04 +3.9713e-04 +6.7651e-05 +4.5322e-04 +5.0502e-04 +8.7080e-04 +1.4313e-03 +2.2768e-03 
# Horizontal Final Position [m]
START
            -0000.00497 -0000.00398 -0000.00298 -0000.00199 -0000.00099 +0000.00000 +0000.00099 +0000.00199 +0000.00298 +0000.00398 +0000.00497 
+0000.00250 -4.9123e-03 -3.9295e-03 -2.9467e-03 -1.9627e-03 -9.7787e-04 +7.7681e-06 +9.9448e-04 +1.9813e-03 +2.9688e-03 +3.9543e-03 +4.9349e-03 
+0000.00000 -4.9123e-03 -3.9295e-03 -2.9467e-03 -1.9627e-03 -9.7787e-04 +7.7681e-06 +9.9448e-04 +1.9813e-03 +2.9688e-03 +3.9543e-03 +4.9349e-03 
-0000.00250 -4.9123e-03 -3.9295e-03 -2.9467e-03 -1.9627e-03 -9.7787e-04 +7.7681e-06 +9.9448e-04 +1.9813e-03 +2.9688e-03 +3.9543e-03 +4.9349e-03 
# Vertical Final Position [m]
START
            -0000.00497 -0000.00398 -0000.00298 -0000.00199 -0000.00099 +0000.00000 +0000.00099 +0000.00199 +0000.00298 +0000.00398 +0000.00497 
+0000.00250 +2.4796e-03 +2.4851e-03 +2.4885e-03 +2.4905e-03 +2.4947e-03 +2.4910e-03 +2.4935e-03 +2.4966e-03 +2.5028e-03 +2.5109e-03 +2.5229e-03 
+0000.00000 -2.0371e-05 -1.4886e-05 -1.1499e-05 -9.4974e-06 -5.3206e-06 -9.0207e-06 -6.4840e-06 -3.4038e-06 +2.8129e-06 +1.0862e-05 +2.2890e-05 
-0000.00250 -2.5204e-03 -2.5149e-03 -2.5115e-03 -2.5095e-03 -2.5053e-03 -2.5090e-03 -2.5065e-03 -2.5034e-03 -2.4972e-03 -2.4891e-03 -2.4771e-03 