# Author: FAC idanalysis.IDKickMap
# 
# Total Length of Longitudinal Interval [m]
1.2
# Number of Horizontal Points
11
# Number of Vertical Points
3
# Total Horizontal 2nd Order Kick [T2m2]
START
            -0000.00497 -0000.00398 -0000.00298 -0000.00199 -0000.00099 +0000.00000 +0000.00099 +0000.00199 +0000.00298 +0000.00398 +0000.00497 
+0000.00250 +3.9314e-03 +3.8399e-03 +3.4063e-03 +2.8357e-03 +2.2159e-03 +1.5960e-03 +9.8933e-04 +4.2924e-04 -1.4450e-04 -8.3913e-04 -1.9572e-03 
+0000.00000 +3.9314e-03 +3.8399e-03 +3.4063e-03 +2.8357e-03 +2.2159e-03 +1.5960e-03 +9.8933e-04 +4.2924e-04 -1.4450e-04 -8.3913e-04 -1.9572e-03 
-0000.00250 +3.9314e-03 +3.8399e-03 +3.4063e-03 +2.8357e-03 +2.2159e-03 +1.5960e-03 +9.8933e-04 +4.2924e-04 -1.4450e-04 -8.3913e-04 -1.9572e-03 
# Total Vertical 2nd Order Kick [T2m2]
START
            -0000.00497 -0000.00398 -0000.00298 -0000.00199 -0000.00099 +0000.00000 +0000.00099 +0000.00199 +0000.00298 +0000.00398 +0000.00497 
+0000.00250 -2.3305e-03 -1.7405e-03 -1.3314e-03 -1.0325e-03 -8.1670e-04 -6.4712e-04 -4.5344e-04 -2.2680e-04 +1.4515e-04 +7.6420e-04 +1.6792e-03 
+0000.00000 -2.3305e-03 -1.7405e-03 -1.3314e-03 -1.0325e-03 -8.1670e-04 -6.4712e-04 -4.5344e-04 -2.2680e-04 +1.4515e-04 +7.6420e-04 +1.6792e-03 
-0000.00250 -2.3305e-03 -1.7405e-03 -1.3314e-03 -1.0325e-03 -8.1670e-04 -6.4712e-04 -4.5344e-04 -2.2680e-04 +1.4515e-04 +7.6420e-04 +1.6792e-03 
# Horizontal Final Position [m]
START
            -0000.00497 -0000.00398 -0000.00298 -0000.00199 -0000.00099 +0000.00000 +0000.00099 +0000.00199 +0000.00298 +0000.00398 +0000.00497 
+0000.00250 -4.9571e-03 -3.9589e-03 -2.9647e-03 -1.9721e-03 -9.8002e-04 +1.1994e-05 +1.0041e-03 +1.9965e-03 +2.9888e-03 +3.9800e-03 +4.9678e-03 
+0000.00000 -4.9571e-03 -3.9589e-03 -2.9647e-03 -1.9721e-03 -9.8002e-04 +1.1994e-05 +1.0041e-03 +1.9965e-03 +2.9888e-03 +3.9800e-03 +4.9678e-03 
-0000.00250 -4.9571e-03 -3.9589e-03 -2.9647e-03 -1.9721e-03 -9.8002e-04 +1.1994e-05 +1.0041e-03 +1.9965e-03 +2.9888e-03 +3.9800e-03 +4.9678e-03 
# Vertical Final Position [m]
START
            -0000.00497 -0000.00398 -0000.00298 -0000.00199 -0000.00099 +0000.00000 +0000.00099 +0000.00199 +0000.00298 +0000.00398 +0000.00497 
+0000.00250 +2.4549e-03 +2.4645e-03 +2.4710e-03 +2.4757e-03 +2.4790e-03 +2.4817e-03 +2.4848e-03 +2.4887e-03 +2.4946e-03 +2.5038e-03 +2.5177e-03 
+0000.00000 -4.5143e-05 -3.5515e-05 -2.8968e-05 -2.4305e-05 -2.1016e-05 -1.8316e-05 -1.5178e-05 -1.1291e-05 -5.3798e-06 +3.8280e-06 +1.7724e-05 
-0000.00250 -2.5451e-03 -2.5355e-03 -2.5290e-03 -2.5243e-03 -2.5210e-03 -2.5183e-03 -2.5152e-03 -2.5113e-03 -2.5054e-03 -2.4962e-03 -2.4823e-03 