# Author: FAC idanalysis.IDKickMap
# 
# Total Length of Longitudinal Interval [m]
1.2
# Number of Horizontal Points
11
# Number of Vertical Points
3
# Total Horizontal 2nd Order Kick [T2m2]
START
            -0000.00497 -0000.00398 -0000.00298 -0000.00199 -0000.00099 +0000.00000 +0000.00099 +0000.00199 +0000.00298 +0000.00398 +0000.00497 
+0000.00250 +8.5099e-03 +6.9592e-03 +5.4922e-03 +4.1415e-03 +2.8876e-03 +1.7045e-03 +6.2341e-04 -3.7508e-04 -1.3024e-03 -2.2088e-03 -3.2913e-03 
+0000.00000 +8.5099e-03 +6.9592e-03 +5.4922e-03 +4.1415e-03 +2.8876e-03 +1.7045e-03 +6.2341e-04 -3.7508e-04 -1.3024e-03 -2.2088e-03 -3.2913e-03 
-0000.00250 +8.5099e-03 +6.9592e-03 +5.4922e-03 +4.1415e-03 +2.8876e-03 +1.7045e-03 +6.2341e-04 -3.7508e-04 -1.3024e-03 -2.2088e-03 -3.2913e-03 
# Total Vertical 2nd Order Kick [T2m2]
START
            -0000.00497 -0000.00398 -0000.00298 -0000.00199 -0000.00099 +0000.00000 +0000.00099 +0000.00199 +0000.00298 +0000.00398 +0000.00497 
+0000.00250 -2.8692e-03 -2.2265e-03 -1.6574e-03 -1.3448e-03 -1.1789e-03 -1.0526e-03 -8.8408e-04 -6.0434e-04 -1.9159e-04 +3.8959e-04 +1.2053e-03 
+0000.00000 -2.8692e-03 -2.2265e-03 -1.6574e-03 -1.3448e-03 -1.1789e-03 -1.0526e-03 -8.8408e-04 -6.0434e-04 -1.9159e-04 +3.8959e-04 +1.2053e-03 
-0000.00250 -2.8692e-03 -2.2265e-03 -1.6574e-03 -1.3448e-03 -1.1789e-03 -1.0526e-03 -8.8408e-04 -6.0434e-04 -1.9159e-04 +3.8959e-04 +1.2053e-03 
# Horizontal Final Position [m]
START
            -0000.00497 -0000.00398 -0000.00298 -0000.00199 -0000.00099 +0000.00000 +0000.00099 +0000.00199 +0000.00298 +0000.00398 +0000.00497 
+0000.00250 -4.9171e-03 -3.9330e-03 -2.9489e-03 -1.9639e-03 -9.7785e-04 +8.9245e-06 +9.9675e-04 +1.9855e-03 +2.9748e-03 +3.9646e-03 +4.9531e-03 
+0000.00000 -4.9171e-03 -3.9330e-03 -2.9489e-03 -1.9639e-03 -9.7785e-04 +8.9245e-06 +9.9675e-04 +1.9855e-03 +2.9748e-03 +3.9646e-03 +4.9531e-03 
-0000.00250 -4.9171e-03 -3.9330e-03 -2.9489e-03 -1.9639e-03 -9.7785e-04 +8.9245e-06 +9.9675e-04 +1.9855e-03 +2.9748e-03 +3.9646e-03 +4.9531e-03 
# Vertical Final Position [m]
START
            -0000.00497 -0000.00398 -0000.00298 -0000.00199 -0000.00099 +0000.00000 +0000.00099 +0000.00199 +0000.00298 +0000.00398 +0000.00497 
+0000.00250 +2.4629e-03 +2.4713e-03 +2.4780e-03 +2.4813e-03 +2.4830e-03 +2.4842e-03 +2.4861e-03 +2.4895e-03 +2.4949e-03 +2.5030e-03 +2.5152e-03 
+0000.00000 -3.7127e-05 -2.8676e-05 -2.2016e-05 -1.8655e-05 -1.7015e-05 -1.5810e-05 -1.3930e-05 -1.0516e-05 -5.0828e-06 +3.0212e-06 +1.5236e-05 
-0000.00250 -2.5371e-03 -2.5287e-03 -2.5220e-03 -2.5187e-03 -2.5170e-03 -2.5158e-03 -2.5139e-03 -2.5105e-03 -2.5051e-03 -2.4970e-03 -2.4848e-03 