# Author: FAC idanalysis.IDKickMap
#
# Total Length of Longitudinal Interval [m]
1.2
# Number of Horizontal Points
11
# Number of Vertical Points
3
# Total Horizontal 2nd Order Kick [T2m2]
START
            -0000.00498 -0000.00398 -0000.00299 -0000.00199 -0000.00100 +0000.00000 +0000.00100 +0000.00199 +0000.00299 +0000.00398 +0000.00498
+0000.00250 +8.9307e-03 +7.2945e-03 +5.8325e-03 +4.5394e-03 +3.3899e-03 +2.3344e-03 +1.3509e-03 +4.0119e-04 -6.3670e-04 -1.9319e-03 -3.8026e-03
+0000.00000 +8.9307e-03 +7.2945e-03 +5.8325e-03 +4.5394e-03 +3.3899e-03 +2.3344e-03 +1.3509e-03 +4.0119e-04 -6.3670e-04 -1.9319e-03 -3.8026e-03
-0000.00250 +8.9307e-03 +7.2945e-03 +5.8325e-03 +4.5394e-03 +3.3899e-03 +2.3344e-03 +1.3509e-03 +4.0119e-04 -6.3670e-04 -1.9319e-03 -3.8026e-03
# Total Vertical 2nd Order Kick [T2m2]
START
            -0000.00498 -0000.00398 -0000.00299 -0000.00199 -0000.00100 +0000.00000 +0000.00100 +0000.00199 +0000.00299 +0000.00398 +0000.00498
+0000.00250 +7.0896e-05 +4.8799e-04 +7.4801e-04 +9.3884e-04 +9.8384e-04 +1.1466e-03 +1.3308e-03 +1.6983e-03 +2.2004e-03 +2.9212e-03 +3.9460e-03
+0000.00000 +7.0896e-05 +4.8799e-04 +7.4801e-04 +9.3884e-04 +9.8384e-04 +1.1466e-03 +1.3308e-03 +1.6983e-03 +2.2004e-03 +2.9212e-03 +3.9460e-03
-0000.00250 +7.0896e-05 +4.8799e-04 +7.4801e-04 +9.3884e-04 +9.8384e-04 +1.1466e-03 +1.3308e-03 +1.6983e-03 +2.2004e-03 +2.9212e-03 +3.9460e-03
# Horizontal Final Position [m]
START
            -0000.00498 -0000.00398 -0000.00299 -0000.00199 -0000.00100 +0000.00000 +0000.00100 +0000.00199 +0000.00299 +0000.00398 +0000.00498
+0000.00250 -4.9215e-03 -3.9357e-03 -2.9490e-03 -1.9610e-03 -9.7170e-04 +1.8423e-05 +1.0091e-03 +2.0001e-03 +2.9901e-03 +3.9780e-03 +4.9610e-03
+0000.00000 -4.9215e-03 -3.9357e-03 -2.9490e-03 -1.9610e-03 -9.7170e-04 +1.8423e-05 +1.0091e-03 +2.0001e-03 +2.9901e-03 +3.9780e-03 +4.9610e-03
-0000.00250 -4.9215e-03 -3.9357e-03 -2.9490e-03 -1.9610e-03 -9.7170e-04 +1.8423e-05 +1.0091e-03 +2.0001e-03 +2.9901e-03 +3.9780e-03 +4.9610e-03
# Vertical Final Position [m]
START
            -0000.00498 -0000.00398 -0000.00299 -0000.00199 -0000.00100 +0000.00000 +0000.00100 +0000.00199 +0000.00299 +0000.00398 +0000.00498
+0000.00250 +2.4828e-03 +2.4895e-03 +2.4937e-03 +2.4965e-03 +2.4972e-03 +2.4989e-03 +2.5010e-03 +2.5053e-03 +2.5113e-03 +2.5204e-03 +2.5338e-03
+0000.00000 +2.4828e-03 +2.4895e-03 +2.4937e-03 +2.4965e-03 +2.4972e-03 +2.4989e-03 +2.5010e-03 +2.5053e-03 +2.5113e-03 +2.5204e-03 +2.5338e-03
-0000.00250 -2.5172e-03 -2.5105e-03 -2.5063e-03 -2.5035e-03 -2.5028e-03 -2.5011e-03 -2.4990e-03 -2.4947e-03 -2.4887e-03 -2.4796e-03 -2.4662e-03
