# Author: FAC idanalysis.IDKickMap
# 
# Total Length of Longitudinal Interval [m]
1.2
# Number of Horizontal Points
11
# Number of Vertical Points
3
# Total Horizontal 2nd Order Kick [T2m2]
START
            -0000.00497 -0000.00398 -0000.00298 -0000.00199 -0000.00099 +0000.00000 +0000.00099 +0000.00199 +0000.00298 +0000.00398 +0000.00497 
+0000.00250 +4.8982e-03 +4.1469e-03 +3.1469e-03 +2.0666e-03 +9.5109e-04 -1.3713e-04 -1.1449e-03 -2.0898e-03 -2.9710e-03 -3.8385e-03 -4.8891e-03 
+0000.00000 +4.8982e-03 +4.1469e-03 +3.1469e-03 +2.0666e-03 +9.5109e-04 -1.3713e-04 -1.1449e-03 -2.0898e-03 -2.9710e-03 -3.8385e-03 -4.8891e-03 
-0000.00250 +4.8982e-03 +4.1469e-03 +3.1469e-03 +2.0666e-03 +9.5109e-04 -1.3713e-04 -1.1449e-03 -2.0898e-03 -2.9710e-03 -3.8385e-03 -4.8891e-03 
# Total Vertical 2nd Order Kick [T2m2]
START
            -0000.00497 -0000.00398 -0000.00298 -0000.00199 -0000.00099 +0000.00000 +0000.00099 +0000.00199 +0000.00298 +0000.00398 +0000.00497 
+0000.00250 -2.2455e-03 -1.9938e-03 -1.8920e-03 -1.8944e-03 -1.8088e-03 -1.9406e-03 -1.7992e-03 -1.9068e-03 -1.5321e-03 -8.0464e-04 -4.5901e-05 
+0000.00000 -2.2455e-03 -1.9938e-03 -1.8920e-03 -1.8944e-03 -1.8088e-03 -1.9406e-03 -1.7992e-03 -1.9068e-03 -1.5321e-03 -8.0464e-04 -4.5901e-05 
-0000.00250 -2.2455e-03 -1.9938e-03 -1.8920e-03 -1.8944e-03 -1.8088e-03 -1.9406e-03 -1.7992e-03 -1.9068e-03 -1.5321e-03 -8.0464e-04 -4.5901e-05 
# Horizontal Final Position [m]
START
            -0000.00497 -0000.00398 -0000.00298 -0000.00199 -0000.00099 +0000.00000 +0000.00099 +0000.00199 +0000.00298 +0000.00398 +0000.00497 
+0000.00250 -4.9502e-03 -3.9585e-03 -2.9697e-03 -1.9818e-03 -9.9413e-04 -6.2773e-06 +9.8241e-04 +1.9716e-03 +2.9614e-03 +3.9514e-03 +4.9399e-03 
+0000.00000 -4.9502e-03 -3.9585e-03 -2.9697e-03 -1.9818e-03 -9.9413e-04 -6.2773e-06 +9.8241e-04 +1.9716e-03 +2.9614e-03 +3.9514e-03 +4.9399e-03 
-0000.00250 -4.9502e-03 -3.9585e-03 -2.9697e-03 -1.9818e-03 -9.9413e-04 -6.2773e-06 +9.8241e-04 +1.9716e-03 +2.9614e-03 +3.9514e-03 +4.9399e-03 
# Vertical Final Position [m]
START
            -0000.00497 -0000.00398 -0000.00298 -0000.00199 -0000.00099 +0000.00000 +0000.00099 +0000.00199 +0000.00298 +0000.00398 +0000.00497 
+0000.00250 +2.4725e-03 +2.4761e-03 +2.4778e-03 +2.4779e-03 +2.4787e-03 +2.4780e-03 +2.4799e-03 +2.4804e-03 +2.4861e-03 +2.4959e-03 +2.5082e-03 
+0000.00000 -2.7535e-05 -2.3921e-05 -2.2245e-05 -2.2099e-05 -2.1256e-05 -2.2008e-05 -2.0122e-05 -1.9615e-05 -1.3927e-05 -4.1090e-06 +8.2126e-06 
-0000.00250 -2.5275e-03 -2.5239e-03 -2.5222e-03 -2.5221e-03 -2.5213e-03 -2.5220e-03 -2.5201e-03 -2.5196e-03 -2.5139e-03 -2.5041e-03 -2.4918e-03 