# Author: FAC idanalysis.IDKickMap
#
# Total Length of Longitudinal Interval [m]
1.2
# Number of Horizontal Points
11
# Number of Vertical Points
3
# Total Horizontal 2nd Order Kick [T2m2]
START
            -0000.00500 -0000.00400 -0000.00300 -0000.00200 -0000.00100 +0000.00000 +0000.00100 +0000.00200 +0000.00300 +0000.00400 +0000.00500
+0000.00250 +4.3913e-03 +5.9769e-03 +4.5589e-03 +3.2960e-03 +2.2213e-03 +1.3319e-03 +5.8643e-04 +4.1833e-05 -4.0532e-04 -8.7575e-04 -7.1315e-04
+0000.00000 +4.3913e-03 +5.9769e-03 +4.5589e-03 +3.2960e-03 +2.2213e-03 +1.3319e-03 +5.8643e-04 +4.1833e-05 -4.0532e-04 -8.7575e-04 -7.1315e-04
-0000.00250 +4.3913e-03 +5.9769e-03 +4.5589e-03 +3.2960e-03 +2.2213e-03 +1.3319e-03 +5.8643e-04 +4.1833e-05 -4.0532e-04 -8.7575e-04 -7.1315e-04
# Total Vertical 2nd Order Kick [T2m2]
START
            -0000.00500 -0000.00400 -0000.00300 -0000.00200 -0000.00100 +0000.00000 +0000.00100 +0000.00200 +0000.00300 +0000.00400 +0000.00500
+0000.00250 -1.2512e-03 -7.4398e-04 -4.5860e-04 -3.1037e-04 -2.2903e-04 -2.0050e-04 -7.6083e-05 +2.1338e-04 +6.7805e-04 +1.4645e-03 +2.6628e-03
+0000.00000 -1.2512e-03 -7.4398e-04 -4.5860e-04 -3.1037e-04 -2.2903e-04 -2.0050e-04 -7.6083e-05 +2.1338e-04 +6.7805e-04 +1.4645e-03 +2.6628e-03
-0000.00250 -1.2512e-03 -7.4398e-04 -4.5860e-04 -3.1037e-04 -2.2903e-04 -2.0050e-04 -7.6083e-05 +2.1338e-04 +6.7805e-04 +1.4645e-03 +2.6628e-03
# Horizontal Final Position [m]
START
            -0000.00500 -0000.00400 -0000.00300 -0000.00200 -0000.00100 +0000.00000 +0000.00100 +0000.00200 +0000.00300 +0000.00400 +0000.00500
+0000.00250 -1.3309e-06 -1.4305e-06 -1.6149e-06 -1.6428e-06 -1.5887e-06 -1.3744e-06 -1.5462e-06 -1.4378e-06 -1.3815e-06 -4.4626e-06 -1.7909e-06
+0000.00000 -1.3309e-06 -1.4305e-06 -1.6149e-06 -1.6428e-06 -1.5887e-06 -1.3744e-06 -1.5462e-06 -1.4378e-06 -1.3815e-06 -4.4626e-06 -1.7909e-06
-0000.00250 -1.3309e-06 -1.4305e-06 -1.6149e-06 -1.6428e-06 -1.5887e-06 -1.3744e-06 -1.5462e-06 -1.4378e-06 -1.3815e-06 -4.4626e-06 -1.7909e-06
# Vertical Final Position [m]
START
            -0000.00500 -0000.00400 -0000.00300 -0000.00200 -0000.00100 +0000.00000 +0000.00100 +0000.00200 +0000.00300 +0000.00400 +0000.00500
+0000.00250 -5.3348e-06 -4.6198e-06 -3.8834e-06 -6.0783e-06 -4.2024e-06 -7.1006e-06 -5.7299e-06 -5.4728e-06 -4.9752e-06 -5.0306e-06 -5.1469e-06
+0000.00000 -5.3348e-06 -4.6198e-06 -3.8834e-06 -6.0783e-06 -4.2024e-06 -7.1006e-06 -5.7299e-06 -5.4728e-06 -4.9752e-06 -5.0306e-06 -5.1469e-06
-0000.00250 -5.3348e-06 -4.6198e-06 -3.8834e-06 -6.0783e-06 -4.2024e-06 -7.1006e-06 -5.7299e-06 -5.4728e-06 -4.9752e-06 -5.0306e-06 -5.1469e-06
