# Author: FAC idanalysis.IDKickMap
#
# Total Length of Longitudinal Interval [m]
1.2
# Number of Horizontal Points
11
# Number of Vertical Points
3
# Total Horizontal 2nd Order Kick [T2m2]
START
            -0000.00498 -0000.00398 -0000.00299 -0000.00199 -0000.00100 +0000.00000 +0000.00100 +0000.00199 +0000.00299 +0000.00398 +0000.00498
+0000.00250 +6.5005e-03 +5.1159e-03 +3.7785e-03 +2.4814e-03 +1.1688e-03 -5.5864e-05 -1.2225e-03 -2.3155e-03 -3.3831e-03 -4.5618e-03 -5.8460e-03
+0000.00000 +6.5005e-03 +5.1159e-03 +3.7785e-03 +2.4814e-03 +1.1688e-03 -5.5864e-05 -1.2225e-03 -2.3155e-03 -3.3831e-03 -4.5618e-03 -5.8460e-03
-0000.00250 +6.5005e-03 +5.1159e-03 +3.7785e-03 +2.4814e-03 +1.1688e-03 -5.5864e-05 -1.2225e-03 -2.3155e-03 -3.3831e-03 -4.5618e-03 -5.8460e-03
# Total Vertical 2nd Order Kick [T2m2]
START
            -0000.00498 -0000.00398 -0000.00299 -0000.00199 -0000.00100 +0000.00000 +0000.00100 +0000.00199 +0000.00299 +0000.00398 +0000.00498
+0000.00250 -1.6168e-03 -1.3195e-03 -1.1650e-03 -1.1518e-03 -1.1832e-03 -1.3744e-03 -1.1128e-03 -9.3240e-04 -5.6938e-04 -6.8511e-05 +3.5920e-04
+0000.00000 -1.6168e-03 -1.3195e-03 -1.1650e-03 -1.1518e-03 -1.1832e-03 -1.3744e-03 -1.1128e-03 -9.3240e-04 -5.6938e-04 -6.8511e-05 +3.5920e-04
-0000.00250 -1.6168e-03 -1.3195e-03 -1.1650e-03 -1.1518e-03 -1.1832e-03 -1.3744e-03 -1.1128e-03 -9.3240e-04 -5.6938e-04 -6.8511e-05 +3.5920e-04
# Horizontal Final Position [m]
START
            -0000.00498 -0000.00398 -0000.00299 -0000.00199 -0000.00100 +0000.00000 +0000.00100 +0000.00199 +0000.00299 +0000.00398 +0000.00498
+0000.00250 -4.9468e-03 -3.9589e-03 -2.9710e-03 -1.9830e-03 -9.9505e-04 -6.3297e-06 +9.8293e-04 +1.9729e-03 +2.9629e-03 +3.9520e-03 +4.9403e-03
+0000.00000 -4.9468e-03 -3.9589e-03 -2.9710e-03 -1.9830e-03 -9.9505e-04 -6.3297e-06 +9.8293e-04 +1.9729e-03 +2.9629e-03 +3.9520e-03 +4.9403e-03
-0000.00250 -4.9468e-03 -3.9589e-03 -2.9710e-03 -1.9830e-03 -9.9505e-04 -6.3297e-06 +9.8293e-04 +1.9729e-03 +2.9629e-03 +3.9520e-03 +4.9403e-03
# Vertical Final Position [m]
START
            -0000.00498 -0000.00398 -0000.00299 -0000.00199 -0000.00100 +0000.00000 +0000.00100 +0000.00199 +0000.00299 +0000.00398 +0000.00498
+0000.00250 +2.4811e-03 +2.4844e-03 +2.4863e-03 +2.4864e-03 +2.4860e-03 +2.4843e-03 +2.4873e-03 +2.4901e-03 +2.4956e-03 +2.5035e-03 +2.5125e-03
+0000.00000 +2.4811e-03 +2.4844e-03 +2.4863e-03 +2.4864e-03 +2.4860e-03 +2.4843e-03 +2.4873e-03 +2.4901e-03 +2.4956e-03 +2.5035e-03 +2.5125e-03
-0000.00250 -2.5189e-03 -2.5156e-03 -2.5137e-03 -2.5136e-03 -2.5140e-03 -2.5157e-03 -2.5127e-03 -2.5099e-03 -2.5044e-03 -2.4965e-03 -2.4875e-03
