# Author: FAC idanalysis.IDKickMap
#
# Total Length of Longitudinal Interval [m]
1.2
# Number of Horizontal Points
11
# Number of Vertical Points
3
# Total Horizontal 2nd Order Kick [T2m2]
START
            -0000.00498 -0000.00398 -0000.00299 -0000.00199 -0000.00100 +0000.00000 +0000.00100 +0000.00199 +0000.00299 +0000.00398 +0000.00498
+0000.00250 +8.4403e-03 +6.9274e-03 +5.4049e-03 +4.0789e-03 +2.8225e-03 +1.6189e-03 +5.6170e-04 -4.4742e-04 -1.3759e-03 -2.2970e-03 -3.4092e-03
+0000.00000 +8.4403e-03 +6.9274e-03 +5.4049e-03 +4.0789e-03 +2.8225e-03 +1.6189e-03 +5.6170e-04 -4.4742e-04 -1.3759e-03 -2.2970e-03 -3.4092e-03
-0000.00250 +8.4403e-03 +6.9274e-03 +5.4049e-03 +4.0789e-03 +2.8225e-03 +1.6189e-03 +5.6170e-04 -4.4742e-04 -1.3759e-03 -2.2970e-03 -3.4092e-03
# Total Vertical 2nd Order Kick [T2m2]
START
            -0000.00498 -0000.00398 -0000.00299 -0000.00199 -0000.00100 +0000.00000 +0000.00100 +0000.00199 +0000.00299 +0000.00398 +0000.00498
+0000.00250 -2.8441e-03 -2.1402e-03 -1.5577e-03 -1.2668e-03 -1.1470e-03 -9.9563e-04 -8.4550e-04 -5.5643e-04 -1.4166e-04 +4.5543e-04 +1.2681e-03
+0000.00000 -2.8441e-03 -2.1402e-03 -1.5577e-03 -1.2668e-03 -1.1470e-03 -9.9563e-04 -8.4550e-04 -5.5643e-04 -1.4166e-04 +4.5543e-04 +1.2681e-03
-0000.00250 -2.8441e-03 -2.1402e-03 -1.5577e-03 -1.2668e-03 -1.1470e-03 -9.9563e-04 -8.4550e-04 -5.5643e-04 -1.4166e-04 +4.5543e-04 +1.2681e-03
# Horizontal Final Position [m]
START
            -0000.00498 -0000.00398 -0000.00299 -0000.00199 -0000.00100 +0000.00000 +0000.00100 +0000.00199 +0000.00299 +0000.00398 +0000.00498
+0000.00250 -4.9276e-03 -3.9411e-03 -2.9556e-03 -1.9684e-03 -9.8036e-04 +8.1700e-06 +9.9819e-04 +1.9888e-03 +2.9801e-03 +3.9716e-03 +4.9618e-03
+0000.00000 -4.9276e-03 -3.9411e-03 -2.9556e-03 -1.9684e-03 -9.8036e-04 +8.1700e-06 +9.9819e-04 +1.9888e-03 +2.9801e-03 +3.9716e-03 +4.9618e-03
-0000.00250 -4.9276e-03 -3.9411e-03 -2.9556e-03 -1.9684e-03 -9.8036e-04 +8.1700e-06 +9.9819e-04 +1.9888e-03 +2.9801e-03 +3.9716e-03 +4.9618e-03
# Vertical Final Position [m]
START
            -0000.00498 -0000.00398 -0000.00299 -0000.00199 -0000.00100 +0000.00000 +0000.00100 +0000.00199 +0000.00299 +0000.00398 +0000.00498
+0000.00250 +2.4626e-03 +2.4718e-03 +2.4786e-03 +2.4821e-03 +2.4834e-03 +2.4850e-03 +2.4868e-03 +2.4905e-03 +2.4960e-03 +2.5044e-03 +2.5168e-03
+0000.00000 +2.4626e-03 +2.4718e-03 +2.4786e-03 +2.4821e-03 +2.4834e-03 +2.4850e-03 +2.4868e-03 +2.4905e-03 +2.4960e-03 +2.5044e-03 +2.5168e-03
-0000.00250 -2.5374e-03 -2.5282e-03 -2.5214e-03 -2.5179e-03 -2.5166e-03 -2.5150e-03 -2.5132e-03 -2.5095e-03 -2.5040e-03 -2.4956e-03 -2.4832e-03
