# Author: FAC idanalysis.IDKickMap
# 
# Total Length of Longitudinal Interval [m]
1.2
# Number of Horizontal Points
11
# Number of Vertical Points
3
# Total Horizontal 2nd Order Kick [T2m2]
START
            -0000.00497 -0000.00398 -0000.00298 -0000.00199 -0000.00099 +0000.00000 +0000.00099 +0000.00199 +0000.00298 +0000.00398 +0000.00497 
+0000.00250 +4.6475e-03 +3.7743e-03 +2.7516e-03 +1.7278e-03 +7.4529e-04 -1.5727e-04 -9.7213e-04 -1.7094e-03 -2.4395e-03 -3.2621e-03 -4.4029e-03 
+0000.00000 +4.6475e-03 +3.7743e-03 +2.7516e-03 +1.7278e-03 +7.4529e-04 -1.5727e-04 -9.7213e-04 -1.7094e-03 -2.4395e-03 -3.2621e-03 -4.4029e-03 
-0000.00250 +4.6475e-03 +3.7743e-03 +2.7516e-03 +1.7278e-03 +7.4529e-04 -1.5727e-04 -9.7213e-04 -1.7094e-03 -2.4395e-03 -3.2621e-03 -4.4029e-03 
# Total Vertical 2nd Order Kick [T2m2]
START
            -0000.00497 -0000.00398 -0000.00298 -0000.00199 -0000.00099 +0000.00000 +0000.00099 +0000.00199 +0000.00298 +0000.00398 +0000.00497 
+0000.00250 -2.2258e-03 -1.8577e-03 -1.8303e-03 -2.0777e-03 +5.4222e-04 -8.9263e-04 -6.4301e-04 -8.7829e-04 -7.7221e-04 -4.7284e-04 -2.7861e-06 
+0000.00000 -2.2258e-03 -1.8577e-03 -1.8303e-03 -2.0777e-03 +5.4222e-04 -8.9263e-04 -6.4301e-04 -8.7829e-04 -7.7221e-04 -4.7284e-04 -2.7861e-06 
-0000.00250 -2.2258e-03 -1.8577e-03 -1.8303e-03 -2.0777e-03 +5.4222e-04 -8.9263e-04 -6.4301e-04 -8.7829e-04 -7.7221e-04 -4.7284e-04 -2.7861e-06 
# Horizontal Final Position [m]
START
            -0000.00497 -0000.00398 -0000.00298 -0000.00199 -0000.00099 +0000.00000 +0000.00099 +0000.00199 +0000.00298 +0000.00398 +0000.00497 
+0000.00250 -4.9456e-03 -3.9541e-03 -2.9652e-03 -1.9768e-03 -9.8803e-04 +1.3089e-06 +9.9133e-04 +1.9819e-03 +2.9724e-03 +3.9620e-03 +4.9489e-03 
+0000.00000 -4.9456e-03 -3.9541e-03 -2.9652e-03 -1.9768e-03 -9.8803e-04 +1.3089e-06 +9.9133e-04 +1.9819e-03 +2.9724e-03 +3.9620e-03 +4.9489e-03 
-0000.00250 -4.9456e-03 -3.9541e-03 -2.9652e-03 -1.9768e-03 -9.8803e-04 +1.3089e-06 +9.9133e-04 +1.9819e-03 +2.9724e-03 +3.9620e-03 +4.9489e-03 
# Vertical Final Position [m]
START
            -0000.00497 -0000.00398 -0000.00298 -0000.00199 -0000.00099 +0000.00000 +0000.00099 +0000.00199 +0000.00298 +0000.00398 +0000.00497 
+0000.00250 +2.4625e-03 +2.4698e-03 +2.4724e-03 +2.4717e-03 +2.4977e-03 +2.4845e-03 +2.4867e-03 +2.4874e-03 +2.4906e-03 +2.4967e-03 +2.5063e-03 
+0000.00000 -3.7533e-05 -3.0191e-05 -2.7592e-05 -2.8342e-05 -2.3270e-06 -1.5474e-05 -1.3296e-05 -1.2612e-05 -9.3695e-06 -3.3177e-06 +6.3442e-06 
-0000.00250 -2.5375e-03 -2.5302e-03 -2.5276e-03 -2.5283e-03 -2.5023e-03 -2.5155e-03 -2.5133e-03 -2.5126e-03 -2.5094e-03 -2.5033e-03 -2.4937e-03 