# Author: FAC idanalysis.IDKickMap
#
# Total Length of Longitudinal Interval [m]
1.2
# Number of Horizontal Points
11
# Number of Vertical Points
3
# Total Horizontal 2nd Order Kick [T2m2]
START
            -0000.00498 -0000.00398 -0000.00299 -0000.00199 -0000.00100 +0000.00000 +0000.00100 +0000.00199 +0000.00299 +0000.00398 +0000.00498
+0000.00250 +8.6235e-03 +7.5770e-03 +6.4678e-03 +5.3621e-03 +4.2852e-03 +3.2741e-03 +2.2588e-03 +1.2662e-03 +2.3852e-04 -1.0376e-03 -2.8655e-03
+0000.00000 +8.6235e-03 +7.5770e-03 +6.4678e-03 +5.3621e-03 +4.2852e-03 +3.2741e-03 +2.2588e-03 +1.2662e-03 +2.3852e-04 -1.0376e-03 -2.8655e-03
-0000.00250 +8.6235e-03 +7.5770e-03 +6.4678e-03 +5.3621e-03 +4.2852e-03 +3.2741e-03 +2.2588e-03 +1.2662e-03 +2.3852e-04 -1.0376e-03 -2.8655e-03
# Total Vertical 2nd Order Kick [T2m2]
START
            -0000.00498 -0000.00398 -0000.00299 -0000.00199 -0000.00100 +0000.00000 +0000.00100 +0000.00199 +0000.00299 +0000.00398 +0000.00498
+0000.00250 -1.4110e-03 -9.9065e-04 -6.6279e-04 +5.6810e-05 -6.8235e-04 -5.6841e-04 +1.8996e-04 -5.4222e-04 +2.5392e-04 +1.1265e-03 +2.3328e-03
+0000.00000 -1.4110e-03 -9.9065e-04 -6.6279e-04 +5.6810e-05 -6.8235e-04 -5.6841e-04 +1.8996e-04 -5.4222e-04 +2.5392e-04 +1.1265e-03 +2.3328e-03
-0000.00250 -1.4110e-03 -9.9065e-04 -6.6279e-04 +5.6810e-05 -6.8235e-04 -5.6841e-04 +1.8996e-04 -5.4222e-04 +2.5392e-04 +1.1265e-03 +2.3328e-03
# Horizontal Final Position [m]
START
            -0000.00498 -0000.00398 -0000.00299 -0000.00199 -0000.00100 +0000.00000 +0000.00100 +0000.00199 +0000.00299 +0000.00398 +0000.00498
+0000.00250 -4.9294e-03 -3.9391e-03 -2.9498e-03 -1.9606e-03 -9.7107e-04 +1.9272e-05 +1.0097e-03 +2.0004e-03 +2.9908e-03 +3.9791e-03 +4.9629e-03
+0000.00000 -4.9294e-03 -3.9391e-03 -2.9498e-03 -1.9606e-03 -9.7107e-04 +1.9272e-05 +1.0097e-03 +2.0004e-03 +2.9908e-03 +3.9791e-03 +4.9629e-03
-0000.00250 -4.9294e-03 -3.9391e-03 -2.9498e-03 -1.9606e-03 -9.7107e-04 +1.9272e-05 +1.0097e-03 +2.0004e-03 +2.9908e-03 +3.9791e-03 +4.9629e-03
# Vertical Final Position [m]
START
            -0000.00498 -0000.00398 -0000.00299 -0000.00199 -0000.00100 +0000.00000 +0000.00100 +0000.00199 +0000.00299 +0000.00398 +0000.00498
+0000.00250 +2.4886e-03 +2.4924e-03 +2.4950e-03 +2.5005e-03 +2.4908e-03 +2.4935e-03 +2.4987e-03 +2.4937e-03 +2.5022e-03 +2.5122e-03 +2.5274e-03
+0000.00000 +2.4886e-03 +2.4924e-03 +2.4950e-03 +2.5005e-03 +2.4908e-03 +2.4935e-03 +2.4987e-03 +2.4937e-03 +2.5022e-03 +2.5122e-03 +2.5274e-03
-0000.00250 -2.5114e-03 -2.5076e-03 -2.5050e-03 -2.4995e-03 -2.5092e-03 -2.5065e-03 -2.5013e-03 -2.5063e-03 -2.4978e-03 -2.4878e-03 -2.4726e-03
