# Author: FAC idanalysis.IDKickMap
#
# Total Length of Longitudinal Interval [m]
1.2
# Number of Horizontal Points
11
# Number of Vertical Points
3
# Total Horizontal 2nd Order Kick [T2m2]
START
            -0000.00498 -0000.00398 -0000.00299 -0000.00199 -0000.00100 +0000.00000 +0000.00100 +0000.00199 +0000.00299 +0000.00398 +0000.00498
+0000.00250 +3.0664e-03 +3.1066e-03 +2.7372e-03 +2.2101e-03 +1.6165e-03 +1.0095e-03 +4.4865e-04 -5.8789e-05 -5.1707e-04 -9.9102e-04 -1.6358e-03
+0000.00000 +3.0664e-03 +3.1066e-03 +2.7372e-03 +2.2101e-03 +1.6165e-03 +1.0095e-03 +4.4865e-04 -5.8789e-05 -5.1707e-04 -9.9102e-04 -1.6358e-03
-0000.00250 +3.0664e-03 +3.1066e-03 +2.7372e-03 +2.2101e-03 +1.6165e-03 +1.0095e-03 +4.4865e-04 -5.8789e-05 -5.1707e-04 -9.9102e-04 -1.6358e-03
# Total Vertical 2nd Order Kick [T2m2]
START
            -0000.00498 -0000.00398 -0000.00299 -0000.00199 -0000.00100 +0000.00000 +0000.00100 +0000.00199 +0000.00299 +0000.00398 +0000.00498
+0000.00250 -6.2200e-04 -2.2194e-04 +4.9371e-05 +1.9151e-04 +2.8035e-04 +3.4402e-04 +4.1229e-04 +5.3635e-04 +7.7487e-04 +1.2304e-03 +1.8584e-03
+0000.00000 -6.2200e-04 -2.2194e-04 +4.9371e-05 +1.9151e-04 +2.8035e-04 +3.4402e-04 +4.1229e-04 +5.3635e-04 +7.7487e-04 +1.2304e-03 +1.8584e-03
-0000.00250 -6.2200e-04 -2.2194e-04 +4.9371e-05 +1.9151e-04 +2.8035e-04 +3.4402e-04 +4.1229e-04 +5.3635e-04 +7.7487e-04 +1.2304e-03 +1.8584e-03
# Horizontal Final Position [m]
START
            -0000.00498 -0000.00398 -0000.00299 -0000.00199 -0000.00100 +0000.00000 +0000.00100 +0000.00199 +0000.00299 +0000.00398 +0000.00498
+0000.00250 -4.9761e-03 -3.9749e-03 -2.9782e-03 -1.9833e-03 -9.8890e-04 +5.2912e-06 +9.9994e-04 +1.9949e-03 +2.9903e-03 +3.9856e-03 +4.9796e-03
+0000.00000 -4.9761e-03 -3.9749e-03 -2.9782e-03 -1.9833e-03 -9.8890e-04 +5.2912e-06 +9.9994e-04 +1.9949e-03 +2.9903e-03 +3.9856e-03 +4.9796e-03
-0000.00250 -4.9761e-03 -3.9749e-03 -2.9782e-03 -1.9833e-03 -9.8890e-04 +5.2912e-06 +9.9994e-04 +1.9949e-03 +2.9903e-03 +3.9856e-03 +4.9796e-03
# Vertical Final Position [m]
START
            -0000.00498 -0000.00398 -0000.00299 -0000.00199 -0000.00100 +0000.00000 +0000.00100 +0000.00199 +0000.00299 +0000.00398 +0000.00498
+0000.00250 +2.4750e-03 +2.4820e-03 +2.4865e-03 +2.4892e-03 +2.4909e-03 +2.4924e-03 +2.4942e-03 +2.4970e-03 +2.5016e-03 +2.5092e-03 +2.5205e-03
+0000.00000 +2.4750e-03 +2.4820e-03 +2.4865e-03 +2.4892e-03 +2.4909e-03 +2.4924e-03 +2.4942e-03 +2.4970e-03 +2.5016e-03 +2.5092e-03 +2.5205e-03
-0000.00250 -2.5250e-03 -2.5180e-03 -2.5135e-03 -2.5108e-03 -2.5091e-03 -2.5076e-03 -2.5058e-03 -2.5030e-03 -2.4984e-03 -2.4908e-03 -2.4795e-03
