# Author: FAC idanalysis.IDKickMap
# 
# Total Length of Longitudinal Interval [m]
1.2
# Number of Horizontal Points
11
# Number of Vertical Points
3
# Total Horizontal 2nd Order Kick [T2m2]
START
            -0000.00497 -0000.00398 -0000.00298 -0000.00199 -0000.00099 +0000.00000 +0000.00099 +0000.00199 +0000.00298 +0000.00398 +0000.00497 
+0000.00250 +6.9086e-03 +5.6337e-03 +4.3473e-03 +3.1695e-03 +2.0046e-03 +8.7682e-04 -1.9196e-04 -1.1658e-03 -2.0784e-03 -2.9912e-03 -3.9818e-03 
+0000.00000 +6.9086e-03 +5.6337e-03 +4.3473e-03 +3.1695e-03 +2.0046e-03 +8.7682e-04 -1.9196e-04 -1.1658e-03 -2.0784e-03 -2.9912e-03 -3.9818e-03 
-0000.00250 +6.9086e-03 +5.6337e-03 +4.3473e-03 +3.1695e-03 +2.0046e-03 +8.7682e-04 -1.9196e-04 -1.1658e-03 -2.0784e-03 -2.9912e-03 -3.9818e-03 
# Total Vertical 2nd Order Kick [T2m2]
START
            -0000.00497 -0000.00398 -0000.00298 -0000.00199 -0000.00099 +0000.00000 +0000.00099 +0000.00199 +0000.00298 +0000.00398 +0000.00497 
+0000.00250 -2.5671e-03 -1.9829e-03 -1.5993e-03 -1.3541e-03 -1.1744e-03 -9.5317e-04 -7.0712e-04 -3.8966e-04 +3.4764e-04 +2.8308e-03 +2.2856e-03 
+0000.00000 -2.5671e-03 -1.9829e-03 -1.5993e-03 -1.3541e-03 -1.1744e-03 -9.5317e-04 -7.0712e-04 -3.8966e-04 +3.4764e-04 +2.8308e-03 +2.2856e-03 
-0000.00250 -2.5671e-03 -1.9829e-03 -1.5993e-03 -1.3541e-03 -1.1744e-03 -9.5317e-04 -7.0712e-04 -3.8966e-04 +3.4764e-04 +2.8308e-03 +2.2856e-03 
# Horizontal Final Position [m]
START
            -0000.00497 -0000.00398 -0000.00298 -0000.00199 -0000.00099 +0000.00000 +0000.00099 +0000.00199 +0000.00298 +0000.00398 +0000.00497 
+0000.00250 -4.9282e-03 -3.9415e-03 -2.9559e-03 -1.9696e-03 -9.8296e-04 +4.1894e-06 +9.9200e-04 +1.9808e-03 +2.9702e-03 +3.9599e-03 +4.9490e-03 
+0000.00000 -4.9282e-03 -3.9415e-03 -2.9559e-03 -1.9696e-03 -9.8296e-04 +4.1894e-06 +9.9200e-04 +1.9808e-03 +2.9702e-03 +3.9599e-03 +4.9490e-03 
-0000.00250 -4.9282e-03 -3.9415e-03 -2.9559e-03 -1.9696e-03 -9.8296e-04 +4.1894e-06 +9.9200e-04 +1.9808e-03 +2.9702e-03 +3.9599e-03 +4.9490e-03 
# Vertical Final Position [m]
START
            -0000.00497 -0000.00398 -0000.00298 -0000.00199 -0000.00099 +0000.00000 +0000.00099 +0000.00199 +0000.00298 +0000.00398 +0000.00497 
+0000.00250 +2.4571e-03 +2.4668e-03 +2.4729e-03 +2.4769e-03 +2.4792e-03 +2.4819e-03 +2.4849e-03 +2.4880e-03 +2.4978e-03 +2.5242e-03 +2.5237e-03 
+0000.00000 -4.2948e-05 -3.3175e-05 -2.7060e-05 -2.3092e-05 -2.0787e-05 -1.8083e-05 -1.5053e-05 -1.1970e-05 -2.2277e-06 +2.4248e-05 +2.3684e-05 
-0000.00250 -2.5429e-03 -2.5332e-03 -2.5271e-03 -2.5231e-03 -2.5208e-03 -2.5181e-03 -2.5151e-03 -2.5120e-03 -2.5022e-03 -2.4758e-03 -2.4763e-03 