# Author: FAC idanalysis.IDKickMap
# 
# Total Length of Longitudinal Interval [m]
1.2
# Number of Horizontal Points
11
# Number of Vertical Points
3
# Total Horizontal 2nd Order Kick [T2m2]
START
            -0000.00497 -0000.00398 -0000.00298 -0000.00199 -0000.00099 +0000.00000 +0000.00099 +0000.00199 +0000.00298 +0000.00398 +0000.00497 
+0000.00250 +3.1728e-03 +3.1848e-03 +2.8259e-03 +2.2880e-03 +1.6787e-03 +1.0724e-03 +5.1082e-04 +1.7118e-05 -4.5156e-04 -8.9511e-04 -1.5411e-03 
+0000.00000 +3.1728e-03 +3.1848e-03 +2.8259e-03 +2.2880e-03 +1.6787e-03 +1.0724e-03 +5.1082e-04 +1.7118e-05 -4.5156e-04 -8.9511e-04 -1.5411e-03 
-0000.00250 +3.1728e-03 +3.1848e-03 +2.8259e-03 +2.2880e-03 +1.6787e-03 +1.0724e-03 +5.1082e-04 +1.7118e-05 -4.5156e-04 -8.9511e-04 -1.5411e-03 
# Total Vertical 2nd Order Kick [T2m2]
START
            -0000.00497 -0000.00398 -0000.00298 -0000.00199 -0000.00099 +0000.00000 +0000.00099 +0000.00199 +0000.00298 +0000.00398 +0000.00497 
+0000.00250 -1.1827e-03 -6.9918e-04 -3.5433e-04 -1.3762e-04 -1.4633e-05 +4.0408e-05 +1.0743e-04 +2.3950e-04 +4.9408e-04 +9.2625e-04 +1.5649e-03 
+0000.00000 -1.1827e-03 -6.9918e-04 -3.5433e-04 -1.3762e-04 -1.4633e-05 +4.0408e-05 +1.0743e-04 +2.3950e-04 +4.9408e-04 +9.2625e-04 +1.5649e-03 
-0000.00250 -1.1827e-03 -6.9918e-04 -3.5433e-04 -1.3762e-04 -1.4633e-05 +4.0408e-05 +1.0743e-04 +2.3950e-04 +4.9408e-04 +9.2625e-04 +1.5649e-03 
# Horizontal Final Position [m]
START
            -0000.00497 -0000.00398 -0000.00298 -0000.00199 -0000.00099 +0000.00000 +0000.00099 +0000.00199 +0000.00298 +0000.00398 +0000.00497 
+0000.00250 -4.9648e-03 -3.9659e-03 -2.9713e-03 -1.9784e-03 -9.8616e-04 +6.0445e-06 +9.9870e-04 +1.9918e-03 +2.9852e-03 +3.9788e-03 +4.9709e-03 
+0000.00000 -4.9648e-03 -3.9659e-03 -2.9713e-03 -1.9784e-03 -9.8616e-04 +6.0445e-06 +9.9870e-04 +1.9918e-03 +2.9852e-03 +3.9788e-03 +4.9709e-03 
-0000.00250 -4.9648e-03 -3.9659e-03 -2.9713e-03 -1.9784e-03 -9.8616e-04 +6.0445e-06 +9.9870e-04 +1.9918e-03 +2.9852e-03 +3.9788e-03 +4.9709e-03 
# Vertical Final Position [m]
START
            -0000.00497 -0000.00398 -0000.00298 -0000.00199 -0000.00099 +0000.00000 +0000.00099 +0000.00199 +0000.00298 +0000.00398 +0000.00497 
+0000.00250 +2.4698e-03 +2.4775e-03 +2.4828e-03 +2.4860e-03 +2.4881e-03 +2.4894e-03 +2.4912e-03 +2.4940e-03 +2.4987e-03 +2.5062e-03 +2.5175e-03 
+0000.00000 -3.0227e-05 -2.2479e-05 -1.7219e-05 -1.4014e-05 -1.1948e-05 -1.0613e-05 -8.8046e-06 -5.9503e-06 -1.2611e-06 +6.2320e-06 +1.7549e-05 
-0000.00250 -2.5302e-03 -2.5225e-03 -2.5172e-03 -2.5140e-03 -2.5119e-03 -2.5106e-03 -2.5088e-03 -2.5060e-03 -2.5013e-03 -2.4938e-03 -2.4825e-03 