# Author: FAC idanalysis.IDKickMap
# 
# Total Length of Longitudinal Interval [m]
2.654
# Number of Horizontal Points
21
# Number of Vertical Points
11
# Total Horizontal 2nd Order Kick [T2m2]
START
            -0000.00400 -0000.00360 -0000.00320 -0000.00280 -0000.00240 -0000.00200 -0000.00160 -0000.00120 -0000.00080 -0000.00040 +0000.00000 +0000.00040 +0000.00080 +0000.00120 +0000.00160 +0000.00200 +0000.00240 +0000.00280 +0000.00320 +0000.00360 +0000.00400 
+0000.00250 -6.4093e-04 -5.7626e-04 -5.1177e-04 -4.4746e-04 -3.8331e-04 -3.1928e-04 -2.5536e-04 -1.9152e-04 -1.2775e-04 -6.4029e-05 -3.2606e-07 +6.3377e-05 +1.2710e-04 +1.9087e-04 +2.5470e-04 +3.1862e-04 +3.8265e-04 +4.4681e-04 +5.1111e-04 +5.7559e-04 +6.4027e-04 
+0000.00200 -6.4142e-04 -5.7670e-04 -5.1217e-04 -4.4781e-04 -3.8360e-04 -3.1952e-04 -2.5555e-04 -1.9167e-04 -1.2785e-04 -6.4078e-05 -3.2514e-07 +6.3428e-05 +1.2720e-04 +1.9102e-04 +2.5490e-04 +3.1887e-04 +3.8295e-04 +4.4715e-04 +5.1151e-04 +5.7604e-04 +6.4076e-04 
+0000.00150 -6.4180e-04 -5.7704e-04 -5.1247e-04 -4.4808e-04 -3.8383e-04 -3.1972e-04 -2.5571e-04 -1.9179e-04 -1.2793e-04 -6.4116e-05 -3.2441e-07 +6.3467e-05 +1.2728e-04 +1.9114e-04 +2.5506e-04 +3.1906e-04 +3.8318e-04 +4.4742e-04 +5.1182e-04 +5.7638e-04 +6.4114e-04 
+0000.00100 -6.4207e-04 -5.7728e-04 -5.1269e-04 -4.4827e-04 -3.8399e-04 -3.1985e-04 -2.5582e-04 -1.9187e-04 -1.2798e-04 -6.4143e-05 -3.2390e-07 +6.3495e-05 +1.2734e-04 +1.9122e-04 +2.5517e-04 +3.1920e-04 +3.8334e-04 +4.4761e-04 +5.1203e-04 +5.7662e-04 +6.4141e-04 
+0000.00050 -6.4223e-04 -5.7743e-04 -5.1282e-04 -4.4838e-04 -3.8409e-04 -3.1993e-04 -2.5588e-04 -1.9192e-04 -1.2802e-04 -6.4159e-05 -3.2358e-07 +6.3512e-05 +1.2737e-04 +1.9127e-04 +2.5523e-04 +3.1928e-04 +3.8344e-04 +4.4773e-04 +5.1216e-04 +5.7677e-04 +6.4157e-04 
+0000.00000 -6.4228e-04 -5.7747e-04 -5.1286e-04 -4.4842e-04 -3.8412e-04 -3.1996e-04 -2.5590e-04 -1.9193e-04 -1.2803e-04 -6.4164e-05 -3.2348e-07 +6.3517e-05 +1.2738e-04 +1.9128e-04 +2.5525e-04 +3.1931e-04 +3.8347e-04 +4.4776e-04 +5.1221e-04 +5.7682e-04 +6.4162e-04 
-0000.00050 -6.4223e-04 -5.7743e-04 -5.1282e-04 -4.4838e-04 -3.8409e-04 -3.1993e-04 -2.5588e-04 -1.9192e-04 -1.2802e-04 -6.4159e-05 -3.2358e-07 +6.3512e-05 +1.2737e-04 +1.9127e-04 +2.5523e-04 +3.1928e-04 +3.8344e-04 +4.4773e-04 +5.1216e-04 +5.7677e-04 +6.4157e-04 
-0000.00100 -6.4207e-04 -5.7728e-04 -5.1269e-04 -4.4827e-04 -3.8399e-04 -3.1985e-04 -2.5582e-04 -1.9187e-04 -1.2798e-04 -6.4143e-05 -3.2390e-07 +6.3495e-05 +1.2734e-04 +1.9122e-04 +2.5517e-04 +3.1920e-04 +3.8334e-04 +4.4761e-04 +5.1203e-04 +5.7662e-04 +6.4141e-04 
-0000.00150 -6.4180e-04 -5.7704e-04 -5.1247e-04 -4.4808e-04 -3.8383e-04 -3.1972e-04 -2.5571e-04 -1.9179e-04 -1.2793e-04 -6.4116e-05 -3.2441e-07 +6.3467e-05 +1.2728e-04 +1.9114e-04 +2.5506e-04 +3.1906e-04 +3.8318e-04 +4.4742e-04 +5.1182e-04 +5.7638e-04 +6.4114e-04 
-0000.00200 -6.4142e-04 -5.7670e-04 -5.1217e-04 -4.4781e-04 -3.8360e-04 -3.1952e-04 -2.5555e-04 -1.9167e-04 -1.2785e-04 -6.4078e-05 -3.2514e-07 +6.3428e-05 +1.2720e-04 +1.9102e-04 +2.5490e-04 +3.1887e-04 +3.8295e-04 +4.4715e-04 +5.1151e-04 +5.7604e-04 +6.4076e-04 
-0000.00250 -6.4093e-04 -5.7626e-04 -5.1177e-04 -4.4746e-04 -3.8331e-04 -3.1928e-04 -2.5536e-04 -1.9152e-04 -1.2775e-04 -6.4029e-05 -3.2606e-07 +6.3377e-05 +1.2710e-04 +1.9087e-04 +2.5470e-04 +3.1862e-04 +3.8265e-04 +4.4681e-04 +5.1111e-04 +5.7559e-04 +6.4027e-04 
# Total Vertical 2nd Order Kick [T2m2]
START
            -0000.00400 -0000.00360 -0000.00320 -0000.00280 -0000.00240 -0000.00200 -0000.00160 -0000.00120 -0000.00080 -0000.00040 +0000.00000 +0000.00040 +0000.00080 +0000.00120 +0000.00160 +0000.00200 +0000.00240 +0000.00280 +0000.00320 +0000.00360 +0000.00400 
+0000.00250 -2.3457e-03 -2.3453e-03 -2.3449e-03 -2.3446e-03 -2.3443e-03 -2.3440e-03 -2.3438e-03 -2.3437e-03 -2.3436e-03 -2.3435e-03 -2.3435e-03 -2.3435e-03 -2.3436e-03 -2.3437e-03 -2.3438e-03 -2.3440e-03 -2.3443e-03 -2.3446e-03 -2.3449e-03 -2.3453e-03 -2.3457e-03 
+0000.00200 -1.8728e-03 -1.8725e-03 -1.8722e-03 -1.8719e-03 -1.8717e-03 -1.8715e-03 -1.8713e-03 -1.8712e-03 -1.8711e-03 -1.8711e-03 -1.8711e-03 -1.8711e-03 -1.8711e-03 -1.8712e-03 -1.8713e-03 -1.8715e-03 -1.8717e-03 -1.8719e-03 -1.8722e-03 -1.8725e-03 -1.8728e-03 
+0000.00150 -1.4024e-03 -1.4022e-03 -1.4020e-03 -1.4018e-03 -1.4016e-03 -1.4015e-03 -1.4013e-03 -1.4013e-03 -1.4012e-03 -1.4011e-03 -1.4011e-03 -1.4011e-03 -1.4012e-03 -1.4012e-03 -1.4013e-03 -1.4015e-03 -1.4016e-03 -1.4018e-03 -1.4020e-03 -1.4022e-03 -1.4024e-03 
+0000.00100 -9.3393e-04 -9.3376e-04 -9.3361e-04 -9.3348e-04 -9.3337e-04 -9.3328e-04 -9.3320e-04 -9.3314e-04 -9.3309e-04 -9.3307e-04 -9.3306e-04 -9.3307e-04 -9.3309e-04 -9.3314e-04 -9.3320e-04 -9.3327e-04 -9.3337e-04 -9.3348e-04 -9.3361e-04 -9.3376e-04 -9.3392e-04 
+0000.00050 -4.6665e-04 -4.6657e-04 -4.6650e-04 -4.6643e-04 -4.6638e-04 -4.6633e-04 -4.6629e-04 -4.6626e-04 -4.6624e-04 -4.6622e-04 -4.6622e-04 -4.6622e-04 -4.6624e-04 -4.6626e-04 -4.6629e-04 -4.6633e-04 -4.6638e-04 -4.6643e-04 -4.6650e-04 -4.6657e-04 -4.6665e-04 
+0000.00000 +9.3835e-14 -3.0662e-14 +1.3904e-13 +8.2438e-14 +1.8399e-13 +1.4476e-13 -9.7362e-14 +2.7016e-13 +1.1511e-14 +2.9651e-14 -1.5889e-13 +1.5312e-13 -1.4225e-15 +1.8110e-13 -2.5861e-14 +1.2633e-13 +1.0925e-13 +9.7613e-15 +1.6573e-13 +1.8416e-13 -1.5193e-13 
-0000.00050 +4.6665e-04 +4.6657e-04 +4.6650e-04 +4.6643e-04 +4.6638e-04 +4.6633e-04 +4.6629e-04 +4.6626e-04 +4.6624e-04 +4.6622e-04 +4.6622e-04 +4.6622e-04 +4.6624e-04 +4.6626e-04 +4.6629e-04 +4.6633e-04 +4.6638e-04 +4.6643e-04 +4.6650e-04 +4.6657e-04 +4.6665e-04 
-0000.00100 +9.3393e-04 +9.3376e-04 +9.3361e-04 +9.3348e-04 +9.3337e-04 +9.3328e-04 +9.3320e-04 +9.3314e-04 +9.3309e-04 +9.3307e-04 +9.3306e-04 +9.3307e-04 +9.3309e-04 +9.3314e-04 +9.3320e-04 +9.3327e-04 +9.3337e-04 +9.3348e-04 +9.3361e-04 +9.3376e-04 +9.3392e-04 
-0000.00150 +1.4024e-03 +1.4022e-03 +1.4020e-03 +1.4018e-03 +1.4016e-03 +1.4015e-03 +1.4013e-03 +1.4013e-03 +1.4012e-03 +1.4011e-03 +1.4011e-03 +1.4011e-03 +1.4012e-03 +1.4012e-03 +1.4013e-03 +1.4015e-03 +1.4016e-03 +1.4018e-03 +1.4020e-03 +1.4022e-03 +1.4024e-03 
-0000.00200 +1.8728e-03 +1.8725e-03 +1.8722e-03 +1.8719e-03 +1.8717e-03 +1.8715e-03 +1.8713e-03 +1.8712e-03 +1.8711e-03 +1.8711e-03 +1.8711e-03 +1.8711e-03 +1.8711e-03 +1.8712e-03 +1.8713e-03 +1.8715e-03 +1.8717e-03 +1.8719e-03 +1.8722e-03 +1.8725e-03 +1.8728e-03 
-0000.00250 +2.3457e-03 +2.3453e-03 +2.3449e-03 +2.3446e-03 +2.3443e-03 +2.3440e-03 +2.3438e-03 +2.3437e-03 +2.3436e-03 +2.3435e-03 +2.3435e-03 +2.3435e-03 +2.3436e-03 +2.3437e-03 +2.3438e-03 +2.3440e-03 +2.3443e-03 +2.3446e-03 +2.3449e-03 +2.3453e-03 +2.3457e-03 
# Horizontal Final Position [m]
START
            -0000.00400 -0000.00360 -0000.00320 -0000.00280 -0000.00240 -0000.00200 -0000.00160 -0000.00120 -0000.00080 -0000.00040 +0000.00000 +0000.00040 +0000.00080 +0000.00120 +0000.00160 +0000.00200 +0000.00240 +0000.00280 +0000.00320 +0000.00360 +0000.00400 
+0000.00250 -4.0203e-03 -3.6187e-03 -3.2171e-03 -2.8154e-03 -2.4138e-03 -2.0121e-03 -1.6105e-03 -1.2089e-03 -8.0724e-04 -4.0561e-04 -3.9841e-06 +3.9764e-04 +7.9927e-04 +1.2009e-03 +1.6025e-03 +2.0042e-03 +2.4058e-03 +2.8074e-03 +3.2091e-03 +3.6107e-03 +4.0124e-03 
+0000.00200 -4.0204e-03 -3.6187e-03 -3.2171e-03 -2.8154e-03 -2.4138e-03 -2.0121e-03 -1.6105e-03 -1.2089e-03 -8.0724e-04 -4.0561e-04 -3.9829e-06 +3.9765e-04 +7.9928e-04 +1.2009e-03 +1.6025e-03 +2.0042e-03 +2.4058e-03 +2.8075e-03 +3.2091e-03 +3.6108e-03 +4.0124e-03 
+0000.00150 -4.0204e-03 -3.6187e-03 -3.2171e-03 -2.8154e-03 -2.4138e-03 -2.0121e-03 -1.6105e-03 -1.2089e-03 -8.0724e-04 -4.0561e-04 -3.9820e-06 +3.9765e-04 +7.9928e-04 +1.2009e-03 +1.6025e-03 +2.0042e-03 +2.4058e-03 +2.8075e-03 +3.2091e-03 +3.6108e-03 +4.0124e-03 
+0000.00100 -4.0204e-03 -3.6187e-03 -3.2171e-03 -2.8154e-03 -2.4138e-03 -2.0121e-03 -1.6105e-03 -1.2089e-03 -8.0724e-04 -4.0561e-04 -3.9813e-06 +3.9765e-04 +7.9928e-04 +1.2009e-03 +1.6026e-03 +2.0042e-03 +2.4058e-03 +2.8075e-03 +3.2091e-03 +3.6108e-03 +4.0124e-03 
+0000.00050 -4.0204e-03 -3.6187e-03 -3.2171e-03 -2.8154e-03 -2.4138e-03 -2.0121e-03 -1.6105e-03 -1.2089e-03 -8.0724e-04 -4.0561e-04 -3.9809e-06 +3.9765e-04 +7.9928e-04 +1.2009e-03 +1.6026e-03 +2.0042e-03 +2.4058e-03 +2.8075e-03 +3.2091e-03 +3.6108e-03 +4.0124e-03 
+0000.00000 -4.0204e-03 -3.6187e-03 -3.2171e-03 -2.8154e-03 -2.4138e-03 -2.0121e-03 -1.6105e-03 -1.2089e-03 -8.0724e-04 -4.0561e-04 -3.9807e-06 +3.9765e-04 +7.9928e-04 +1.2009e-03 +1.6026e-03 +2.0042e-03 +2.4058e-03 +2.8075e-03 +3.2091e-03 +3.6108e-03 +4.0124e-03 
-0000.00050 -4.0204e-03 -3.6187e-03 -3.2171e-03 -2.8154e-03 -2.4138e-03 -2.0121e-03 -1.6105e-03 -1.2089e-03 -8.0724e-04 -4.0561e-04 -3.9809e-06 +3.9765e-04 +7.9928e-04 +1.2009e-03 +1.6026e-03 +2.0042e-03 +2.4058e-03 +2.8075e-03 +3.2091e-03 +3.6108e-03 +4.0124e-03 
-0000.00100 -4.0204e-03 -3.6187e-03 -3.2171e-03 -2.8154e-03 -2.4138e-03 -2.0121e-03 -1.6105e-03 -1.2089e-03 -8.0724e-04 -4.0561e-04 -3.9813e-06 +3.9765e-04 +7.9928e-04 +1.2009e-03 +1.6026e-03 +2.0042e-03 +2.4058e-03 +2.8075e-03 +3.2091e-03 +3.6108e-03 +4.0124e-03 
-0000.00150 -4.0204e-03 -3.6187e-03 -3.2171e-03 -2.8154e-03 -2.4138e-03 -2.0121e-03 -1.6105e-03 -1.2089e-03 -8.0724e-04 -4.0561e-04 -3.9820e-06 +3.9765e-04 +7.9928e-04 +1.2009e-03 +1.6025e-03 +2.0042e-03 +2.4058e-03 +2.8075e-03 +3.2091e-03 +3.6108e-03 +4.0124e-03 
-0000.00200 -4.0204e-03 -3.6187e-03 -3.2171e-03 -2.8154e-03 -2.4138e-03 -2.0121e-03 -1.6105e-03 -1.2089e-03 -8.0724e-04 -4.0561e-04 -3.9829e-06 +3.9765e-04 +7.9928e-04 +1.2009e-03 +1.6025e-03 +2.0042e-03 +2.4058e-03 +2.8075e-03 +3.2091e-03 +3.6108e-03 +4.0124e-03 
-0000.00250 -4.0203e-03 -3.6187e-03 -3.2171e-03 -2.8154e-03 -2.4138e-03 -2.0121e-03 -1.6105e-03 -1.2089e-03 -8.0724e-04 -4.0561e-04 -3.9841e-06 +3.9764e-04 +7.9927e-04 +1.2009e-03 +1.6025e-03 +2.0042e-03 +2.4058e-03 +2.8074e-03 +3.2091e-03 +3.6107e-03 +4.0124e-03 
# Vertical Final Position [m]
START
            -0000.00400 -0000.00360 -0000.00320 -0000.00280 -0000.00240 -0000.00200 -0000.00160 -0000.00120 -0000.00080 -0000.00040 +0000.00000 +0000.00040 +0000.00080 +0000.00120 +0000.00160 +0000.00200 +0000.00240 +0000.00280 +0000.00320 +0000.00360 +0000.00400 
+0000.00250 +2.4400e-03 +2.4400e-03 +2.4400e-03 +2.4400e-03 +2.4400e-03 +2.4400e-03 +2.4400e-03 +2.4400e-03 +2.4400e-03 +2.4400e-03 +2.4400e-03 +2.4400e-03 +2.4400e-03 +2.4400e-03 +2.4400e-03 +2.4400e-03 +2.4400e-03 +2.4400e-03 +2.4400e-03 +2.4400e-03 +2.4400e-03 
+0000.00200 +1.9521e-03 +1.9521e-03 +1.9521e-03 +1.9521e-03 +1.9521e-03 +1.9521e-03 +1.9521e-03 +1.9521e-03 +1.9521e-03 +1.9521e-03 +1.9521e-03 +1.9521e-03 +1.9521e-03 +1.9521e-03 +1.9521e-03 +1.9521e-03 +1.9521e-03 +1.9521e-03 +1.9521e-03 +1.9521e-03 +1.9521e-03 
+0000.00150 +1.4641e-03 +1.4641e-03 +1.4641e-03 +1.4641e-03 +1.4641e-03 +1.4641e-03 +1.4641e-03 +1.4641e-03 +1.4641e-03 +1.4641e-03 +1.4641e-03 +1.4641e-03 +1.4641e-03 +1.4641e-03 +1.4641e-03 +1.4641e-03 +1.4641e-03 +1.4641e-03 +1.4641e-03 +1.4641e-03 +1.4641e-03 
+0000.00100 +9.7611e-04 +9.7611e-04 +9.7611e-04 +9.7612e-04 +9.7612e-04 +9.7612e-04 +9.7612e-04 +9.7612e-04 +9.7612e-04 +9.7613e-04 +9.7613e-04 +9.7612e-04 +9.7612e-04 +9.7612e-04 +9.7612e-04 +9.7612e-04 +9.7611e-04 +9.7611e-04 +9.7611e-04 +9.7610e-04 +9.7610e-04 
+0000.00050 +4.8806e-04 +4.8806e-04 +4.8807e-04 +4.8807e-04 +4.8807e-04 +4.8807e-04 +4.8807e-04 +4.8807e-04 +4.8807e-04 +4.8807e-04 +4.8807e-04 +4.8807e-04 +4.8807e-04 +4.8807e-04 +4.8807e-04 +4.8807e-04 +4.8807e-04 +4.8806e-04 +4.8806e-04 +4.8806e-04 +4.8806e-04 
+0000.00000 +6.8515e-15 +5.3941e-15 +6.6496e-15 +6.4832e-15 +4.8061e-15 +5.4316e-15 +2.1988e-15 +3.7736e-15 +1.5049e-15 +1.0124e-15 +1.0503e-15 +1.4404e-17 +8.9853e-16 +1.9841e-16 -2.1801e-15 -8.1715e-16 -9.5187e-16 -3.8217e-15 -2.3548e-15 -4.0519e-15 -4.1073e-15 
-0000.00050 -4.8806e-04 -4.8806e-04 -4.8807e-04 -4.8807e-04 -4.8807e-04 -4.8807e-04 -4.8807e-04 -4.8807e-04 -4.8807e-04 -4.8807e-04 -4.8807e-04 -4.8807e-04 -4.8807e-04 -4.8807e-04 -4.8807e-04 -4.8807e-04 -4.8807e-04 -4.8806e-04 -4.8806e-04 -4.8806e-04 -4.8806e-04 
-0000.00100 -9.7611e-04 -9.7611e-04 -9.7611e-04 -9.7612e-04 -9.7612e-04 -9.7612e-04 -9.7612e-04 -9.7612e-04 -9.7612e-04 -9.7613e-04 -9.7613e-04 -9.7612e-04 -9.7612e-04 -9.7612e-04 -9.7612e-04 -9.7612e-04 -9.7611e-04 -9.7611e-04 -9.7611e-04 -9.7610e-04 -9.7610e-04 
-0000.00150 -1.4641e-03 -1.4641e-03 -1.4641e-03 -1.4641e-03 -1.4641e-03 -1.4641e-03 -1.4641e-03 -1.4641e-03 -1.4641e-03 -1.4641e-03 -1.4641e-03 -1.4641e-03 -1.4641e-03 -1.4641e-03 -1.4641e-03 -1.4641e-03 -1.4641e-03 -1.4641e-03 -1.4641e-03 -1.4641e-03 -1.4641e-03 
-0000.00200 -1.9521e-03 -1.9521e-03 -1.9521e-03 -1.9521e-03 -1.9521e-03 -1.9521e-03 -1.9521e-03 -1.9521e-03 -1.9521e-03 -1.9521e-03 -1.9521e-03 -1.9521e-03 -1.9521e-03 -1.9521e-03 -1.9521e-03 -1.9521e-03 -1.9521e-03 -1.9521e-03 -1.9521e-03 -1.9521e-03 -1.9521e-03 
-0000.00250 -2.4400e-03 -2.4400e-03 -2.4400e-03 -2.4400e-03 -2.4400e-03 -2.4400e-03 -2.4400e-03 -2.4400e-03 -2.4400e-03 -2.4400e-03 -2.4400e-03 -2.4400e-03 -2.4400e-03 -2.4400e-03 -2.4400e-03 -2.4400e-03 -2.4400e-03 -2.4400e-03 -2.4400e-03 -2.4400e-03 -2.4400e-03 