# Author: FAC idanalysis.IDKickMap
# 
# Total Length of Longitudinal Interval [m]
2
# Number of Horizontal Points
9
# Number of Vertical Points
9
# Total Horizontal 2nd Order Kick [T2m2]
START
            -0000.00400 -0000.00300 -0000.00200 -0000.00100 +0000.00000 +0000.00100 +0000.00200 +0000.00300 +0000.00400 
+0000.00200 +2.1101e-08 +1.0352e-07 -3.5641e-08 -1.3855e-07 -4.6833e-09 +1.2943e-07 +2.6902e-08 -1.1187e-07 -2.8770e-08 
+0000.00150 -1.0350e-08 +3.2684e-08 -2.4205e-08 -6.5349e-08 -4.5763e-09 +5.6333e-08 +1.5527e-08 -4.0841e-08 +3.0023e-09 
+0000.00100 -2.4700e-08 +2.2194e-09 -1.9478e-08 -3.4971e-08 -4.5294e-09 +2.6027e-08 +1.0873e-08 -1.0245e-08 +1.7517e-08 
+0000.00050 -3.1183e-08 -1.0322e-08 -1.7685e-08 -2.2910e-08 -4.5184e-09 +1.3987e-08 +9.1150e-09 +2.3622e-09 +2.4079e-08 
+0000.00000 -3.3099e-08 -1.3764e-08 -1.7258e-08 -1.9734e-08 -4.5377e-09 +1.0777e-08 +8.6670e-09 +5.8050e-09 +2.6016e-08 
-0000.00050 -3.1281e-08 -1.0419e-08 -1.7776e-08 -2.2993e-08 -4.5872e-09 +1.3942e-08 +9.1038e-09 +2.3956e-09 +2.4166e-08 
-0000.00100 -2.4897e-08 +2.0254e-09 -1.9662e-08 -3.5138e-08 -4.6694e-09 +2.5934e-08 +1.0848e-08 -1.0181e-08 +1.7689e-08 
-0000.00150 -1.0645e-08 +3.2391e-08 -2.4482e-08 -6.5603e-08 -4.7926e-09 +5.6185e-08 +1.5483e-08 -4.0751e-08 +3.2562e-09 
-0000.00200 +2.0705e-08 +1.0313e-07 -3.6014e-08 -1.3890e-07 -4.9844e-09 +1.2921e-07 +2.6832e-08 -1.1176e-07 -2.8440e-08 
# Total Vertical 2nd Order Kick [T2m2]
START
            -0000.00400 -0000.00300 -0000.00200 -0000.00100 +0000.00000 +0000.00100 +0000.00200 +0000.00300 +0000.00400 
+0000.00200 -3.8534e-05 -3.8344e-05 -3.8241e-05 -3.8393e-05 -3.8535e-05 -3.8393e-05 -3.8242e-05 -3.8345e-05 -3.8535e-05 
+0000.00150 -2.5581e-05 -2.5500e-05 -2.5455e-05 -2.5519e-05 -2.5577e-05 -2.5520e-05 -2.5456e-05 -2.5501e-05 -2.5582e-05 
+0000.00100 -1.5585e-05 -1.5550e-05 -1.5530e-05 -1.5557e-05 -1.5581e-05 -1.5557e-05 -1.5531e-05 -1.5550e-05 -1.5585e-05 
+0000.00050 -7.3718e-06 -7.3587e-06 -7.3513e-06 -7.3609e-06 -7.3693e-06 -7.3609e-06 -7.3513e-06 -7.3587e-06 -7.3719e-06 
+0000.00000 +1.7680e-09 +1.8655e-09 +1.9597e-09 +2.0470e-09 +2.1232e-09 +2.1808e-09 +2.2095e-09 +2.1988e-09 +2.1389e-09 
-0000.00050 +7.3754e-06 +7.3624e-06 +7.3552e-06 +7.3650e-06 +7.3736e-06 +7.3652e-06 +7.3557e-06 +7.3631e-06 +7.3762e-06 
-0000.00100 +1.5588e-05 +1.5554e-05 +1.5534e-05 +1.5561e-05 +1.5585e-05 +1.5562e-05 +1.5535e-05 +1.5555e-05 +1.5590e-05 
-0000.00150 +2.5584e-05 +2.5504e-05 +2.5459e-05 +2.5524e-05 +2.5582e-05 +2.5524e-05 +2.5460e-05 +2.5505e-05 +2.5586e-05 
-0000.00200 +3.8537e-05 +3.8348e-05 +3.8245e-05 +3.8397e-05 +3.8540e-05 +3.8398e-05 +3.8247e-05 +3.8350e-05 +3.8540e-05 
# Horizontal Final Position [m]
START
            -0000.00400 -0000.00300 -0000.00200 -0000.00100 +0000.00000 +0000.00100 +0000.00200 +0000.00300 +0000.00400 
+0000.00200 -4.0008e-03 -3.0008e-03 -2.0008e-03 -1.0008e-03 -7.9017e-07 +9.9921e-04 +1.9992e-03 +2.9992e-03 +3.9992e-03 
+0000.00150 -4.0008e-03 -3.0008e-03 -2.0008e-03 -1.0008e-03 -7.8935e-07 +9.9921e-04 +1.9992e-03 +2.9992e-03 +3.9992e-03 
+0000.00100 -4.0008e-03 -3.0008e-03 -2.0008e-03 -1.0008e-03 -7.8908e-07 +9.9921e-04 +1.9992e-03 +2.9992e-03 +3.9992e-03 
+0000.00050 -4.0008e-03 -3.0008e-03 -2.0008e-03 -1.0008e-03 -7.8901e-07 +9.9921e-04 +1.9992e-03 +2.9992e-03 +3.9992e-03 
+0000.00000 -4.0008e-03 -3.0008e-03 -2.0008e-03 -1.0008e-03 -7.8900e-07 +9.9921e-04 +1.9992e-03 +2.9992e-03 +3.9992e-03 
-0000.00050 -4.0008e-03 -3.0008e-03 -2.0008e-03 -1.0008e-03 -7.8901e-07 +9.9921e-04 +1.9992e-03 +2.9992e-03 +3.9992e-03 
-0000.00100 -4.0008e-03 -3.0008e-03 -2.0008e-03 -1.0008e-03 -7.8908e-07 +9.9921e-04 +1.9992e-03 +2.9992e-03 +3.9992e-03 
-0000.00150 -4.0008e-03 -3.0008e-03 -2.0008e-03 -1.0008e-03 -7.8935e-07 +9.9921e-04 +1.9992e-03 +2.9992e-03 +3.9992e-03 
-0000.00200 -4.0008e-03 -3.0008e-03 -2.0008e-03 -1.0008e-03 -7.9017e-07 +9.9921e-04 +1.9992e-03 +2.9992e-03 +3.9992e-03 
# Vertical Final Position [m]
START
            -0000.00400 -0000.00300 -0000.00200 -0000.00100 +0000.00000 +0000.00100 +0000.00200 +0000.00300 +0000.00400 
+0000.00200 +1.9999e-03 +1.9999e-03 +1.9999e-03 +1.9999e-03 +1.9999e-03 +1.9999e-03 +1.9999e-03 +1.9999e-03 +1.9999e-03 
+0000.00150 +1.4999e-03 +1.4999e-03 +1.4999e-03 +1.4999e-03 +1.4999e-03 +1.4999e-03 +1.5000e-03 +1.5000e-03 +1.4999e-03 
+0000.00100 +9.9997e-04 +9.9997e-04 +9.9997e-04 +9.9997e-04 +9.9997e-04 +9.9997e-04 +9.9997e-04 +9.9997e-04 +9.9997e-04 
+0000.00050 +4.9999e-04 +4.9998e-04 +4.9998e-04 +4.9999e-04 +4.9999e-04 +4.9999e-04 +4.9999e-04 +4.9999e-04 +4.9999e-04 
+0000.00000 +8.1812e-12 +8.5293e-12 +8.8302e-12 +9.0791e-12 +9.2580e-12 +9.3452e-12 +9.3250e-12 +9.1862e-12 +8.9122e-12 
-0000.00050 -4.9999e-04 -4.9998e-04 -4.9998e-04 -4.9999e-04 -4.9999e-04 -4.9999e-04 -4.9999e-04 -4.9999e-04 -4.9999e-04 
-0000.00100 -9.9997e-04 -9.9997e-04 -9.9997e-04 -9.9997e-04 -9.9997e-04 -9.9997e-04 -9.9997e-04 -9.9997e-04 -9.9997e-04 
-0000.00150 -1.4999e-03 -1.4999e-03 -1.4999e-03 -1.4999e-03 -1.4999e-03 -1.4999e-03 -1.5000e-03 -1.5000e-03 -1.4999e-03 
-0000.00200 -1.9999e-03 -1.9999e-03 -1.9999e-03 -1.9999e-03 -1.9999e-03 -1.9999e-03 -1.9999e-03 -1.9999e-03 -1.9999e-03 