# Author: FAC idanalysis.IDKickMap
# 
# Total Length of Longitudinal Interval [m]
2
# Number of Horizontal Points
9
# Number of Vertical Points
9
# Total Horizontal 2nd Order Kick [T2m2]
START
            -0000.00400 -0000.00300 -0000.00200 -0000.00100 +0000.00000 +0000.00100 +0000.00200 +0000.00300 +0000.00400 
+0000.00200 -3.7773e-08 -2.5965e-08 -1.8249e-08 -1.2166e-08 -5.9905e-09 +3.0337e-10 +6.7347e-09 +1.5011e-08 +2.7547e-08 
+0000.00150 -3.9723e-08 -2.7357e-08 -1.8817e-08 -1.2128e-08 -5.8783e-09 +4.8227e-10 +7.4974e-09 +1.6558e-08 +2.9601e-08 
+0000.00100 -4.0895e-08 -2.8177e-08 -1.9184e-08 -1.2152e-08 -5.7954e-09 +6.6601e-10 +8.0064e-09 +1.7490e-08 +3.0846e-08 
+0000.00050 -4.1521e-08 -2.8611e-08 -1.9388e-08 -1.2176e-08 -5.7399e-09 +7.9592e-10 +8.3027e-09 +1.7995e-08 +3.1516e-08 
+0000.00000 -4.1736e-08 -2.8756e-08 -1.9454e-08 -1.2179e-08 -5.7105e-09 +8.5506e-10 +8.4155e-09 +1.8173e-08 +3.1747e-08 
-0000.00050 -4.1583e-08 -2.8642e-08 -1.9392e-08 -1.2158e-08 -5.7065e-09 +8.4041e-10 +8.3552e-09 +1.8054e-08 +3.1583e-08 
-0000.00100 -4.1019e-08 -2.8238e-08 -1.9191e-08 -1.2115e-08 -5.7273e-09 +7.5570e-10 +8.1117e-09 +1.7608e-08 +3.0979e-08 
-0000.00150 -3.9909e-08 -2.7446e-08 -1.8823e-08 -1.2069e-08 -5.7731e-09 +6.1864e-10 +7.6562e-09 +1.6736e-08 +2.9799e-08 
-0000.00200 -3.8019e-08 -2.6079e-08 -1.8249e-08 -1.2080e-08 -5.8445e-09 +4.8857e-10 +6.9477e-09 +1.5248e-08 +2.7809e-08 
# Total Vertical 2nd Order Kick [T2m2]
START
            -0000.00400 -0000.00300 -0000.00200 -0000.00100 +0000.00000 +0000.00100 +0000.00200 +0000.00300 +0000.00400 
+0000.00200 -4.9746e-06 -4.9703e-06 -4.9678e-06 -4.9674e-06 -4.9677e-06 -4.9679e-06 -4.9688e-06 -4.9716e-06 -4.9762e-06 
+0000.00150 -3.3221e-06 -3.3195e-06 -3.3180e-06 -3.3176e-06 -3.3177e-06 -3.3179e-06 -3.3187e-06 -3.3205e-06 -3.3233e-06 
+0000.00100 -2.0321e-06 -2.0306e-06 -2.0297e-06 -2.0294e-06 -2.0295e-06 -2.0297e-06 -2.0302e-06 -2.0313e-06 -2.0329e-06 
+0000.00050 -9.6302e-07 -9.6233e-07 -9.6191e-07 -9.6177e-07 -9.6181e-07 -9.6194e-07 -9.6222e-07 -9.6275e-07 -9.6352e-07 
+0000.00000 +1.4869e-09 +1.5336e-09 +1.5509e-09 +1.5437e-09 +1.5179e-09 +1.4787e-09 +1.4302e-09 +1.3742e-09 +1.3113e-09 
-0000.00050 +9.6600e-07 +9.6540e-07 +9.6502e-07 +9.6487e-07 +9.6485e-07 +9.6490e-07 +9.6508e-07 +9.6550e-07 +9.6615e-07 
-0000.00100 +2.0351e-06 +2.0337e-06 +2.0328e-06 +2.0325e-06 +2.0325e-06 +2.0326e-06 +2.0331e-06 +2.0341e-06 +2.0356e-06 
-0000.00150 +3.3252e-06 +3.3227e-06 +3.3211e-06 +3.3207e-06 +3.3207e-06 +3.3209e-06 +3.3216e-06 +3.3233e-06 +3.3260e-06 
-0000.00200 +4.9778e-06 +4.9735e-06 +4.9710e-06 +4.9705e-06 +4.9708e-06 +4.9709e-06 +4.9717e-06 +4.9744e-06 +4.9789e-06 
# Horizontal Final Position [m]
START
            -0000.00400 -0000.00300 -0000.00200 -0000.00100 +0000.00000 +0000.00100 +0000.00200 +0000.00300 +0000.00400 
+0000.00200 -4.0006e-03 -3.0006e-03 -2.0006e-03 -1.0006e-03 -5.6550e-07 +9.9944e-04 +1.9994e-03 +2.9994e-03 +3.9994e-03 
+0000.00150 -4.0006e-03 -3.0006e-03 -2.0006e-03 -1.0006e-03 -5.6417e-07 +9.9944e-04 +1.9994e-03 +2.9994e-03 +3.9994e-03 
+0000.00100 -4.0005e-03 -3.0006e-03 -2.0006e-03 -1.0006e-03 -5.6321e-07 +9.9944e-04 +1.9994e-03 +2.9994e-03 +3.9995e-03 
+0000.00050 -4.0005e-03 -3.0006e-03 -2.0006e-03 -1.0006e-03 -5.6262e-07 +9.9944e-04 +1.9994e-03 +2.9994e-03 +3.9995e-03 
+0000.00000 -4.0005e-03 -3.0006e-03 -2.0006e-03 -1.0006e-03 -5.6242e-07 +9.9944e-04 +1.9994e-03 +2.9994e-03 +3.9995e-03 
-0000.00050 -4.0005e-03 -3.0006e-03 -2.0006e-03 -1.0006e-03 -5.6262e-07 +9.9944e-04 +1.9994e-03 +2.9994e-03 +3.9995e-03 
-0000.00100 -4.0005e-03 -3.0006e-03 -2.0006e-03 -1.0006e-03 -5.6321e-07 +9.9944e-04 +1.9994e-03 +2.9994e-03 +3.9995e-03 
-0000.00150 -4.0006e-03 -3.0006e-03 -2.0006e-03 -1.0006e-03 -5.6417e-07 +9.9944e-04 +1.9994e-03 +2.9994e-03 +3.9994e-03 
-0000.00200 -4.0006e-03 -3.0006e-03 -2.0006e-03 -1.0006e-03 -5.6550e-07 +9.9944e-04 +1.9994e-03 +2.9994e-03 +3.9994e-03 
# Vertical Final Position [m]
START
            -0000.00400 -0000.00300 -0000.00200 -0000.00100 +0000.00000 +0000.00100 +0000.00200 +0000.00300 +0000.00400 
+0000.00200 +2.0000e-03 +2.0000e-03 +2.0000e-03 +2.0000e-03 +2.0000e-03 +2.0000e-03 +2.0000e-03 +2.0000e-03 +2.0000e-03 
+0000.00150 +1.5000e-03 +1.5000e-03 +1.5000e-03 +1.5000e-03 +1.5000e-03 +1.5000e-03 +1.5000e-03 +1.5000e-03 +1.5000e-03 
+0000.00100 +1.0000e-03 +1.0000e-03 +1.0000e-03 +1.0000e-03 +1.0000e-03 +9.9999e-04 +9.9999e-04 +9.9999e-04 +9.9999e-04 
+0000.00050 +5.0000e-04 +5.0000e-04 +5.0000e-04 +5.0000e-04 +5.0000e-04 +5.0000e-04 +5.0000e-04 +5.0000e-04 +4.9999e-04 
+0000.00000 +6.1724e-12 +6.3363e-12 +6.4200e-12 +6.4322e-12 +6.3839e-12 +6.2854e-12 +6.1449e-12 +5.9678e-12 +5.7563e-12 
-0000.00050 -5.0000e-04 -5.0000e-04 -5.0000e-04 -5.0000e-04 -5.0000e-04 -5.0000e-04 -5.0000e-04 -5.0000e-04 -4.9999e-04 
-0000.00100 -1.0000e-03 -1.0000e-03 -1.0000e-03 -1.0000e-03 -1.0000e-03 -9.9999e-04 -9.9999e-04 -9.9999e-04 -9.9999e-04 
-0000.00150 -1.5000e-03 -1.5000e-03 -1.5000e-03 -1.5000e-03 -1.5000e-03 -1.5000e-03 -1.5000e-03 -1.5000e-03 -1.5000e-03 
-0000.00200 -2.0000e-03 -2.0000e-03 -2.0000e-03 -2.0000e-03 -2.0000e-03 -2.0000e-03 -2.0000e-03 -2.0000e-03 -2.0000e-03 