# Author: FAC idanalysis.IDKickMap
# 
# Total Length of Longitudinal Interval [m]
2
# Number of Horizontal Points
9
# Number of Vertical Points
9
# Total Horizontal 2nd Order Kick [T2m2]
START
            -0000.00400 -0000.00300 -0000.00200 -0000.00100 +0000.00000 +0000.00100 +0000.00200 +0000.00300 +0000.00400 
+0000.00200 +6.9992e-06 +4.2055e-06 -4.9891e-07 -5.6594e-06 +5.6692e-09 +5.7223e-06 +5.5452e-07 -4.1433e-06 -6.9495e-06 
+0000.00150 +1.5255e-06 +2.2697e-06 -3.4599e-07 -2.7863e-06 -8.7458e-09 +2.7783e-06 +3.3852e-07 -2.2735e-06 -1.5300e-06 
+0000.00100 +5.0596e-07 +1.1197e-06 -2.0397e-07 -1.2950e-06 -6.9504e-09 +1.2840e-06 +1.9515e-07 -1.1255e-06 -5.0889e-07 
+0000.00050 +2.2295e-07 +5.9765e-07 -1.2728e-07 -6.8098e-07 -6.2828e-09 +6.6987e-07 +1.1847e-07 -6.0355e-07 -2.2535e-07 
+0000.00000 +1.5783e-07 +4.5265e-07 -1.0436e-07 -5.1759e-07 -6.1169e-09 +5.0651e-07 +9.5554e-08 -4.5857e-07 -1.6022e-07 
-0000.00050 +2.2252e-07 +5.9700e-07 -1.2778e-07 -6.8122e-07 -6.2745e-09 +6.7011e-07 +1.1892e-07 -6.0302e-07 -2.2510e-07 
-0000.00100 +5.0494e-07 +1.1183e-06 -2.0499e-07 -1.2955e-06 -6.9281e-09 +1.2845e-06 +1.9606e-07 -1.1243e-06 -5.0825e-07 
-0000.00150 +1.5235e-06 +2.2674e-06 -3.4756e-07 -2.7870e-06 -8.6967e-09 +2.7790e-06 +3.3993e-07 -2.2715e-06 -1.5286e-06 
-0000.00200 +6.9952e-06 +4.2021e-06 -5.0106e-07 -5.6604e-06 +5.7801e-09 +5.7233e-06 +5.5651e-07 -4.1403e-06 -6.9464e-06 
# Total Vertical 2nd Order Kick [T2m2]
START
            -0000.00400 -0000.00300 -0000.00200 -0000.00100 +0000.00000 +0000.00100 +0000.00200 +0000.00300 +0000.00400 
+0000.00200 -1.9336e-04 -1.7931e-04 -1.7782e-04 -1.8059e-04 -1.9730e-04 -1.8060e-04 -1.7783e-04 -1.7932e-04 -1.9334e-04 
+0000.00150 -1.2353e-04 -1.1871e-04 -1.1748e-04 -1.1960e-04 -1.2407e-04 -1.1960e-04 -1.1748e-04 -1.1871e-04 -1.2354e-04 
+0000.00100 -7.3951e-05 -7.2201e-05 -7.1515e-05 -7.2626e-05 -7.4106e-05 -7.2628e-05 -7.1517e-05 -7.2204e-05 -7.3955e-05 
+0000.00050 -3.4707e-05 -3.4115e-05 -3.3833e-05 -3.4275e-05 -3.4758e-05 -3.4276e-05 -3.3834e-05 -3.4116e-05 -3.4708e-05 
+0000.00000 -1.4940e-09 -9.2842e-10 -3.4515e-10 +2.7243e-11 +1.4412e-10 +1.9459e-11 -3.2361e-10 -8.1833e-10 -1.2314e-09 
-0000.00050 +3.4703e-05 +3.4113e-05 +3.3833e-05 +3.4275e-05 +3.4759e-05 +3.4276e-05 +3.3834e-05 +3.4114e-05 +3.4706e-05 
-0000.00100 +7.3948e-05 +7.2199e-05 +7.1514e-05 +7.2626e-05 +7.4107e-05 +7.2629e-05 +7.1517e-05 +7.2202e-05 +7.3952e-05 
-0000.00150 +1.2353e-04 +1.1871e-04 +1.1748e-04 +1.1960e-04 +1.2407e-04 +1.1961e-04 +1.1748e-04 +1.1871e-04 +1.2353e-04 
-0000.00200 +1.9336e-04 +1.7931e-04 +1.7782e-04 +1.8060e-04 +1.9730e-04 +1.8060e-04 +1.7783e-04 +1.7932e-04 +1.9334e-04 
# Horizontal Final Position [m]
START
            -0000.00400 -0000.00300 -0000.00200 -0000.00100 +0000.00000 +0000.00100 +0000.00200 +0000.00300 +0000.00400 
+0000.00200 -4.0014e-03 -3.0014e-03 -2.0014e-03 -1.0014e-03 -1.3782e-06 +9.9863e-04 +1.9986e-03 +2.9986e-03 +3.9986e-03 
+0000.00150 -4.0015e-03 -3.0014e-03 -2.0014e-03 -1.0014e-03 -1.4342e-06 +9.9857e-04 +1.9986e-03 +2.9985e-03 +3.9985e-03 
+0000.00100 -4.0015e-03 -3.0015e-03 -2.0014e-03 -1.0014e-03 -1.4401e-06 +9.9856e-04 +1.9986e-03 +2.9985e-03 +3.9985e-03 
+0000.00050 -4.0015e-03 -3.0015e-03 -2.0015e-03 -1.0014e-03 -1.4421e-06 +9.9856e-04 +1.9986e-03 +2.9985e-03 +3.9985e-03 
+0000.00000 -4.0015e-03 -3.0015e-03 -2.0015e-03 -1.0014e-03 -1.4427e-06 +9.9856e-04 +1.9985e-03 +2.9985e-03 +3.9985e-03 
-0000.00050 -4.0015e-03 -3.0015e-03 -2.0015e-03 -1.0014e-03 -1.4421e-06 +9.9856e-04 +1.9986e-03 +2.9985e-03 +3.9985e-03 
-0000.00100 -4.0015e-03 -3.0015e-03 -2.0014e-03 -1.0014e-03 -1.4401e-06 +9.9856e-04 +1.9986e-03 +2.9985e-03 +3.9985e-03 
-0000.00150 -4.0015e-03 -3.0014e-03 -2.0014e-03 -1.0014e-03 -1.4342e-06 +9.9857e-04 +1.9986e-03 +2.9985e-03 +3.9985e-03 
-0000.00200 -4.0014e-03 -3.0014e-03 -2.0014e-03 -1.0014e-03 -1.3782e-06 +9.9863e-04 +1.9986e-03 +2.9986e-03 +3.9986e-03 
# Vertical Final Position [m]
START
            -0000.00400 -0000.00300 -0000.00200 -0000.00100 +0000.00000 +0000.00100 +0000.00200 +0000.00300 +0000.00400 
+0000.00200 +1.9996e-03 +1.9996e-03 +1.9996e-03 +1.9996e-03 +1.9996e-03 +1.9997e-03 +1.9997e-03 +1.9997e-03 +1.9996e-03 
+0000.00150 +1.4997e-03 +1.4998e-03 +1.4998e-03 +1.4998e-03 +1.4998e-03 +1.4998e-03 +1.4998e-03 +1.4998e-03 +1.4998e-03 
+0000.00100 +9.9984e-04 +9.9985e-04 +9.9985e-04 +9.9985e-04 +9.9985e-04 +9.9986e-04 +9.9986e-04 +9.9986e-04 +9.9986e-04 
+0000.00050 +4.9993e-04 +4.9993e-04 +4.9993e-04 +4.9993e-04 +4.9993e-04 +4.9993e-04 +4.9994e-04 +4.9994e-04 +4.9994e-04 
+0000.00000 +3.8004e-12 +5.2795e-12 +6.8982e-12 +8.0967e-12 +8.5328e-12 +8.0859e-12 +6.9530e-12 +5.5152e-12 +4.3270e-12 
-0000.00050 -4.9993e-04 -4.9993e-04 -4.9993e-04 -4.9993e-04 -4.9993e-04 -4.9993e-04 -4.9994e-04 -4.9994e-04 -4.9994e-04 
-0000.00100 -9.9984e-04 -9.9985e-04 -9.9985e-04 -9.9985e-04 -9.9985e-04 -9.9986e-04 -9.9986e-04 -9.9986e-04 -9.9986e-04 
-0000.00150 -1.4997e-03 -1.4998e-03 -1.4998e-03 -1.4998e-03 -1.4998e-03 -1.4998e-03 -1.4998e-03 -1.4998e-03 -1.4998e-03 
-0000.00200 -1.9996e-03 -1.9996e-03 -1.9996e-03 -1.9996e-03 -1.9996e-03 -1.9997e-03 -1.9997e-03 -1.9997e-03 -1.9996e-03 