# Author: FAC idanalysis.IDKickMap
# 
# Total Length of Longitudinal Interval [m]
2
# Number of Horizontal Points
9
# Number of Vertical Points
9
# Total Horizontal 2nd Order Kick [T2m2]
START
            -0000.00400 -0000.00300 -0000.00200 -0000.00100 +0000.00000 +0000.00100 +0000.00200 +0000.00300 +0000.00400 
+0000.00200 -3.1782e-08 -1.5654e-08 -1.6099e-08 -1.6273e-08 -4.0189e-09 +8.3317e-09 +8.3909e-09 +8.2297e-09 +2.4667e-08 
+0000.00150 -3.7880e-08 -2.2139e-08 -1.6671e-08 -1.2679e-08 -3.9505e-09 +4.8527e-09 +9.0388e-09 +1.4767e-08 +3.0802e-08 
+0000.00100 -4.1609e-08 -2.5520e-08 -1.7260e-08 -1.1319e-08 -3.9045e-09 +3.5729e-09 +9.6847e-09 +1.8185e-08 +3.4552e-08 
+0000.00050 -4.3658e-08 -2.7201e-08 -1.7676e-08 -1.0851e-08 -3.8764e-09 +3.1546e-09 +1.0137e-08 +1.9890e-08 +3.6611e-08 
+0000.00000 -4.4365e-08 -2.7763e-08 -1.7861e-08 -1.0761e-08 -3.8642e-09 +3.0870e-09 +1.0338e-08 +2.0460e-08 +3.7319e-08 
-0000.00050 -4.3834e-08 -2.7365e-08 -1.7805e-08 -1.0919e-08 -3.8670e-09 +3.2399e-09 +1.0278e-08 +2.0057e-08 +3.6780e-08 
-0000.00100 -4.1963e-08 -2.5853e-08 -1.7525e-08 -1.1460e-08 -3.8853e-09 +3.7488e-09 +9.9744e-09 +1.8527e-08 +3.4893e-08 
-0000.00150 -3.8419e-08 -2.2655e-08 -1.7086e-08 -1.2902e-08 -3.9208e-09 +5.1305e-09 +9.4933e-09 +1.5297e-08 +3.1321e-08 
-0000.00200 -3.2514e-08 -1.6372e-08 -1.6688e-08 -1.6595e-08 -3.9774e-09 +8.7303e-09 +9.0371e-09 +8.9693e-09 +2.5373e-08 
# Total Vertical 2nd Order Kick [T2m2]
START
            -0000.00400 -0000.00300 -0000.00200 -0000.00100 +0000.00000 +0000.00100 +0000.00200 +0000.00300 +0000.00400 
+0000.00200 -1.3569e-05 -1.3550e-05 -1.3540e-05 -1.3547e-05 -1.3554e-05 -1.3547e-05 -1.3540e-05 -1.3551e-05 -1.3569e-05 
+0000.00150 -9.0393e-06 -9.0293e-06 -9.0237e-06 -9.0259e-06 -9.0287e-06 -9.0261e-06 -9.0240e-06 -9.0297e-06 -9.0398e-06 
+0000.00100 -5.5194e-06 -5.5140e-06 -5.5109e-06 -5.5115e-06 -5.5126e-06 -5.5116e-06 -5.5112e-06 -5.5143e-06 -5.5197e-06 
+0000.00050 -2.6136e-06 -2.6111e-06 -2.6097e-06 -2.6097e-06 -2.6100e-06 -2.6098e-06 -2.6098e-06 -2.6112e-06 -2.6137e-06 
+0000.00000 +2.1090e-09 +2.2794e-09 +2.4268e-09 +2.5263e-09 +2.5561e-09 +2.5082e-09 +2.3939e-09 +2.2384e-09 +2.0694e-09 
-0000.00050 +2.6178e-06 +2.6156e-06 +2.6145e-06 +2.6148e-06 +2.6152e-06 +2.6148e-06 +2.6146e-06 +2.6157e-06 +2.6179e-06 
-0000.00100 +5.5237e-06 +5.5186e-06 +5.5158e-06 +5.5166e-06 +5.5178e-06 +5.5167e-06 +5.5160e-06 +5.5188e-06 +5.5239e-06 
-0000.00150 +9.0435e-06 +9.0339e-06 +9.0286e-06 +9.0311e-06 +9.0340e-06 +9.0313e-06 +9.0289e-06 +9.0342e-06 +9.0439e-06 
-0000.00200 +1.3573e-05 +1.3555e-05 +1.3545e-05 +1.3552e-05 +1.3559e-05 +1.3552e-05 +1.3545e-05 +1.3555e-05 +1.3573e-05 
# Horizontal Final Position [m]
START
            -0000.00400 -0000.00300 -0000.00200 -0000.00100 +0000.00000 +0000.00100 +0000.00200 +0000.00300 +0000.00400 
+0000.00200 -4.0006e-03 -3.0006e-03 -2.0006e-03 -1.0006e-03 -6.4540e-07 +9.9936e-04 +1.9994e-03 +2.9994e-03 +3.9994e-03 
+0000.00150 -4.0006e-03 -3.0006e-03 -2.0006e-03 -1.0006e-03 -6.4468e-07 +9.9936e-04 +1.9994e-03 +2.9994e-03 +3.9994e-03 
+0000.00100 -4.0006e-03 -3.0006e-03 -2.0006e-03 -1.0006e-03 -6.4417e-07 +9.9936e-04 +1.9994e-03 +2.9994e-03 +3.9994e-03 
+0000.00050 -4.0006e-03 -3.0006e-03 -2.0006e-03 -1.0006e-03 -6.4387e-07 +9.9936e-04 +1.9994e-03 +2.9994e-03 +3.9994e-03 
+0000.00000 -4.0006e-03 -3.0006e-03 -2.0006e-03 -1.0006e-03 -6.4377e-07 +9.9936e-04 +1.9994e-03 +2.9994e-03 +3.9994e-03 
-0000.00050 -4.0006e-03 -3.0006e-03 -2.0006e-03 -1.0006e-03 -6.4387e-07 +9.9936e-04 +1.9994e-03 +2.9994e-03 +3.9994e-03 
-0000.00100 -4.0006e-03 -3.0006e-03 -2.0006e-03 -1.0006e-03 -6.4417e-07 +9.9936e-04 +1.9994e-03 +2.9994e-03 +3.9994e-03 
-0000.00150 -4.0006e-03 -3.0006e-03 -2.0006e-03 -1.0006e-03 -6.4468e-07 +9.9936e-04 +1.9994e-03 +2.9994e-03 +3.9994e-03 
-0000.00200 -4.0006e-03 -3.0006e-03 -2.0006e-03 -1.0006e-03 -6.4540e-07 +9.9936e-04 +1.9994e-03 +2.9994e-03 +3.9994e-03 
# Vertical Final Position [m]
START
            -0000.00400 -0000.00300 -0000.00200 -0000.00100 +0000.00000 +0000.00100 +0000.00200 +0000.00300 +0000.00400 
+0000.00200 +2.0000e-03 +2.0000e-03 +2.0000e-03 +2.0000e-03 +2.0000e-03 +2.0000e-03 +2.0000e-03 +2.0000e-03 +2.0000e-03 
+0000.00150 +1.5000e-03 +1.5000e-03 +1.5000e-03 +1.5000e-03 +1.5000e-03 +1.5000e-03 +1.5000e-03 +1.5000e-03 +1.5000e-03 
+0000.00100 +9.9999e-04 +9.9999e-04 +9.9999e-04 +9.9999e-04 +9.9999e-04 +9.9999e-04 +9.9999e-04 +9.9999e-04 +9.9998e-04 
+0000.00050 +5.0000e-04 +5.0000e-04 +5.0000e-04 +5.0000e-04 +4.9999e-04 +4.9999e-04 +4.9999e-04 +4.9999e-04 +4.9999e-04 
+0000.00000 +7.6960e-12 +8.1334e-12 +8.5005e-12 +8.7448e-12 +8.8190e-12 +8.7057e-12 +8.4289e-12 +8.0429e-12 +7.6069e-12 
-0000.00050 -5.0000e-04 -5.0000e-04 -5.0000e-04 -5.0000e-04 -4.9999e-04 -4.9999e-04 -4.9999e-04 -4.9999e-04 -4.9999e-04 
-0000.00100 -9.9999e-04 -9.9999e-04 -9.9999e-04 -9.9999e-04 -9.9999e-04 -9.9999e-04 -9.9999e-04 -9.9999e-04 -9.9998e-04 
-0000.00150 -1.5000e-03 -1.5000e-03 -1.5000e-03 -1.5000e-03 -1.5000e-03 -1.5000e-03 -1.5000e-03 -1.5000e-03 -1.5000e-03 
-0000.00200 -2.0000e-03 -2.0000e-03 -2.0000e-03 -2.0000e-03 -2.0000e-03 -2.0000e-03 -2.0000e-03 -2.0000e-03 -2.0000e-03 