# Author: FAC idanalysis.IDKickMap
#
# Total Length of Longitudinal Interval [m]
3.4
# Number of Horizontal Points
21
# Number of Vertical Points
11
# Total Horizontal 2nd Order Kick [T2m2]
START
            -0000.00400 -0000.00360 -0000.00320 -0000.00280 -0000.00240 -0000.00200 -0000.00160 -0000.00120 -0000.00080 -0000.00040 +0000.00000 +0000.00040 +0000.00080 +0000.00120 +0000.00160 +0000.00200 +0000.00240 +0000.00280 +0000.00320 +0000.00360 +0000.00400
+0000.00250 -2.8124e-04 -2.9660e-04 -3.0760e-04 -3.1208e-04 -3.0731e-04 -2.9010e-04 -2.5715e-04 -2.0592e-04 -1.3591e-04 -4.9891e-05 +4.5603e-05 +1.4146e-04 +2.2847e-04 +2.9994e-04 +3.5285e-04 +3.8753e-04 +4.0641e-04 +4.1271e-04 +4.0961e-04 +3.9986e-04 +3.8560e-04
+0000.00200 -2.6621e-04 -2.7653e-04 -2.8172e-04 -2.7995e-04 -2.6918e-04 -2.4735e-04 -2.1271e-04 -1.6440e-04 -1.0303e-04 -3.1186e-05 +4.6636e-05 +1.2469e-04 +1.9721e-04 +2.5959e-04 +3.0914e-04 +3.4513e-04 +3.6832e-04 +3.8042e-04 +3.8344e-04 +3.7943e-04 +3.7019e-04
+0000.00150 -2.5658e-04 -2.6362e-04 -2.6516e-04 -2.5967e-04 -2.4560e-04 -2.2154e-04 -1.8658e-04 -1.4059e-04 -8.4570e-05 -2.0792e-05 +4.7303e-05 +1.1557e-04 +1.7985e-04 +2.3664e-04 +2.8360e-04 +3.1966e-04 +3.4487e-04 +3.6012e-04 +3.6675e-04 +3.6630e-04 +3.6030e-04
+0000.00100 -2.5076e-04 -2.5577e-04 -2.5512e-04 -2.4747e-04 -2.3157e-04 -2.0642e-04 -1.7152e-04 -1.2708e-04 -7.4211e-05 -1.4988e-05 +4.7721e-05 +1.1057e-04 +1.7020e-04 +2.2369e-04 +2.6895e-04 +3.0480e-04 +3.3097e-04 +3.4793e-04 +3.5664e-04 +3.5834e-04 +3.5433e-04
+0000.00050 -2.4769e-04 -2.5159e-04 -2.4976e-04 -2.4097e-04 -2.2415e-04 -1.9849e-04 -1.6370e-04 -1.2012e-04 -6.8915e-05 -1.2026e-05 +4.7954e-05 +1.0805e-04 +1.6530e-04 +2.1707e-04 +2.6138e-04 +2.9704e-04 +3.2365e-04 +3.4147e-04 +3.5126e-04 +3.5410e-04 +3.5118e-04
+0000.00000 -2.4674e-04 -2.5028e-04 -2.4807e-04 -2.3894e-04 -2.2184e-04 -1.9603e-04 -1.6127e-04 -1.1797e-04 -6.7284e-05 -1.1113e-05 +4.8029e-05 +1.0729e-04 +1.6380e-04 +2.1503e-04 +2.5904e-04 +2.9463e-04 +3.2137e-04 +3.3945e-04 +3.4958e-04 +3.5277e-04 +3.5020e-04
-0000.00050 -2.4769e-04 -2.5158e-04 -2.4975e-04 -2.4097e-04 -2.2415e-04 -1.9849e-04 -1.6369e-04 -1.2011e-04 -6.8911e-05 -1.2022e-05 +4.7958e-05 +1.0806e-04 +1.6530e-04 +2.1707e-04 +2.6138e-04 +2.9704e-04 +3.2365e-04 +3.4147e-04 +3.5126e-04 +3.5410e-04 +3.5118e-04
-0000.00100 -2.5076e-04 -2.5576e-04 -2.5511e-04 -2.4746e-04 -2.3156e-04 -2.0641e-04 -1.7151e-04 -1.2707e-04 -7.4202e-05 -1.4979e-05 +4.7730e-05 +1.1058e-04 +1.7020e-04 +2.2370e-04 +2.6896e-04 +3.0480e-04 +3.3097e-04 +3.4793e-04 +3.5664e-04 +3.5833e-04 +3.5433e-04
-0000.00150 -2.5657e-04 -2.6361e-04 -2.6515e-04 -2.5966e-04 -2.4558e-04 -2.2153e-04 -1.8657e-04 -1.4058e-04 -8.4554e-05 -2.0776e-05 +4.7318e-05 +1.1558e-04 +1.7986e-04 +2.3665e-04 +2.8361e-04 +3.1967e-04 +3.4488e-04 +3.6012e-04 +3.6675e-04 +3.6630e-04 +3.6030e-04
-0000.00200 -2.6620e-04 -2.7652e-04 -2.8170e-04 -2.7993e-04 -2.6916e-04 -2.4733e-04 -2.1269e-04 -1.6437e-04 -1.0301e-04 -3.1159e-05 +4.6663e-05 +1.2472e-04 +1.9724e-04 +2.5961e-04 +3.0916e-04 +3.4514e-04 +3.6833e-04 +3.8042e-04 +3.8344e-04 +3.7943e-04 +3.7019e-04
-0000.00250 -2.8122e-04 -2.9658e-04 -3.0758e-04 -3.1206e-04 -3.0729e-04 -2.9007e-04 -2.5711e-04 -2.0588e-04 -1.3586e-04 -4.9844e-05 +4.5651e-05 +1.4150e-04 +2.2852e-04 +2.9998e-04 +3.5288e-04 +3.8756e-04 +4.0642e-04 +4.1272e-04 +4.0962e-04 +3.9986e-04 +3.8560e-04
# Total Vertical 2nd Order Kick [T2m2]
START
            -0000.00400 -0000.00360 -0000.00320 -0000.00280 -0000.00240 -0000.00200 -0000.00160 -0000.00120 -0000.00080 -0000.00040 +0000.00000 +0000.00040 +0000.00080 +0000.00120 +0000.00160 +0000.00200 +0000.00240 +0000.00280 +0000.00320 +0000.00360 +0000.00400
+0000.00250 -5.3990e-04 -5.5700e-04 -5.7949e-04 -6.0811e-04 -6.4321e-04 -6.8424e-04 -7.2927e-04 -7.7451e-04 -8.1434e-04 -8.4231e-04 -8.5305e-04 -8.4438e-04 -8.1822e-04 -7.7977e-04 -7.3545e-04 -6.9092e-04 -6.5006e-04 -6.1493e-04 -5.8612e-04 -5.6338e-04 -5.4598e-04
+0000.00200 -4.0880e-04 -4.2004e-04 -4.3474e-04 -4.5321e-04 -4.7538e-04 -5.0063e-04 -5.2750e-04 -5.5364e-04 -5.7602e-04 -5.9142e-04 -5.9733e-04 -5.9277e-04 -5.7859e-04 -5.5721e-04 -5.3178e-04 -5.0538e-04 -4.8039e-04 -4.5828e-04 -4.3977e-04 -4.2494e-04 -4.1354e-04
+0000.00150 -2.9286e-04 -2.9990e-04 -3.0912e-04 -3.2062e-04 -3.3425e-04 -3.4949e-04 -3.6541e-04 -3.8060e-04 -3.9337e-04 -4.0206e-04 -4.0541e-04 -4.0293e-04 -3.9505e-04 -3.8296e-04 -3.6830e-04 -3.5276e-04 -3.3773e-04 -3.2421e-04 -3.1273e-04 -3.0346e-04 -2.9633e-04
+0000.00100 -1.8839e-04 -1.9245e-04 -1.9778e-04 -2.0442e-04 -2.1223e-04 -2.2088e-04 -2.2980e-04 -2.3822e-04 -2.4523e-04 -2.4997e-04 -2.5181e-04 -2.5050e-04 -2.4625e-04 -2.3967e-04 -2.3160e-04 -2.2292e-04 -2.1443e-04 -2.0671e-04 -2.0010e-04 -1.9476e-04 -1.9066e-04
+0000.00050 -9.1565e-05 -9.3407e-05 -9.5839e-05 -9.8866e-05 -1.0242e-04 -1.0633e-04 -1.1035e-04 -1.1411e-04 -1.1723e-04 -1.1933e-04 -1.2015e-04 -1.1958e-04 -1.1771e-04 -1.1480e-04 -1.1120e-04 -1.0731e-04 -1.0348e-04 -9.9979e-05 -9.6972e-05 -9.4538e-05 -9.2678e-05
+0000.00000 +1.4481e-06 +1.4521e-06 +1.4558e-06 +1.4591e-06 +1.4622e-06 +1.4650e-06 +1.4676e-06 +1.4701e-06 +1.4724e-06 +1.4744e-06 +1.4761e-06 +1.4774e-06 +1.4780e-06 +1.4780e-06 +1.4774e-06 +1.4760e-06 +1.4741e-06 +1.4715e-06 +1.4684e-06 +1.4648e-06 +1.4608e-06
-0000.00050 +9.4461e-05 +9.6311e-05 +9.8751e-05 +1.0178e-04 +1.0534e-04 +1.0926e-04 +1.1328e-04 +1.1705e-04 +1.2017e-04 +1.2228e-04 +1.2310e-04 +1.2253e-04 +1.2067e-04 +1.1775e-04 +1.1416e-04 +1.1026e-04 +1.0643e-04 +1.0292e-04 +9.9909e-05 +9.7467e-05 +9.5600e-05
-0000.00100 +1.9129e-04 +1.9535e-04 +2.0069e-04 +2.0733e-04 +2.1515e-04 +2.2381e-04 +2.3274e-04 +2.4116e-04 +2.4818e-04 +2.5292e-04 +2.5476e-04 +2.5346e-04 +2.4921e-04 +2.4263e-04 +2.3455e-04 +2.2587e-04 +2.1738e-04 +2.0965e-04 +2.0304e-04 +1.9769e-04 +1.9358e-04
-0000.00150 +2.9576e-04 +3.0281e-04 +3.1203e-04 +3.2353e-04 +3.3717e-04 +3.5242e-04 +3.6834e-04 +3.8353e-04 +3.9631e-04 +4.0501e-04 +4.0836e-04 +4.0589e-04 +3.9801e-04 +3.8592e-04 +3.7126e-04 +3.5571e-04 +3.4068e-04 +3.2715e-04 +3.1566e-04 +3.0639e-04 +2.9925e-04
-0000.00200 +4.1170e-04 +4.2294e-04 +4.3765e-04 +4.5612e-04 +4.7831e-04 +5.0356e-04 +5.3043e-04 +5.5658e-04 +5.7896e-04 +5.9437e-04 +6.0028e-04 +5.9572e-04 +5.8154e-04 +5.6016e-04 +5.3474e-04 +5.0834e-04 +4.8333e-04 +4.6122e-04 +4.4270e-04 +4.2787e-04 +4.1646e-04
-0000.00250 +5.4279e-04 +5.5990e-04 +5.8240e-04 +6.1103e-04 +6.4613e-04 +6.8717e-04 +7.3221e-04 +7.7745e-04 +8.1729e-04 +8.4526e-04 +8.5600e-04 +8.4733e-04 +8.2117e-04 +7.8273e-04 +7.3840e-04 +6.9387e-04 +6.5301e-04 +6.1786e-04 +5.8905e-04 +5.6630e-04 +5.4890e-04
# Horizontal Final Position [m]
START
            -0000.00400 -0000.00360 -0000.00320 -0000.00280 -0000.00240 -0000.00200 -0000.00160 -0000.00120 -0000.00080 -0000.00040 +0000.00000 +0000.00040 +0000.00080 +0000.00120 +0000.00160 +0000.00200 +0000.00240 +0000.00280 +0000.00320 +0000.00360 +0000.00400
+0000.00250 -4.0012e-03 -3.6013e-03 -3.2014e-03 -2.8014e-03 -2.4014e-03 -2.0013e-03 -1.6012e-03 -1.2010e-03 -8.0068e-04 -4.0033e-04 +6.2358e-08 +4.0046e-04 +8.0082e-04 +1.2011e-03 +1.6013e-03 +2.0015e-03 +2.4016e-03 +2.8016e-03 +3.2016e-03 +3.6016e-03 +4.0015e-03
+0000.00200 -4.0012e-03 -3.6012e-03 -3.2012e-03 -2.8012e-03 -2.4012e-03 -2.0011e-03 -1.6010e-03 -1.2008e-03 -8.0053e-04 -4.0024e-04 +8.3475e-08 +4.0041e-04 +8.0071e-04 +1.2010e-03 +1.6012e-03 +2.0013e-03 +2.4014e-03 +2.8015e-03 +3.2015e-03 +3.6015e-03 +4.0014e-03
+0000.00150 -4.0011e-03 -3.6012e-03 -3.2012e-03 -2.8011e-03 -2.4011e-03 -2.0010e-03 -1.6009e-03 -1.2007e-03 -8.0044e-04 -4.0018e-04 +9.9759e-08 +4.0038e-04 +8.0065e-04 +1.2009e-03 +1.6011e-03 +2.0012e-03 +2.4013e-03 +2.8014e-03 +3.2014e-03 +3.6014e-03 +4.0014e-03
+0000.00100 -4.0011e-03 -3.6011e-03 -3.2011e-03 -2.8011e-03 -2.4010e-03 -2.0009e-03 -1.6008e-03 -1.2006e-03 -8.0039e-04 -4.0014e-04 +1.1298e-07 +4.0037e-04 +8.0062e-04 +1.2008e-03 +1.6010e-03 +2.0012e-03 +2.4013e-03 +2.8014e-03 +3.2014e-03 +3.6014e-03 +4.0014e-03
+0000.00050 -4.0011e-03 -3.6011e-03 -3.2011e-03 -2.8011e-03 -2.4010e-03 -2.0009e-03 -1.6007e-03 -1.2006e-03 -8.0036e-04 -4.0012e-04 +1.2426e-07 +4.0037e-04 +8.0061e-04 +1.2008e-03 +1.6010e-03 +2.0011e-03 +2.4013e-03 +2.8013e-03 +3.2014e-03 +3.6014e-03 +4.0014e-03
+0000.00000 -4.0011e-03 -3.6011e-03 -3.2011e-03 -2.8010e-03 -2.4010e-03 -2.0009e-03 -1.6007e-03 -1.2005e-03 -8.0034e-04 -4.0011e-04 +1.3435e-07 +4.0038e-04 +8.0061e-04 +1.2008e-03 +1.6010e-03 +2.0011e-03 +2.4013e-03 +2.8013e-03 +3.2014e-03 +3.6014e-03 +4.0014e-03
-0000.00050 -4.0011e-03 -3.6011e-03 -3.2011e-03 -2.8010e-03 -2.4010e-03 -2.0009e-03 -1.6007e-03 -1.2005e-03 -8.0034e-04 -4.0010e-04 +1.4385e-07 +4.0039e-04 +8.0062e-04 +1.2008e-03 +1.6010e-03 +2.0012e-03 +2.4013e-03 +2.8013e-03 +3.2014e-03 +3.6014e-03 +4.0014e-03
-0000.00100 -4.0011e-03 -3.6011e-03 -3.2011e-03 -2.8011e-03 -2.4010e-03 -2.0009e-03 -1.6007e-03 -1.2006e-03 -8.0035e-04 -4.0010e-04 +1.5329e-07 +4.0041e-04 +8.0065e-04 +1.2009e-03 +1.6011e-03 +2.0012e-03 +2.4013e-03 +2.8014e-03 +3.2014e-03 +3.6014e-03 +4.0014e-03
-0000.00150 -4.0011e-03 -3.6011e-03 -3.2011e-03 -2.8011e-03 -2.4010e-03 -2.0009e-03 -1.6008e-03 -1.2006e-03 -8.0038e-04 -4.0012e-04 +1.6320e-07 +4.0044e-04 +8.0070e-04 +1.2009e-03 +1.6011e-03 +2.0013e-03 +2.4014e-03 +2.8014e-03 +3.2015e-03 +3.6015e-03 +4.0014e-03
-0000.00200 -4.0011e-03 -3.6012e-03 -3.2012e-03 -2.8012e-03 -2.4011e-03 -2.0010e-03 -1.6009e-03 -1.2007e-03 -8.0044e-04 -4.0015e-04 +1.7422e-07 +4.0049e-04 +8.0079e-04 +1.2010e-03 +1.6012e-03 +2.0014e-03 +2.4015e-03 +2.8015e-03 +3.2015e-03 +3.6015e-03 +4.0015e-03
-0000.00250 -4.0012e-03 -3.6013e-03 -3.2013e-03 -2.8013e-03 -2.4013e-03 -2.0012e-03 -1.6011e-03 -1.2009e-03 -8.0056e-04 -4.0021e-04 +1.8720e-07 +4.0058e-04 +8.0093e-04 +1.2012e-03 +1.6014e-03 +2.0016e-03 +2.4016e-03 +2.8017e-03 +3.2016e-03 +3.6016e-03 +4.0015e-03
# Vertical Final Position [m]
START
            -0000.00400 -0000.00360 -0000.00320 -0000.00280 -0000.00240 -0000.00200 -0000.00160 -0000.00120 -0000.00080 -0000.00040 +0000.00000 +0000.00040 +0000.00080 +0000.00120 +0000.00160 +0000.00200 +0000.00240 +0000.00280 +0000.00320 +0000.00360 +0000.00400
+0000.00250 +2.4979e-03 +2.4978e-03 +2.4977e-03 +2.4976e-03 +2.4974e-03 +2.4972e-03 +2.4970e-03 +2.4968e-03 +2.4967e-03 +2.4965e-03 +2.4965e-03 +2.4965e-03 +2.4966e-03 +2.4967e-03 +2.4969e-03 +2.4971e-03 +2.4973e-03 +2.4974e-03 +2.4975e-03 +2.4976e-03 +2.4977e-03
+0000.00200 +1.9984e-03 +1.9983e-03 +1.9983e-03 +1.9982e-03 +1.9981e-03 +1.9980e-03 +1.9979e-03 +1.9977e-03 +1.9976e-03 +1.9976e-03 +1.9975e-03 +1.9975e-03 +1.9976e-03 +1.9977e-03 +1.9978e-03 +1.9979e-03 +1.9980e-03 +1.9980e-03 +1.9981e-03 +1.9982e-03 +1.9982e-03
+0000.00150 +1.4989e-03 +1.4988e-03 +1.4988e-03 +1.4987e-03 +1.4987e-03 +1.4986e-03 +1.4985e-03 +1.4985e-03 +1.4984e-03 +1.4983e-03 +1.4983e-03 +1.4983e-03 +1.4983e-03 +1.4984e-03 +1.4984e-03 +1.4985e-03 +1.4986e-03 +1.4986e-03 +1.4986e-03 +1.4987e-03 +1.4987e-03
+0000.00100 +9.9928e-04 +9.9926e-04 +9.9923e-04 +9.9920e-04 +9.9916e-04 +9.9912e-04 +9.9908e-04 +9.9903e-04 +9.9900e-04 +9.9897e-04 +9.9895e-04 +9.9895e-04 +9.9896e-04 +9.9898e-04 +9.9900e-04 +9.9903e-04 +9.9906e-04 +9.9909e-04 +9.9911e-04 +9.9913e-04 +9.9915e-04
+0000.00050 +4.9967e-04 +4.9966e-04 +4.9965e-04 +4.9963e-04 +4.9961e-04 +4.9959e-04 +4.9956e-04 +4.9954e-04 +4.9952e-04 +4.9950e-04 +4.9949e-04 +4.9949e-04 +4.9949e-04 +4.9949e-04 +4.9950e-04 +4.9951e-04 +4.9952e-04 +4.9953e-04 +4.9954e-04 +4.9955e-04 +4.9955e-04
+0000.00000 +5.2610e-08 +4.8777e-08 +4.4461e-08 +3.9626e-08 +3.4246e-08 +2.8317e-08 +2.1863e-08 +1.4942e-08 +7.6529e-09 +1.2723e-10 -7.4741e-09 -1.4976e-08 -2.2208e-08 -2.9019e-08 -3.5289e-08 -4.0940e-08 -4.5934e-08 -5.0268e-08 -5.3968e-08 -5.7078e-08 -5.9656e-08
-0000.00050 -4.9956e-04 -4.9956e-04 -4.9956e-04 -4.9955e-04 -4.9954e-04 -4.9953e-04 -4.9952e-04 -4.9951e-04 -4.9950e-04 -4.9950e-04 -4.9951e-04 -4.9952e-04 -4.9953e-04 -4.9955e-04 -4.9957e-04 -4.9960e-04 -4.9962e-04 -4.9963e-04 -4.9965e-04 -4.9966e-04 -4.9967e-04
-0000.00100 -9.9916e-04 -9.9915e-04 -9.9913e-04 -9.9911e-04 -9.9909e-04 -9.9906e-04 -9.9903e-04 -9.9900e-04 -9.9898e-04 -9.9897e-04 -9.9897e-04 -9.9898e-04 -9.9901e-04 -9.9904e-04 -9.9908e-04 -9.9912e-04 -9.9916e-04 -9.9920e-04 -9.9923e-04 -9.9926e-04 -9.9927e-04
-0000.00150 -1.4987e-03 -1.4987e-03 -1.4987e-03 -1.4986e-03 -1.4986e-03 -1.4985e-03 -1.4985e-03 -1.4984e-03 -1.4984e-03 -1.4983e-03 -1.4983e-03 -1.4984e-03 -1.4984e-03 -1.4985e-03 -1.4985e-03 -1.4986e-03 -1.4987e-03 -1.4987e-03 -1.4988e-03 -1.4988e-03 -1.4988e-03
-0000.00200 -1.9982e-03 -1.9982e-03 -1.9981e-03 -1.9981e-03 -1.9980e-03 -1.9979e-03 -1.9978e-03 -1.9977e-03 -1.9976e-03 -1.9976e-03 -1.9976e-03 -1.9976e-03 -1.9977e-03 -1.9977e-03 -1.9979e-03 -1.9980e-03 -1.9981e-03 -1.9982e-03 -1.9983e-03 -1.9983e-03 -1.9984e-03
-0000.00250 -2.4977e-03 -2.4976e-03 -2.4975e-03 -2.4974e-03 -2.4973e-03 -2.4971e-03 -2.4970e-03 -2.4968e-03 -2.4966e-03 -2.4965e-03 -2.4965e-03 -2.4966e-03 -2.4967e-03 -2.4968e-03 -2.4970e-03 -2.4972e-03 -2.4974e-03 -2.4975e-03 -2.4977e-03 -2.4978e-03 -2.4978e-03
