# Author: FAC idanalysis.IDKickMap
#
# Total Length of Longitudinal Interval [m]
3.4
# Number of Horizontal Points
21
# Number of Vertical Points
11
# Total Horizontal 2nd Order Kick [T2m2]
START
            -0000.00400 -0000.00360 -0000.00320 -0000.00280 -0000.00240 -0000.00200 -0000.00160 -0000.00120 -0000.00080 -0000.00040 +0000.00000 +0000.00040 +0000.00080 +0000.00120 +0000.00160 +0000.00200 +0000.00240 +0000.00280 +0000.00320 +0000.00360 +0000.00400
+0000.00250 +1.0083e-04 +1.0643e-04 +1.1224e-04 +1.1785e-04 +1.2250e-04 +1.2495e-04 +1.2342e-04 +1.1586e-04 +1.0079e-04 +7.8419e-05 +5.1531e-05 +2.4858e-05 +3.1140e-06 -1.1007e-05 -1.7384e-05 -1.7624e-05 -1.3852e-05 -7.9114e-06 -1.0895e-06 +5.8435e-06 +1.2488e-05
+0000.00200 +9.6590e-05 +1.0046e-04 +1.0403e-04 +1.0688e-04 +1.0844e-04 +1.0788e-04 +1.0429e-04 +9.6833e-05 +8.5155e-05 +6.9783e-05 +5.2284e-05 +3.4939e-05 +2.0019e-05 +9.0444e-06 +2.4815e-06 -9.1749e-08 +4.3266e-07 +3.0776e-06 +7.0077e-06 +1.1607e-05 +1.6466e-05
+0000.00150 +9.2899e-05 +9.5509e-05 +9.7554e-05 +9.8707e-05 +9.8552e-05 +9.6617e-05 +9.2444e-05 +8.5731e-05 +7.6494e-05 +6.5204e-05 +5.2800e-05 +4.0515e-05 +2.9575e-05 +2.0889e-05 +1.4892e-05 +1.1556e-05 +1.0535e-05 +1.1334e-05 +1.3452e-05 +1.6451e-05 +1.9992e-05
+0000.00100 +9.0113e-05 +9.1889e-05 +9.2990e-05 +9.3161e-05 +9.2122e-05 +8.9594e-05 +8.5362e-05 +7.9347e-05 +7.1677e-05 +6.2735e-05 +5.3137e-05 +4.3637e-05 +3.4984e-05 +2.7776e-05 +2.2370e-05 +1.8862e-05 +1.7142e-05 +1.6962e-05 +1.8022e-05 +2.0018e-05 +2.2682e-05
+0000.00050 +8.8398e-05 +8.9708e-05 +9.0301e-05 +8.9974e-05 +8.8521e-05 +8.5764e-05 +8.1599e-05 +7.6034e-05 +6.9228e-05 +6.1505e-05 +5.3327e-05 +4.5237e-05 +3.7772e-05 +3.1381e-05 +2.6367e-05 +2.2864e-05 +2.0855e-05 +2.0207e-05 +2.0723e-05 +2.2176e-05 +2.4347e-05
+0000.00000 +8.7821e-05 +8.8981e-05 +8.9416e-05 +8.8937e-05 +8.7363e-05 +8.4549e-05 +8.0419e-05 +7.5007e-05 +6.8476e-05 +6.1131e-05 +5.3389e-05 +4.5731e-05 +3.8634e-05 +3.2503e-05 +2.7624e-05 +2.4137e-05 +2.2050e-05 +2.1266e-05 +2.1615e-05 +2.2897e-05 +2.4909e-05
-0000.00050 +8.8398e-05 +8.9708e-05 +9.0301e-05 +8.9974e-05 +8.8521e-05 +8.5764e-05 +8.1599e-05 +7.6034e-05 +6.9228e-05 +6.1505e-05 +5.3327e-05 +4.5237e-05 +3.7772e-05 +3.1381e-05 +2.6367e-05 +2.2864e-05 +2.0855e-05 +2.0207e-05 +2.0723e-05 +2.2176e-05 +2.4347e-05
-0000.00100 +9.0113e-05 +9.1889e-05 +9.2990e-05 +9.3161e-05 +9.2122e-05 +8.9594e-05 +8.5362e-05 +7.9347e-05 +7.1677e-05 +6.2735e-05 +5.3137e-05 +4.3637e-05 +3.4984e-05 +2.7776e-05 +2.2370e-05 +1.8862e-05 +1.7142e-05 +1.6962e-05 +1.8022e-05 +2.0018e-05 +2.2682e-05
-0000.00150 +9.2899e-05 +9.5509e-05 +9.7554e-05 +9.8707e-05 +9.8552e-05 +9.6617e-05 +9.2444e-05 +8.5731e-05 +7.6494e-05 +6.5204e-05 +5.2800e-05 +4.0515e-05 +2.9575e-05 +2.0889e-05 +1.4892e-05 +1.1556e-05 +1.0535e-05 +1.1334e-05 +1.3452e-05 +1.6451e-05 +1.9992e-05
-0000.00200 +9.6590e-05 +1.0046e-04 +1.0403e-04 +1.0688e-04 +1.0844e-04 +1.0788e-04 +1.0429e-04 +9.6833e-05 +8.5155e-05 +6.9783e-05 +5.2284e-05 +3.4939e-05 +2.0019e-05 +9.0444e-06 +2.4815e-06 -9.1756e-08 +4.3266e-07 +3.0776e-06 +7.0077e-06 +1.1607e-05 +1.6466e-05
-0000.00250 +1.0083e-04 +1.0643e-04 +1.1224e-04 +1.1785e-04 +1.2250e-04 +1.2495e-04 +1.2342e-04 +1.1586e-04 +1.0079e-04 +7.8419e-05 +5.1531e-05 +2.4858e-05 +3.1140e-06 -1.1007e-05 -1.7384e-05 -1.7624e-05 -1.3852e-05 -7.9114e-06 -1.0895e-06 +5.8434e-06 +1.2488e-05
# Total Vertical 2nd Order Kick [T2m2]
START
            -0000.00400 -0000.00360 -0000.00320 -0000.00280 -0000.00240 -0000.00200 -0000.00160 -0000.00120 -0000.00080 -0000.00040 +0000.00000 +0000.00040 +0000.00080 +0000.00120 +0000.00160 +0000.00200 +0000.00240 +0000.00280 +0000.00320 +0000.00360 +0000.00400
+0000.00250 -4.9545e-04 -4.9128e-04 -4.8529e-04 -4.7690e-04 -4.6551e-04 -4.5075e-04 -4.3284e-04 -4.1317e-04 -3.9461e-04 -3.8122e-04 -3.7674e-04 -3.8271e-04 -3.9748e-04 -4.1718e-04 -4.3773e-04 -4.5623e-04 -4.7133e-04 -4.8286e-04 -4.9125e-04 -4.9713e-04 -5.0113e-04
+0000.00200 -3.8215e-04 -3.7837e-04 -3.7325e-04 -3.6650e-04 -3.5796e-04 -3.4766e-04 -3.3608e-04 -3.2425e-04 -3.1381e-04 -3.0667e-04 -3.0444e-04 -3.0772e-04 -3.1582e-04 -3.2710e-04 -3.3960e-04 -3.5168e-04 -3.6229e-04 -3.7101e-04 -3.7781e-04 -3.8291e-04 -3.8660e-04
+0000.00150 -2.7855e-04 -2.7555e-04 -2.7164e-04 -2.6673e-04 -2.6080e-04 -2.5400e-04 -2.4674e-04 -2.3968e-04 -2.3371e-04 -2.2978e-04 -2.2862e-04 -2.3049e-04 -2.3508e-04 -2.4164e-04 -2.4918e-04 -2.5682e-04 -2.6387e-04 -2.6996e-04 -2.7495e-04 -2.7886e-04 -2.8183e-04
+0000.00100 -1.8195e-04 -1.7990e-04 -1.7731e-04 -1.7414e-04 -1.7045e-04 -1.6635e-04 -1.6211e-04 -1.5812e-04 -1.5485e-04 -1.5274e-04 -1.5215e-04 -1.5318e-04 -1.5570e-04 -1.5935e-04 -1.6366e-04 -1.6814e-04 -1.7241e-04 -1.7623e-04 -1.7945e-04 -1.8206e-04 -1.8410e-04
+0000.00050 -8.9864e-05 -8.8831e-05 -8.7547e-05 -8.6006e-05 -8.4238e-05 -8.2316e-05 -8.0366e-05 -7.8562e-05 -7.7102e-05 -7.6178e-05 -7.5925e-05 -7.6390e-05 -7.7515e-05 -7.9155e-05 -8.1113e-05 -8.3185e-05 -8.5198e-05 -8.7028e-05 -8.8603e-05 -8.9901e-05 -9.0931e-05
+0000.00000 -1.0577e-11 -1.0707e-11 -1.0656e-11 -1.0703e-11 -1.0377e-11 -1.0258e-11 -9.8599e-12 -9.3182e-12 -8.9489e-12 -8.2591e-12 -7.4768e-12 -6.7487e-12 -6.0702e-12 -5.2772e-12 -4.4524e-12 -3.7087e-12 -3.0777e-12 -2.4570e-12 -1.9748e-12 -1.5140e-12 -9.6616e-13
-0000.00050 +8.9864e-05 +8.8831e-05 +8.7547e-05 +8.6006e-05 +8.4238e-05 +8.2316e-05 +8.0366e-05 +7.8562e-05 +7.7102e-05 +7.6178e-05 +7.5925e-05 +7.6390e-05 +7.7515e-05 +7.9155e-05 +8.1113e-05 +8.3185e-05 +8.5198e-05 +8.7028e-05 +8.8603e-05 +8.9901e-05 +9.0931e-05
-0000.00100 +1.8195e-04 +1.7990e-04 +1.7731e-04 +1.7414e-04 +1.7045e-04 +1.6635e-04 +1.6211e-04 +1.5812e-04 +1.5485e-04 +1.5274e-04 +1.5215e-04 +1.5318e-04 +1.5570e-04 +1.5935e-04 +1.6366e-04 +1.6814e-04 +1.7241e-04 +1.7623e-04 +1.7945e-04 +1.8206e-04 +1.8410e-04
-0000.00150 +2.7855e-04 +2.7555e-04 +2.7164e-04 +2.6673e-04 +2.6080e-04 +2.5400e-04 +2.4674e-04 +2.3968e-04 +2.3371e-04 +2.2978e-04 +2.2862e-04 +2.3049e-04 +2.3508e-04 +2.4164e-04 +2.4918e-04 +2.5682e-04 +2.6387e-04 +2.6996e-04 +2.7495e-04 +2.7886e-04 +2.8183e-04
-0000.00200 +3.8215e-04 +3.7837e-04 +3.7325e-04 +3.6650e-04 +3.5796e-04 +3.4766e-04 +3.3608e-04 +3.2425e-04 +3.1381e-04 +3.0667e-04 +3.0444e-04 +3.0772e-04 +3.1582e-04 +3.2710e-04 +3.3960e-04 +3.5168e-04 +3.6229e-04 +3.7101e-04 +3.7781e-04 +3.8291e-04 +3.8660e-04
-0000.00250 +4.9545e-04 +4.9128e-04 +4.8529e-04 +4.7690e-04 +4.6551e-04 +4.5075e-04 +4.3284e-04 +4.1317e-04 +3.9461e-04 +3.8122e-04 +3.7674e-04 +3.8271e-04 +3.9748e-04 +4.1718e-04 +4.3773e-04 +4.5623e-04 +4.7133e-04 +4.8286e-04 +4.9125e-04 +4.9713e-04 +5.0113e-04
# Horizontal Final Position [m]
START
            -0000.00400 -0000.00360 -0000.00320 -0000.00280 -0000.00240 -0000.00200 -0000.00160 -0000.00120 -0000.00080 -0000.00040 +0000.00000 +0000.00040 +0000.00080 +0000.00120 +0000.00160 +0000.00200 +0000.00240 +0000.00280 +0000.00320 +0000.00360 +0000.00400
+0000.00250 -3.9996e-03 -3.5996e-03 -3.1996e-03 -2.7995e-03 -2.3995e-03 -1.9995e-03 -1.5995e-03 -1.1995e-03 -7.9960e-04 -3.9969e-04 +2.0591e-07 +4.0010e-04 +8.0001e-04 +1.2000e-03 +1.5999e-03 +1.9999e-03 +2.3999e-03 +2.8000e-03 +3.2000e-03 +3.6000e-03 +4.0000e-03
+0000.00200 -3.9996e-03 -3.5996e-03 -3.1996e-03 -2.7996e-03 -2.3996e-03 -1.9996e-03 -1.5996e-03 -1.1996e-03 -7.9966e-04 -3.9972e-04 +2.0888e-07 +4.0014e-04 +8.0008e-04 +1.2000e-03 +1.6000e-03 +2.0000e-03 +2.4000e-03 +2.8000e-03 +3.2000e-03 +3.6000e-03 +4.0001e-03
+0000.00150 -3.9996e-03 -3.5996e-03 -3.1996e-03 -2.7996e-03 -2.3996e-03 -1.9996e-03 -1.5996e-03 -1.1997e-03 -7.9969e-04 -3.9974e-04 +2.1093e-07 +4.0016e-04 +8.0012e-04 +1.2001e-03 +1.6001e-03 +2.0000e-03 +2.4000e-03 +2.8000e-03 +3.2001e-03 +3.6001e-03 +4.0001e-03
+0000.00100 -3.9996e-03 -3.5996e-03 -3.1996e-03 -2.7996e-03 -2.3996e-03 -1.9996e-03 -1.5997e-03 -1.1997e-03 -7.9971e-04 -3.9975e-04 +2.1226e-07 +4.0017e-04 +8.0014e-04 +1.2001e-03 +1.6001e-03 +2.0001e-03 +2.4001e-03 +2.8001e-03 +3.2001e-03 +3.6001e-03 +4.0001e-03
+0000.00050 -3.9996e-03 -3.5996e-03 -3.1996e-03 -2.7996e-03 -2.3996e-03 -1.9997e-03 -1.5997e-03 -1.1997e-03 -7.9972e-04 -3.9975e-04 +2.1302e-07 +4.0018e-04 +8.0015e-04 +1.2001e-03 +1.6001e-03 +2.0001e-03 +2.4001e-03 +2.8001e-03 +3.2001e-03 +3.6001e-03 +4.0001e-03
+0000.00000 -3.9996e-03 -3.5996e-03 -3.1996e-03 -2.7996e-03 -2.3997e-03 -1.9997e-03 -1.5997e-03 -1.1997e-03 -7.9973e-04 -3.9976e-04 +2.1326e-07 +4.0018e-04 +8.0015e-04 +1.2001e-03 +1.6001e-03 +2.0001e-03 +2.4001e-03 +2.8001e-03 +3.2001e-03 +3.6001e-03 +4.0001e-03
-0000.00050 -3.9996e-03 -3.5996e-03 -3.1996e-03 -2.7996e-03 -2.3996e-03 -1.9997e-03 -1.5997e-03 -1.1997e-03 -7.9972e-04 -3.9975e-04 +2.1302e-07 +4.0018e-04 +8.0015e-04 +1.2001e-03 +1.6001e-03 +2.0001e-03 +2.4001e-03 +2.8001e-03 +3.2001e-03 +3.6001e-03 +4.0001e-03
-0000.00100 -3.9996e-03 -3.5996e-03 -3.1996e-03 -2.7996e-03 -2.3996e-03 -1.9996e-03 -1.5997e-03 -1.1997e-03 -7.9971e-04 -3.9975e-04 +2.1226e-07 +4.0017e-04 +8.0014e-04 +1.2001e-03 +1.6001e-03 +2.0001e-03 +2.4001e-03 +2.8001e-03 +3.2001e-03 +3.6001e-03 +4.0001e-03
-0000.00150 -3.9996e-03 -3.5996e-03 -3.1996e-03 -2.7996e-03 -2.3996e-03 -1.9996e-03 -1.5996e-03 -1.1997e-03 -7.9969e-04 -3.9974e-04 +2.1093e-07 +4.0016e-04 +8.0012e-04 +1.2001e-03 +1.6001e-03 +2.0000e-03 +2.4000e-03 +2.8000e-03 +3.2001e-03 +3.6001e-03 +4.0001e-03
-0000.00200 -3.9996e-03 -3.5996e-03 -3.1996e-03 -2.7996e-03 -2.3996e-03 -1.9996e-03 -1.5996e-03 -1.1996e-03 -7.9966e-04 -3.9972e-04 +2.0888e-07 +4.0014e-04 +8.0008e-04 +1.2000e-03 +1.6000e-03 +2.0000e-03 +2.4000e-03 +2.8000e-03 +3.2000e-03 +3.6000e-03 +4.0001e-03
-0000.00250 -3.9996e-03 -3.5996e-03 -3.1996e-03 -2.7995e-03 -2.3995e-03 -1.9995e-03 -1.5995e-03 -1.1995e-03 -7.9960e-04 -3.9969e-04 +2.0591e-07 +4.0010e-04 +8.0001e-04 +1.2000e-03 +1.5999e-03 +1.9999e-03 +2.3999e-03 +2.8000e-03 +3.2000e-03 +3.6000e-03 +4.0000e-03
# Vertical Final Position [m]
START
            -0000.00400 -0000.00360 -0000.00320 -0000.00280 -0000.00240 -0000.00200 -0000.00160 -0000.00120 -0000.00080 -0000.00040 +0000.00000 +0000.00040 +0000.00080 +0000.00120 +0000.00160 +0000.00200 +0000.00240 +0000.00280 +0000.00320 +0000.00360 +0000.00400
+0000.00250 +2.4980e-03 +2.4980e-03 +2.4981e-03 +2.4981e-03 +2.4981e-03 +2.4982e-03 +2.4983e-03 +2.4983e-03 +2.4984e-03 +2.4985e-03 +2.4985e-03 +2.4985e-03 +2.4984e-03 +2.4983e-03 +2.4983e-03 +2.4982e-03 +2.4981e-03 +2.4981e-03 +2.4980e-03 +2.4980e-03 +2.4980e-03
+0000.00200 +1.9985e-03 +1.9985e-03 +1.9985e-03 +1.9985e-03 +1.9986e-03 +1.9986e-03 +1.9987e-03 +1.9987e-03 +1.9987e-03 +1.9988e-03 +1.9988e-03 +1.9988e-03 +1.9987e-03 +1.9987e-03 +1.9986e-03 +1.9986e-03 +1.9986e-03 +1.9985e-03 +1.9985e-03 +1.9985e-03 +1.9985e-03
+0000.00150 +1.4989e-03 +1.4989e-03 +1.4989e-03 +1.4989e-03 +1.4990e-03 +1.4990e-03 +1.4990e-03 +1.4990e-03 +1.4991e-03 +1.4991e-03 +1.4991e-03 +1.4991e-03 +1.4991e-03 +1.4990e-03 +1.4990e-03 +1.4990e-03 +1.4989e-03 +1.4989e-03 +1.4989e-03 +1.4989e-03 +1.4989e-03
+0000.00100 +9.9927e-04 +9.9928e-04 +9.9929e-04 +9.9930e-04 +9.9932e-04 +9.9934e-04 +9.9935e-04 +9.9937e-04 +9.9938e-04 +9.9939e-04 +9.9939e-04 +9.9939e-04 +9.9938e-04 +9.9936e-04 +9.9935e-04 +9.9933e-04 +9.9931e-04 +9.9930e-04 +9.9928e-04 +9.9927e-04 +9.9926e-04
+0000.00050 +4.9964e-04 +4.9965e-04 +4.9965e-04 +4.9966e-04 +4.9966e-04 +4.9967e-04 +4.9968e-04 +4.9969e-04 +4.9969e-04 +4.9970e-04 +4.9970e-04 +4.9969e-04 +4.9969e-04 +4.9968e-04 +4.9968e-04 +4.9967e-04 +4.9966e-04 +4.9965e-04 +4.9965e-04 +4.9964e-04 +4.9964e-04
+0000.00000 -4.8855e-14 -4.8748e-14 -4.8154e-14 -4.7411e-14 -4.6027e-14 -4.4529e-14 -4.2474e-14 -4.0051e-14 -3.7550e-14 -3.4535e-14 -3.1207e-14 -2.8072e-14 -2.5011e-14 -2.1898e-14 -1.8751e-14 -1.5975e-14 -1.3369e-14 -1.1079e-14 -9.0120e-15 -7.1453e-15 -5.3507e-15
-0000.00050 -4.9964e-04 -4.9965e-04 -4.9965e-04 -4.9966e-04 -4.9966e-04 -4.9967e-04 -4.9968e-04 -4.9969e-04 -4.9969e-04 -4.9970e-04 -4.9970e-04 -4.9969e-04 -4.9969e-04 -4.9968e-04 -4.9968e-04 -4.9967e-04 -4.9966e-04 -4.9965e-04 -4.9965e-04 -4.9964e-04 -4.9964e-04
-0000.00100 -9.9927e-04 -9.9928e-04 -9.9929e-04 -9.9930e-04 -9.9932e-04 -9.9934e-04 -9.9935e-04 -9.9937e-04 -9.9938e-04 -9.9939e-04 -9.9939e-04 -9.9939e-04 -9.9938e-04 -9.9936e-04 -9.9935e-04 -9.9933e-04 -9.9931e-04 -9.9930e-04 -9.9928e-04 -9.9927e-04 -9.9926e-04
-0000.00150 -1.4989e-03 -1.4989e-03 -1.4989e-03 -1.4989e-03 -1.4990e-03 -1.4990e-03 -1.4990e-03 -1.4990e-03 -1.4991e-03 -1.4991e-03 -1.4991e-03 -1.4991e-03 -1.4991e-03 -1.4990e-03 -1.4990e-03 -1.4990e-03 -1.4989e-03 -1.4989e-03 -1.4989e-03 -1.4989e-03 -1.4989e-03
-0000.00200 -1.9985e-03 -1.9985e-03 -1.9985e-03 -1.9985e-03 -1.9986e-03 -1.9986e-03 -1.9987e-03 -1.9987e-03 -1.9987e-03 -1.9988e-03 -1.9988e-03 -1.9988e-03 -1.9987e-03 -1.9987e-03 -1.9986e-03 -1.9986e-03 -1.9986e-03 -1.9985e-03 -1.9985e-03 -1.9985e-03 -1.9985e-03
-0000.00250 -2.4980e-03 -2.4980e-03 -2.4981e-03 -2.4981e-03 -2.4981e-03 -2.4982e-03 -2.4983e-03 -2.4983e-03 -2.4984e-03 -2.4985e-03 -2.4985e-03 -2.4985e-03 -2.4984e-03 -2.4983e-03 -2.4983e-03 -2.4982e-03 -2.4981e-03 -2.4981e-03 -2.4980e-03 -2.4980e-03 -2.4980e-03
