# Author: FAC idanalysis.IDKickMap
#
# Total Length of Longitudinal Interval [m]
3.4
# Number of Horizontal Points
21
# Number of Vertical Points
11
# Total Horizontal 2nd Order Kick [T2m2]
START
            -0000.00400 -0000.00360 -0000.00320 -0000.00280 -0000.00240 -0000.00200 -0000.00160 -0000.00120 -0000.00080 -0000.00040 +0000.00000 +0000.00040 +0000.00080 +0000.00120 +0000.00160 +0000.00200 +0000.00240 +0000.00280 +0000.00320 +0000.00360 +0000.00400
+0000.00250 -8.5065e-05 -8.9821e-05 -9.2336e-05 -9.1755e-05 -8.7123e-05 -7.7501e-05 -6.2174e-05 -4.0924e-05 -1.4253e-05 +1.6587e-05 +4.9791e-05 +8.3282e-05 +1.1493e-04 +1.4280e-04 +1.6548e-04 +1.8232e-04 +1.9344e-04 +1.9947e-04 +2.0135e-04 +2.0002e-04 +1.9634e-04
+0000.00200 -7.9927e-05 -8.3080e-05 -8.3873e-05 -8.1614e-05 -7.5603e-05 -6.5225e-05 -5.0098e-05 -3.0212e-05 -6.0505e-06 +2.1388e-05 +5.0685e-05 +8.0177e-05 +1.0818e-04 +1.3319e-04 +1.5415e-04 +1.7045e-04 +1.8205e-04 +1.8927e-04 +1.9269e-04 +1.9300e-04 +1.9088e-04
+0000.00150 -7.7145e-05 -7.9331e-05 -7.9108e-05 -7.5886e-05 -6.9107e-05 -5.8330e-05 -4.3329e-05 -2.4193e-05 -1.4036e-06 +2.4158e-05 +5.1277e-05 +7.8542e-05 +1.0453e-04 +1.2798e-04 +1.4795e-04 +1.6392e-04 +1.7573e-04 +1.8357e-04 +1.8785e-04 +1.8909e-04 +1.8789e-04
+0000.00100 -7.5765e-05 -7.7377e-05 -7.6553e-05 -7.2766e-05 -6.5538e-05 -5.4518e-05 -3.9566e-05 -2.0827e-05 +1.2174e-06 +2.5745e-05 +5.1656e-05 +7.7684e-05 +1.0256e-04 +1.2515e-04 +1.4460e-04 +1.6039e-04 +1.7232e-04 +1.8051e-04 +1.8527e-04 +1.8706e-04 +1.8639e-04
+0000.00050 -7.5165e-05 -7.6470e-05 -7.5325e-05 -7.1234e-05 -6.3761e-05 -5.2603e-05 -3.7663e-05 -1.9113e-05 +2.5615e-06 +2.6569e-05 +5.1868e-05 +7.7271e-05 +1.0159e-04 +1.2375e-04 +1.4294e-04 +1.5864e-04 +1.7065e-04 +1.7902e-04 +1.8404e-04 +1.8611e-04 +1.8573e-04
+0000.00000 -7.5001e-05 -7.6209e-05 -7.4962e-05 -7.0774e-05 -6.3223e-05 -5.2020e-05 -3.7080e-05 -1.8586e-05 +2.9765e-06 +2.6826e-05 +5.1937e-05 +7.7149e-05 +1.0129e-04 +1.2333e-04 +1.4244e-04 +1.5812e-04 +1.7015e-04 +1.7858e-04 +1.8368e-04 +1.8584e-04 +1.8554e-04
-0000.00050 -7.5164e-05 -7.6468e-05 -7.5323e-05 -7.1232e-05 -6.3759e-05 -5.2601e-05 -3.7660e-05 -1.9111e-05 +2.5644e-06 +2.6572e-05 +5.1871e-05 +7.7274e-05 +1.0159e-04 +1.2375e-04 +1.4294e-04 +1.5864e-04 +1.7065e-04 +1.7902e-04 +1.8404e-04 +1.8611e-04 +1.8573e-04
-0000.00100 -7.5762e-05 -7.7373e-05 -7.6550e-05 -7.2762e-05 -6.5533e-05 -5.4513e-05 -3.9561e-05 -2.0821e-05 +1.2236e-06 +2.5752e-05 +5.1662e-05 +7.7691e-05 +1.0256e-04 +1.2516e-04 +1.4461e-04 +1.6039e-04 +1.7232e-04 +1.8051e-04 +1.8527e-04 +1.8706e-04 +1.8639e-04
-0000.00150 -7.7141e-05 -7.9326e-05 -7.9102e-05 -7.5879e-05 -6.9100e-05 -5.8322e-05 -4.3319e-05 -2.4183e-05 -1.3929e-06 +2.4169e-05 +5.1288e-05 +7.8553e-05 +1.0454e-04 +1.2799e-04 +1.4796e-04 +1.6393e-04 +1.7574e-04 +1.8358e-04 +1.8785e-04 +1.8910e-04 +1.8789e-04
-0000.00200 -7.9921e-05 -8.3074e-05 -8.3866e-05 -8.1606e-05 -7.5592e-05 -6.5213e-05 -5.0084e-05 -3.0196e-05 -6.0334e-06 +2.1406e-05 +5.0703e-05 +8.0195e-05 +1.0819e-04 +1.3321e-04 +1.5416e-04 +1.7047e-04 +1.8206e-04 +1.8928e-04 +1.9270e-04 +1.9300e-04 +1.9088e-04
-0000.00250 -8.5059e-05 -8.9813e-05 -9.2327e-05 -9.1744e-05 -8.7109e-05 -7.7484e-05 -6.2153e-05 -4.0900e-05 -1.4225e-05 +1.6617e-05 +4.9822e-05 +8.3312e-05 +1.1496e-04 +1.4283e-04 +1.6550e-04 +1.8234e-04 +1.9345e-04 +1.9948e-04 +2.0136e-04 +2.0002e-04 +1.9635e-04
# Total Vertical 2nd Order Kick [T2m2]
START
            -0000.00400 -0000.00360 -0000.00320 -0000.00280 -0000.00240 -0000.00200 -0000.00160 -0000.00120 -0000.00080 -0000.00040 +0000.00000 +0000.00040 +0000.00080 +0000.00120 +0000.00160 +0000.00200 +0000.00240 +0000.00280 +0000.00320 +0000.00360 +0000.00400
+0000.00250 -5.1674e-04 -5.2296e-04 -5.3090e-04 -5.4063e-04 -5.5203e-04 -5.6465e-04 -5.7765e-04 -5.8987e-04 -6.0002e-04 -6.0696e-04 -6.0997e-04 -6.0873e-04 -6.0338e-04 -5.9450e-04 -5.8318e-04 -5.7072e-04 -5.5836e-04 -5.4700e-04 -5.3717e-04 -5.2905e-04 -5.2260e-04
+0000.00200 -3.9481e-04 -3.9834e-04 -4.0289e-04 -4.0847e-04 -4.1497e-04 -4.2208e-04 -4.2935e-04 -4.3615e-04 -4.4182e-04 -4.4574e-04 -4.4751e-04 -4.4694e-04 -4.4410e-04 -4.3935e-04 -4.3324e-04 -4.2645e-04 -4.1962e-04 -4.1325e-04 -4.0767e-04 -4.0305e-04 -3.9939e-04
+0000.00150 -2.8531e-04 -2.8719e-04 -2.8967e-04 -2.9277e-04 -2.9639e-04 -3.0038e-04 -3.0447e-04 -3.0831e-04 -3.1153e-04 -3.1378e-04 -3.1484e-04 -3.1457e-04 -3.1305e-04 -3.1046e-04 -3.0713e-04 -3.0341e-04 -2.9966e-04 -2.9617e-04 -2.9311e-04 -2.9061e-04 -2.8867e-04
+0000.00100 -1.8504e-04 -1.8595e-04 -1.8721e-04 -1.8882e-04 -1.9074e-04 -1.9288e-04 -1.9508e-04 -1.9716e-04 -1.9892e-04 -2.0017e-04 -2.0076e-04 -2.0065e-04 -1.9986e-04 -1.9850e-04 -1.9674e-04 -1.9478e-04 -1.9282e-04 -1.9100e-04 -1.8944e-04 -1.8818e-04 -1.8723e-04
+0000.00050 -9.0845e-05 -9.1204e-05 -9.1726e-05 -9.2409e-05 -9.3236e-05 -9.4164e-05 -9.5130e-05 -9.6048e-05 -9.6828e-05 -9.7385e-05 -9.7656e-05 -9.7615e-05 -9.7274e-05 -9.6685e-05 -9.5925e-05 -9.5083e-05 -9.4242e-05 -9.3469e-05 -9.2813e-05 -9.2296e-05 -9.1926e-05
+0000.00000 +3.3608e-07 +3.3719e-07 +3.3827e-07 +3.3933e-07 +3.4041e-07 +3.4151e-07 +3.4266e-07 +3.4385e-07 +3.4508e-07 +3.4631e-07 +3.4749e-07 +3.4855e-07 +3.4944e-07 +3.5011e-07 +3.5054e-07 +3.5071e-07 +3.5063e-07 +3.5034e-07 +3.4984e-07 +3.4918e-07 +3.4837e-07
-0000.00050 +9.1517e-05 +9.1878e-05 +9.2402e-05 +9.3088e-05 +9.3917e-05 +9.4847e-05 +9.5815e-05 +9.6736e-05 +9.7519e-05 +9.8078e-05 +9.8351e-05 +9.8312e-05 +9.7973e-05 +9.7385e-05 +9.6627e-05 +9.5784e-05 +9.4943e-05 +9.4170e-05 +9.3512e-05 +9.2995e-05 +9.2622e-05
-0000.00100 +1.8571e-04 +1.8662e-04 +1.8789e-04 +1.8950e-04 +1.9142e-04 +1.9356e-04 +1.9576e-04 +1.9785e-04 +1.9961e-04 +2.0086e-04 +2.0146e-04 +2.0135e-04 +2.0056e-04 +1.9920e-04 +1.9744e-04 +1.9549e-04 +1.9352e-04 +1.9170e-04 +1.9014e-04 +1.8887e-04 +1.8793e-04
-0000.00150 +2.8598e-04 +2.8786e-04 +2.9035e-04 +2.9344e-04 +2.9707e-04 +3.0107e-04 +3.0515e-04 +3.0899e-04 +3.1222e-04 +3.1448e-04 +3.1553e-04 +3.1527e-04 +3.1375e-04 +3.1116e-04 +3.0783e-04 +3.0411e-04 +3.0036e-04 +2.9687e-04 +2.9381e-04 +2.9130e-04 +2.8936e-04
-0000.00200 +3.9548e-04 +3.9902e-04 +4.0357e-04 +4.0915e-04 +4.1565e-04 +4.2276e-04 +4.3004e-04 +4.3684e-04 +4.4251e-04 +4.4644e-04 +4.4821e-04 +4.4763e-04 +4.4480e-04 +4.4005e-04 +4.3395e-04 +4.2715e-04 +4.2032e-04 +4.1395e-04 +4.0837e-04 +4.0374e-04 +4.0008e-04
-0000.00250 +5.1741e-04 +5.2363e-04 +5.3157e-04 +5.4131e-04 +5.5272e-04 +5.6534e-04 +5.7834e-04 +5.9056e-04 +6.0071e-04 +6.0765e-04 +6.1066e-04 +6.0943e-04 +6.0407e-04 +5.9520e-04 +5.8387e-04 +5.7142e-04 +5.5906e-04 +5.4770e-04 +5.3787e-04 +5.2975e-04 +5.2330e-04
# Horizontal Final Position [m]
START
            -0000.00400 -0000.00360 -0000.00320 -0000.00280 -0000.00240 -0000.00200 -0000.00160 -0000.00120 -0000.00080 -0000.00040 +0000.00000 +0000.00040 +0000.00080 +0000.00120 +0000.00160 +0000.00200 +0000.00240 +0000.00280 +0000.00320 +0000.00360 +0000.00400
+0000.00250 -4.0004e-03 -3.6004e-03 -3.2004e-03 -2.8005e-03 -2.4004e-03 -2.0004e-03 -1.6004e-03 -1.2003e-03 -8.0017e-04 -4.0005e-04 +8.4083e-08 +4.0022e-04 +8.0035e-04 +1.2005e-03 +1.6006e-03 +2.0006e-03 +2.4007e-03 +2.8007e-03 +3.2007e-03 +3.6007e-03 +4.0007e-03
+0000.00200 -4.0004e-03 -3.6004e-03 -3.2004e-03 -2.8004e-03 -2.4004e-03 -2.0003e-03 -1.6003e-03 -1.2002e-03 -8.0012e-04 -4.0001e-04 +1.1045e-07 +4.0023e-04 +8.0035e-04 +1.2005e-03 +1.6005e-03 +2.0006e-03 +2.4007e-03 +2.8007e-03 +3.2007e-03 +3.6007e-03 +4.0007e-03
+0000.00150 -4.0004e-03 -3.6004e-03 -3.2004e-03 -2.8004e-03 -2.4003e-03 -2.0003e-03 -1.6002e-03 -1.2002e-03 -8.0008e-04 -3.9998e-04 +1.3183e-07 +4.0024e-04 +8.0035e-04 +1.2004e-03 +1.6005e-03 +2.0006e-03 +2.4007e-03 +2.8007e-03 +3.2007e-03 +3.6007e-03 +4.0007e-03
+0000.00100 -4.0004e-03 -3.6004e-03 -3.2004e-03 -2.8003e-03 -2.4003e-03 -2.0003e-03 -1.6002e-03 -1.2001e-03 -8.0005e-04 -3.9995e-04 +1.4992e-07 +4.0026e-04 +8.0036e-04 +1.2005e-03 +1.6005e-03 +2.0006e-03 +2.4006e-03 +2.8007e-03 +3.2007e-03 +3.6007e-03 +4.0007e-03
+0000.00050 -4.0003e-03 -3.6003e-03 -3.2003e-03 -2.8003e-03 -2.4003e-03 -2.0003e-03 -1.6002e-03 -1.2001e-03 -8.0003e-04 -3.9994e-04 +1.6590e-07 +4.0027e-04 +8.0037e-04 +1.2005e-03 +1.6005e-03 +2.0006e-03 +2.4007e-03 +2.8007e-03 +3.2007e-03 +3.6007e-03 +4.0007e-03
+0000.00000 -4.0003e-03 -3.6003e-03 -3.2003e-03 -2.8003e-03 -2.4003e-03 -2.0002e-03 -1.6002e-03 -1.2001e-03 -8.0002e-04 -3.9992e-04 +1.8062e-07 +4.0028e-04 +8.0038e-04 +1.2005e-03 +1.6005e-03 +2.0006e-03 +2.4007e-03 +2.8007e-03 +3.2007e-03 +3.6007e-03 +4.0007e-03
-0000.00050 -4.0003e-03 -3.6003e-03 -3.2003e-03 -2.8003e-03 -2.4003e-03 -2.0002e-03 -1.6002e-03 -1.2001e-03 -8.0001e-04 -3.9991e-04 +1.9480e-07 +4.0030e-04 +8.0040e-04 +1.2005e-03 +1.6006e-03 +2.0006e-03 +2.4007e-03 +2.8007e-03 +3.2007e-03 +3.6007e-03 +4.0007e-03
-0000.00100 -4.0003e-03 -3.6003e-03 -3.2003e-03 -2.8003e-03 -2.4003e-03 -2.0002e-03 -1.6002e-03 -1.2001e-03 -8.0000e-04 -3.9990e-04 +2.0910e-07 +4.0031e-04 +8.0041e-04 +1.2005e-03 +1.6006e-03 +2.0006e-03 +2.4007e-03 +2.8007e-03 +3.2007e-03 +3.6007e-03 +4.0007e-03
-0000.00150 -4.0003e-03 -3.6003e-03 -3.2003e-03 -2.8003e-03 -2.4003e-03 -2.0002e-03 -1.6002e-03 -1.2001e-03 -7.9999e-04 -3.9989e-04 +2.2420e-07 +4.0033e-04 +8.0044e-04 +1.2005e-03 +1.6006e-03 +2.0007e-03 +2.4007e-03 +2.8007e-03 +3.2008e-03 +3.6008e-03 +4.0008e-03
-0000.00200 -4.0003e-03 -3.6003e-03 -3.2003e-03 -2.8003e-03 -2.4003e-03 -2.0002e-03 -1.6002e-03 -1.2001e-03 -7.9999e-04 -3.9988e-04 +2.4091e-07 +4.0036e-04 +8.0047e-04 +1.2006e-03 +1.6006e-03 +2.0007e-03 +2.4008e-03 +2.8008e-03 +3.2008e-03 +3.6008e-03 +4.0008e-03
-0000.00250 -4.0003e-03 -3.6004e-03 -3.2004e-03 -2.8003e-03 -2.4003e-03 -2.0003e-03 -1.6002e-03 -1.2001e-03 -8.0000e-04 -3.9988e-04 +2.6024e-07 +4.0039e-04 +8.0052e-04 +1.2006e-03 +1.6007e-03 +2.0008e-03 +2.4008e-03 +2.8008e-03 +3.2008e-03 +3.6008e-03 +4.0008e-03
# Vertical Final Position [m]
START
            -0000.00400 -0000.00360 -0000.00320 -0000.00280 -0000.00240 -0000.00200 -0000.00160 -0000.00120 -0000.00080 -0000.00040 +0000.00000 +0000.00040 +0000.00080 +0000.00120 +0000.00160 +0000.00200 +0000.00240 +0000.00280 +0000.00320 +0000.00360 +0000.00400
+0000.00250 +2.4980e-03 +2.4980e-03 +2.4979e-03 +2.4979e-03 +2.4978e-03 +2.4978e-03 +2.4977e-03 +2.4976e-03 +2.4976e-03 +2.4975e-03 +2.4975e-03 +2.4975e-03 +2.4975e-03 +2.4975e-03 +2.4976e-03 +2.4976e-03 +2.4977e-03 +2.4977e-03 +2.4977e-03 +2.4978e-03 +2.4978e-03
+0000.00200 +1.9985e-03 +1.9984e-03 +1.9984e-03 +1.9984e-03 +1.9984e-03 +1.9983e-03 +1.9983e-03 +1.9983e-03 +1.9982e-03 +1.9982e-03 +1.9982e-03 +1.9982e-03 +1.9982e-03 +1.9982e-03 +1.9982e-03 +1.9982e-03 +1.9982e-03 +1.9983e-03 +1.9983e-03 +1.9983e-03 +1.9983e-03
+0000.00150 +1.4989e-03 +1.4989e-03 +1.4989e-03 +1.4989e-03 +1.4988e-03 +1.4988e-03 +1.4988e-03 +1.4988e-03 +1.4988e-03 +1.4987e-03 +1.4987e-03 +1.4987e-03 +1.4987e-03 +1.4987e-03 +1.4987e-03 +1.4987e-03 +1.4987e-03 +1.4987e-03 +1.4987e-03 +1.4988e-03 +1.4988e-03
+0000.00100 +9.9931e-04 +9.9930e-04 +9.9929e-04 +9.9928e-04 +9.9927e-04 +9.9925e-04 +9.9924e-04 +9.9922e-04 +9.9920e-04 +9.9919e-04 +9.9918e-04 +9.9917e-04 +9.9917e-04 +9.9916e-04 +9.9916e-04 +9.9916e-04 +9.9917e-04 +9.9917e-04 +9.9917e-04 +9.9917e-04 +9.9918e-04
+0000.00050 +4.9969e-04 +4.9968e-04 +4.9967e-04 +4.9967e-04 +4.9966e-04 +4.9965e-04 +4.9964e-04 +4.9963e-04 +4.9962e-04 +4.9961e-04 +4.9960e-04 +4.9959e-04 +4.9958e-04 +4.9958e-04 +4.9957e-04 +4.9957e-04 +4.9957e-04 +4.9957e-04 +4.9957e-04 +4.9956e-04 +4.9956e-04
+0000.00000 +5.4017e-08 +5.0593e-08 +4.6596e-08 +4.1984e-08 +3.6728e-08 +3.0825e-08 +2.4306e-08 +1.7236e-08 +9.7207e-09 +1.9020e-09 -6.0505e-09 -1.3953e-08 -2.1622e-08 -2.8894e-08 -3.5633e-08 -4.1744e-08 -4.7170e-08 -5.1893e-08 -5.5927e-08 -5.9309e-08 -6.2091e-08
-0000.00050 -4.9958e-04 -4.9958e-04 -4.9958e-04 -4.9958e-04 -4.9958e-04 -4.9959e-04 -4.9959e-04 -4.9959e-04 -4.9960e-04 -4.9960e-04 -4.9961e-04 -4.9962e-04 -4.9963e-04 -4.9964e-04 -4.9965e-04 -4.9966e-04 -4.9966e-04 -4.9967e-04 -4.9968e-04 -4.9968e-04 -4.9969e-04
-0000.00100 -9.9919e-04 -9.9919e-04 -9.9919e-04 -9.9919e-04 -9.9919e-04 -9.9918e-04 -9.9918e-04 -9.9918e-04 -9.9918e-04 -9.9919e-04 -9.9919e-04 -9.9920e-04 -9.9921e-04 -9.9923e-04 -9.9924e-04 -9.9925e-04 -9.9927e-04 -9.9928e-04 -9.9929e-04 -9.9930e-04 -9.9931e-04
-0000.00150 -1.4988e-03 -1.4988e-03 -1.4988e-03 -1.4988e-03 -1.4988e-03 -1.4987e-03 -1.4987e-03 -1.4987e-03 -1.4987e-03 -1.4987e-03 -1.4987e-03 -1.4987e-03 -1.4988e-03 -1.4988e-03 -1.4988e-03 -1.4988e-03 -1.4988e-03 -1.4989e-03 -1.4989e-03 -1.4989e-03 -1.4989e-03
-0000.00200 -1.9983e-03 -1.9983e-03 -1.9983e-03 -1.9983e-03 -1.9983e-03 -1.9982e-03 -1.9982e-03 -1.9982e-03 -1.9982e-03 -1.9982e-03 -1.9982e-03 -1.9982e-03 -1.9982e-03 -1.9983e-03 -1.9983e-03 -1.9983e-03 -1.9984e-03 -1.9984e-03 -1.9984e-03 -1.9984e-03 -1.9985e-03
-0000.00250 -2.4978e-03 -2.4978e-03 -2.4978e-03 -2.4977e-03 -2.4977e-03 -2.4977e-03 -2.4976e-03 -2.4976e-03 -2.4975e-03 -2.4975e-03 -2.4975e-03 -2.4976e-03 -2.4976e-03 -2.4976e-03 -2.4977e-03 -2.4978e-03 -2.4978e-03 -2.4979e-03 -2.4979e-03 -2.4979e-03 -2.4980e-03
