# Author: FAC idanalysis.IDKickMap
# 
# Total Length of Longitudinal Interval [m]
2
# Number of Horizontal Points
41
# Number of Vertical Points
3
# Total Horizontal 2nd Order Kick [T2m2]
START
            -0000.01000 -0000.00950 -0000.00900 -0000.00850 -0000.00800 -0000.00750 -0000.00700 -0000.00650 -0000.00600 -0000.00550 -0000.00500 -0000.00450 -0000.00400 -0000.00350 -0000.00300 -0000.00250 -0000.00200 -0000.00150 -0000.00100 -0000.00050 +0000.00000 +0000.00050 +0000.00100 +0000.00150 +0000.00200 +0000.00250 +0000.00300 +0000.00350 +0000.00400 +0000.00450 +0000.00500 +0000.00550 +0000.00600 +0000.00650 +0000.00700 +0000.00750 +0000.00800 +0000.00850 +0000.00900 +0000.00950 +0000.01000 
+0000.00170 +6.8353e-04 +5.6865e-04 +4.7177e-04 +4.2480e-04 +3.1406e-04 +2.2653e-04 +1.7609e-04 +6.7326e-05 +1.2098e-06 -9.9329e-05 -1.0960e-04 -1.2499e-04 -1.3306e-04 -1.2411e-04 -4.9936e-05 +1.3251e-05 +1.3405e-04 +2.8843e-04 +3.0986e-04 +3.0432e-04 +2.4823e-04 +1.6526e-04 +1.2759e-04 +8.7677e-05 +2.6114e-05 -2.2841e-05 -1.2525e-05 -1.2959e-05 -1.0566e-05 +6.7076e-05 +8.4012e-05 +7.6252e-05 +1.3568e-04 +1.2537e-04 +1.7381e-04 +2.6178e-04 +3.7304e-04 +4.8168e-04 +5.8194e-04 +7.9892e-04 +8.8920e-04 
+0000.00000 +8.4860e-04 +6.8367e-04 +5.5143e-04 +4.9347e-04 +4.2270e-04 +2.7077e-04 +1.9878e-04 +1.7630e-04 +1.7741e-04 +8.2350e-05 +6.4627e-05 +5.0941e-05 +1.3416e-05 +3.7189e-05 +9.5906e-05 +8.1624e-05 +7.9766e-05 +6.4443e-05 +1.0775e-04 +2.2301e-04 +1.9697e-04 +1.8493e-04 +1.1905e-04 +7.2337e-05 +1.5454e-04 +2.2699e-05 -9.6891e-06 +2.7777e-05 +6.3059e-05 -1.2194e-05 +1.0280e-04 +1.7748e-04 +2.6977e-04 +3.3271e-04 +3.2893e-04 +3.6029e-04 +4.7479e-04 +5.8279e-04 +7.5244e-04 +9.3166e-04 +9.5115e-04 
-0000.00170 +6.7955e-04 +5.0395e-04 +4.4570e-04 +3.4853e-04 +2.5866e-04 +2.0106e-04 +1.7292e-04 +8.5020e-05 +5.1047e-05 -2.0167e-06 -3.2955e-05 -6.5867e-05 -7.6106e-05 -7.5223e-05 -9.3347e-05 -4.2998e-05 +3.1636e-05 +7.5074e-05 +1.0280e-04 +1.9756e-04 +3.1532e-04 +3.4847e-04 +3.1663e-04 +2.4885e-04 +1.2838e-04 +5.4952e-05 +4.5637e-05 +3.9520e-05 -3.2903e-05 -8.7686e-06 -6.7765e-05 -9.2232e-05 +2.5020e-05 +1.7559e-04 +2.9289e-04 +3.6849e-04 +4.5771e-04 +5.4271e-04 +6.1086e-04 +6.6614e-04 +7.4632e-04 
# Total Vertical 2nd Order Kick [T2m2]
START
            -0000.01000 -0000.00950 -0000.00900 -0000.00850 -0000.00800 -0000.00750 -0000.00700 -0000.00650 -0000.00600 -0000.00550 -0000.00500 -0000.00450 -0000.00400 -0000.00350 -0000.00300 -0000.00250 -0000.00200 -0000.00150 -0000.00100 -0000.00050 +0000.00000 +0000.00050 +0000.00100 +0000.00150 +0000.00200 +0000.00250 +0000.00300 +0000.00350 +0000.00400 +0000.00450 +0000.00500 +0000.00550 +0000.00600 +0000.00650 +0000.00700 +0000.00750 +0000.00800 +0000.00850 +0000.00900 +0000.00950 +0000.01000 
+0000.00170 +3.3329e-04 +1.9865e-04 +2.2753e-04 +2.8821e-04 +9.9296e-05 +1.7727e-04 +1.9549e-04 +1.5202e-04 +1.5680e-04 +7.5380e-05 -9.0686e-05 -1.5930e-04 -1.4647e-04 -2.0179e-04 -1.7064e-04 -3.3874e-04 -3.8793e-04 -2.6798e-04 -1.0293e-04 +4.4858e-05 +4.8194e-05 +5.9632e-05 -1.3304e-04 +5.2489e-05 +1.0041e-04 +8.2998e-05 -9.3418e-05 -8.1406e-05 -1.8620e-04 -1.6943e-04 -1.8520e-04 -2.0677e-04 -2.5972e-04 -2.1085e-04 -2.7077e-04 -3.6408e-04 -5.3086e-04 -3.6969e-04 -4.6941e-04 -5.3504e-04 -7.1715e-04 
+0000.00000 -5.3214e-05 -5.2057e-05 +5.5696e-05 +1.2189e-05 -1.0585e-05 -1.7083e-05 -4.1694e-05 -2.0991e-05 -1.9890e-05 -3.1961e-05 -6.6575e-05 -9.7520e-05 -1.3699e-05 -6.8466e-05 -1.3539e-04 -9.0088e-05 -9.4621e-05 -5.0576e-05 -2.3111e-05 -4.4124e-05 -1.2280e-04 +2.0089e-06 -4.7731e-05 -3.2757e-05 -3.5659e-05 -8.3024e-05 -1.0032e-04 -6.5864e-05 +1.7414e-05 -4.3953e-05 -1.2500e-05 -6.6113e-05 -4.9673e-05 -1.5476e-05 -5.7164e-05 -2.9654e-05 -7.2912e-05 -9.7934e-05 -7.8747e-05 -4.5559e-05 +5.8781e-05 
-0000.00170 -5.0433e-04 -4.4554e-04 -2.6563e-04 -3.5315e-04 -2.8958e-04 -1.6947e-04 -2.5452e-04 -1.0412e-04 -1.2104e-04 -1.0550e-04 -1.8234e-04 -4.6252e-05 -3.0237e-05 -7.5053e-05 +3.1986e-05 +8.7765e-05 +5.0548e-05 +6.6086e-05 +1.2234e-04 +2.9296e-04 +1.6322e-04 -5.3999e-05 -1.5581e-04 -2.1031e-04 -6.8660e-05 -9.7455e-05 -4.6088e-05 -1.7779e-04 -4.6687e-05 -4.4422e-05 +5.0406e-05 +1.3072e-04 +2.9998e-04 +2.8204e-04 +1.8598e-04 +3.1476e-04 +3.5862e-04 +4.2882e-04 +4.4105e-04 +4.5351e-04 +4.8193e-04 
# Horizontal Final Position [m]
START
            -0000.01000 -0000.00950 -0000.00900 -0000.00850 -0000.00800 -0000.00750 -0000.00700 -0000.00650 -0000.00600 -0000.00550 -0000.00500 -0000.00450 -0000.00400 -0000.00350 -0000.00300 -0000.00250 -0000.00200 -0000.00150 -0000.00100 -0000.00050 +0000.00000 +0000.00050 +0000.00100 +0000.00150 +0000.00200 +0000.00250 +0000.00300 +0000.00350 +0000.00400 +0000.00450 +0000.00500 +0000.00550 +0000.00600 +0000.00650 +0000.00700 +0000.00750 +0000.00800 +0000.00850 +0000.00900 +0000.00950 +0000.01000 
+0000.00170 -9.9932e-03 -9.4943e-03 -8.9953e-03 -8.4958e-03 -7.9968e-03 -7.4977e-03 -6.9982e-03 -6.4993e-03 -5.9999e-03 -5.5009e-03 -5.0011e-03 -4.5012e-03 -4.0013e-03 -3.5012e-03 -3.0005e-03 -2.4999e-03 -1.9987e-03 -1.4972e-03 -9.9707e-04 -4.9714e-04 +2.3430e-06 +5.0156e-04 +1.0012e-03 +1.5010e-03 +2.0004e-03 +2.4999e-03 +3.0000e-03 +3.5000e-03 +4.0000e-03 +4.5007e-03 +5.0009e-03 +5.5008e-03 +6.0014e-03 +6.5013e-03 +7.0018e-03 +7.5026e-03 +8.0037e-03 +8.5048e-03 +9.0058e-03 +9.5079e-03 +1.0009e-02 
+0000.00000 -9.9916e-03 -9.4932e-03 -8.9945e-03 -8.4951e-03 -7.9958e-03 -7.4973e-03 -6.9980e-03 -6.4982e-03 -5.9982e-03 -5.4992e-03 -4.9993e-03 -4.4995e-03 -3.9999e-03 -3.4997e-03 -2.9991e-03 -2.4993e-03 -1.9993e-03 -1.4994e-03 -9.9899e-04 -4.9784e-04 +1.9814e-06 +5.0187e-04 +1.0012e-03 +1.5008e-03 +2.0016e-03 +2.5004e-03 +3.0001e-03 +3.5004e-03 +4.0007e-03 +4.4999e-03 +5.0011e-03 +5.5018e-03 +6.0028e-03 +6.5034e-03 +7.0033e-03 +7.5036e-03 +8.0048e-03 +8.5058e-03 +9.0075e-03 +9.5093e-03 +1.0010e-02 
-0000.00170 -9.9932e-03 -9.4950e-03 -8.9955e-03 -8.4965e-03 -7.9974e-03 -7.4980e-03 -6.9983e-03 -6.4991e-03 -5.9994e-03 -5.5000e-03 -5.0003e-03 -4.5006e-03 -4.0007e-03 -3.5008e-03 -3.0010e-03 -2.5005e-03 -1.9998e-03 -1.4993e-03 -9.9901e-04 -4.9800e-04 +3.2502e-06 +5.0364e-04 +1.0033e-03 +1.5026e-03 +2.0013e-03 +2.5006e-03 +3.0005e-03 +3.5005e-03 +3.9998e-03 +4.5000e-03 +4.9994e-03 +5.4991e-03 +6.0003e-03 +6.5018e-03 +7.0029e-03 +7.5037e-03 +8.0046e-03 +8.5054e-03 +9.0061e-03 +9.5066e-03 +1.0007e-02 
# Vertical Final Position [m]
START
            -0000.01000 -0000.00950 -0000.00900 -0000.00850 -0000.00800 -0000.00750 -0000.00700 -0000.00650 -0000.00600 -0000.00550 -0000.00500 -0000.00450 -0000.00400 -0000.00350 -0000.00300 -0000.00250 -0000.00200 -0000.00150 -0000.00100 -0000.00050 +0000.00000 +0000.00050 +0000.00100 +0000.00150 +0000.00200 +0000.00250 +0000.00300 +0000.00350 +0000.00400 +0000.00450 +0000.00500 +0000.00550 +0000.00600 +0000.00650 +0000.00700 +0000.00750 +0000.00800 +0000.00850 +0000.00900 +0000.00950 +0000.01000 
+0000.00170 +1.7033e-03 +1.7019e-03 +1.7022e-03 +1.7028e-03 +1.7009e-03 +1.7017e-03 +1.7019e-03 +1.7015e-03 +1.7015e-03 +1.7008e-03 +1.6991e-03 +1.6985e-03 +1.6986e-03 +1.6981e-03 +1.6985e-03 +1.6968e-03 +1.6962e-03 +1.6974e-03 +1.6989e-03 +1.7003e-03 +1.7004e-03 +1.7005e-03 +1.6985e-03 +1.7004e-03 +1.7009e-03 +1.7008e-03 +1.6991e-03 +1.6993e-03 +1.6982e-03 +1.6983e-03 +1.6982e-03 +1.6980e-03 +1.6974e-03 +1.6979e-03 +1.6973e-03 +1.6964e-03 +1.6947e-03 +1.6963e-03 +1.6954e-03 +1.6947e-03 +1.6929e-03 
+0000.00000 -5.7804e-07 -5.5770e-07 +5.1658e-07 +8.4883e-08 -1.3476e-07 -2.0206e-07 -4.4483e-07 -2.3752e-07 -2.2317e-07 -3.3842e-07 -6.8009e-07 -9.7772e-07 -1.4435e-07 -6.6029e-07 -1.2971e-06 -8.0456e-07 -8.6042e-07 -5.3583e-07 -3.2023e-07 -5.1301e-07 -1.3180e-06 -4.8659e-09 -4.8479e-07 -3.6300e-07 -3.7673e-07 -8.3127e-07 -1.0156e-06 -7.1165e-07 +1.6621e-07 -4.5297e-07 -1.3220e-07 -6.6129e-07 -5.0163e-07 -1.5061e-07 -5.6210e-07 -2.9173e-07 -7.1505e-07 -9.6190e-07 -7.8218e-07 -4.5202e-07 +5.8196e-07 
-0000.00170 -1.7051e-03 -1.7045e-03 -1.7026e-03 -1.7035e-03 -1.7029e-03 -1.7017e-03 -1.7025e-03 -1.7010e-03 -1.7012e-03 -1.7011e-03 -1.7018e-03 -1.7005e-03 -1.7004e-03 -1.7008e-03 -1.6997e-03 -1.6991e-03 -1.6995e-03 -1.6993e-03 -1.6987e-03 -1.6970e-03 -1.6985e-03 -1.7005e-03 -1.7016e-03 -1.7021e-03 -1.7006e-03 -1.7009e-03 -1.7005e-03 -1.7018e-03 -1.7006e-03 -1.7005e-03 -1.6996e-03 -1.6987e-03 -1.6970e-03 -1.6972e-03 -1.6981e-03 -1.6969e-03 -1.6964e-03 -1.6957e-03 -1.6956e-03 -1.6955e-03 -1.6952e-03 