# Author: FAC idanalysis.IDKickMap
# 
# Total Length of Longitudinal Interval [m]
2
# Number of Horizontal Points
41
# Number of Vertical Points
3
# Total Horizontal 2nd Order Kick [T2m2]
START
            -0000.01000 -0000.00950 -0000.00900 -0000.00850 -0000.00800 -0000.00750 -0000.00700 -0000.00650 -0000.00600 -0000.00550 -0000.00500 -0000.00450 -0000.00400 -0000.00350 -0000.00300 -0000.00250 -0000.00200 -0000.00150 -0000.00100 -0000.00050 +0000.00000 +0000.00050 +0000.00100 +0000.00150 +0000.00200 +0000.00250 +0000.00300 +0000.00350 +0000.00400 +0000.00450 +0000.00500 +0000.00550 +0000.00600 +0000.00650 +0000.00700 +0000.00750 +0000.00800 +0000.00850 +0000.00900 +0000.00950 +0000.01000 
+0000.00170 +1.7635e-04 +1.2140e-04 +7.5054e-05 +5.6642e-05 +5.9860e-06 -3.6196e-05 -5.6309e-05 -1.0643e-04 -1.3182e-04 -1.8256e-04 -1.8739e-04 -1.9021e-04 -1.8995e-04 -1.8473e-04 -1.5322e-04 -1.2836e-04 -7.4063e-05 -4.5538e-07 +1.1009e-05 +9.5483e-06 -1.7556e-05 -5.8915e-05 -8.0632e-05 -1.0370e-04 -1.3301e-04 -1.6296e-04 -1.6155e-04 -1.6362e-04 -1.6583e-04 -1.2955e-04 -1.2199e-04 -1.3033e-04 -9.9300e-05 -1.0827e-04 -9.0166e-05 -5.4008e-05 -7.7218e-06 +4.0303e-05 +7.8907e-05 +1.8770e-04 +2.4290e-04 
+0000.00000 +2.4956e-04 +1.7540e-04 +1.1138e-04 +8.6894e-05 +5.8683e-05 -1.4725e-05 -4.9101e-05 -6.3500e-05 -5.5385e-05 -1.0014e-04 -1.0670e-04 -1.1150e-04 -1.3155e-04 -1.2309e-04 -8.9220e-05 -9.7748e-05 -9.9661e-05 -1.0719e-04 -9.3283e-05 -3.1850e-05 -4.7384e-05 -4.9770e-05 -8.3665e-05 -1.1301e-04 -6.4025e-05 -1.3256e-04 -1.5371e-04 -1.3971e-04 -1.1834e-04 -1.6427e-04 -1.1094e-04 -8.2731e-05 -3.8651e-05 -9.6133e-06 -1.6016e-05 -7.2056e-06 +4.8428e-05 +9.3621e-05 +1.6911e-04 +2.5677e-04 +2.7521e-04 
-0000.00170 +1.7440e-04 +9.0950e-05 +6.6672e-05 +1.8933e-05 -2.2412e-05 -5.1598e-05 -5.9982e-05 -1.0429e-04 -1.1638e-04 -1.4251e-04 -1.5625e-04 -1.7125e-04 -1.7614e-04 -1.7667e-04 -1.8713e-04 -1.6382e-04 -1.2756e-04 -1.0318e-04 -8.5619e-05 -3.9600e-05 +1.6386e-05 +3.0014e-05 +1.3331e-05 -1.8841e-05 -7.4039e-05 -1.1428e-04 -1.2151e-04 -1.2147e-04 -1.6252e-04 -1.5206e-04 -1.8596e-04 -2.1061e-04 -1.6323e-04 -9.6553e-05 -3.7831e-05 -2.6200e-07 +4.2465e-05 +8.0198e-05 +1.0985e-04 +1.3072e-04 +1.7867e-04 
# Total Vertical 2nd Order Kick [T2m2]
START
            -0000.01000 -0000.00950 -0000.00900 -0000.00850 -0000.00800 -0000.00750 -0000.00700 -0000.00650 -0000.00600 -0000.00550 -0000.00500 -0000.00450 -0000.00400 -0000.00350 -0000.00300 -0000.00250 -0000.00200 -0000.00150 -0000.00100 -0000.00050 +0000.00000 +0000.00050 +0000.00100 +0000.00150 +0000.00200 +0000.00250 +0000.00300 +0000.00350 +0000.00400 +0000.00450 +0000.00500 +0000.00550 +0000.00600 +0000.00650 +0000.00700 +0000.00750 +0000.00800 +0000.00850 +0000.00900 +0000.00950 +0000.01000 
+0000.00170 +1.9224e-04 +1.1911e-04 +1.3021e-04 +1.7437e-04 +7.3264e-05 +1.1292e-04 +1.2179e-04 +9.6459e-05 +1.0573e-04 +7.5078e-05 -9.2019e-06 -4.3802e-05 -3.7001e-05 -6.1456e-05 -3.0299e-05 -1.1242e-04 -1.4275e-04 -8.5340e-05 -1.3424e-05 +6.6329e-05 +5.9605e-05 +8.7613e-05 -1.4013e-05 +6.8253e-05 +8.8871e-05 +9.0469e-05 -1.7787e-06 +1.5919e-07 -5.3397e-05 -4.2107e-05 -5.3057e-05 -6.5520e-05 -9.3796e-05 -6.4334e-05 -8.8566e-05 -1.2837e-04 -2.2232e-04 -1.4101e-04 -1.9594e-04 -2.2496e-04 -3.1338e-04 
+0000.00000 -5.7729e-07 -7.1699e-06 +5.0038e-05 +3.3303e-05 +1.5725e-05 +1.7056e-05 +4.8117e-06 +1.5521e-05 +1.5093e-05 +1.4502e-05 -4.3832e-06 -2.3057e-05 +2.6762e-05 -1.5046e-06 -3.5984e-05 -9.1281e-06 -1.1746e-05 +9.3871e-06 +2.1386e-05 +2.0061e-05 -3.0965e-05 +3.4673e-05 +8.1789e-06 +1.0280e-05 +1.2189e-05 -1.4575e-05 -2.6040e-05 -1.4413e-05 +3.2793e-05 -4.8821e-06 +1.4022e-05 -1.5183e-05 -9.3176e-06 +1.0855e-05 -1.4521e-05 +3.4068e-06 -1.9506e-05 -3.3787e-05 -2.5152e-05 -1.6978e-05 +3.5911e-05 
-0000.00170 -2.1305e-04 -1.9423e-04 -1.0571e-04 -1.4967e-04 -1.2341e-04 -5.4276e-05 -1.0793e-04 -3.0288e-05 -3.5855e-05 -2.8831e-05 -7.0070e-05 -6.3611e-06 +7.1217e-06 -1.5984e-05 +3.6366e-05 +6.2843e-05 +5.2374e-05 +6.6327e-05 +8.3878e-05 +1.6149e-04 +9.8069e-05 -8.4556e-06 -6.0810e-05 -8.5945e-05 -1.8293e-05 -4.2258e-05 -9.9031e-06 -8.4243e-05 -2.2438e-05 -3.2412e-05 +1.3041e-05 +4.5751e-05 +1.3354e-04 +1.3758e-04 +8.6758e-05 +1.4632e-04 +1.6570e-04 +1.9496e-04 +2.0370e-04 +2.1173e-04 +2.2066e-04 
# Horizontal Final Position [m]
START
            -0000.01000 -0000.00950 -0000.00900 -0000.00850 -0000.00800 -0000.00750 -0000.00700 -0000.00650 -0000.00600 -0000.00550 -0000.00500 -0000.00450 -0000.00400 -0000.00350 -0000.00300 -0000.00250 -0000.00200 -0000.00150 -0000.00100 -0000.00050 +0000.00000 +0000.00050 +0000.00100 +0000.00150 +0000.00200 +0000.00250 +0000.00300 +0000.00350 +0000.00400 +0000.00450 +0000.00500 +0000.00550 +0000.00600 +0000.00650 +0000.00700 +0000.00750 +0000.00800 +0000.00850 +0000.00900 +0000.00950 +0000.01000 
+0000.00170 -9.9982e-03 -9.4988e-03 -8.9992e-03 -8.4994e-03 -7.9999e-03 -7.5003e-03 -7.0005e-03 -6.5010e-03 -6.0013e-03 -5.5018e-03 -5.0019e-03 -4.5019e-03 -4.0019e-03 -3.5018e-03 -3.0015e-03 -2.5013e-03 -2.0008e-03 -1.5000e-03 -9.9996e-04 -4.9998e-04 -2.3443e-07 +4.9938e-04 +9.9918e-04 +1.4990e-03 +1.9987e-03 +2.4985e-03 +2.9985e-03 +3.4984e-03 +3.9984e-03 +4.4987e-03 +4.9988e-03 +5.4987e-03 +5.9990e-03 +6.4989e-03 +6.9991e-03 +7.4995e-03 +7.9999e-03 +8.5004e-03 +9.0008e-03 +9.5019e-03 +1.0002e-02 
+0000.00000 -9.9975e-03 -9.4982e-03 -8.9989e-03 -8.4991e-03 -7.9994e-03 -7.5001e-03 -7.0005e-03 -6.5006e-03 -6.0005e-03 -5.5010e-03 -5.0011e-03 -4.5011e-03 -4.0013e-03 -3.5012e-03 -3.0009e-03 -2.5010e-03 -2.0010e-03 -1.5011e-03 -1.0010e-03 -5.0035e-04 -4.6063e-07 +4.9952e-04 +9.9919e-04 +1.4989e-03 +1.9994e-03 +2.4987e-03 +2.9985e-03 +3.4987e-03 +3.9989e-03 +4.4984e-03 +4.9989e-03 +5.4992e-03 +5.9996e-03 +6.4999e-03 +6.9999e-03 +7.5000e-03 +8.0005e-03 +8.5010e-03 +9.0017e-03 +9.5026e-03 +1.0003e-02 
-0000.00170 -9.9983e-03 -9.4991e-03 -8.9993e-03 -8.4998e-03 -8.0002e-03 -7.5005e-03 -7.0006e-03 -6.5010e-03 -6.0011e-03 -5.5014e-03 -5.0015e-03 -4.5017e-03 -4.0017e-03 -3.5018e-03 -3.0019e-03 -2.5016e-03 -2.0013e-03 -1.5011e-03 -1.0009e-03 -5.0038e-04 +2.1646e-07 +5.0038e-04 +1.0002e-03 +1.4999e-03 +1.9993e-03 +2.4989e-03 +2.9988e-03 +3.4988e-03 +3.9984e-03 +4.4985e-03 +4.9982e-03 +5.4979e-03 +5.9984e-03 +6.4990e-03 +6.9996e-03 +7.5000e-03 +8.0004e-03 +8.5008e-03 +9.0011e-03 +9.5013e-03 +1.0002e-02 
# Vertical Final Position [m]
START
            -0000.01000 -0000.00950 -0000.00900 -0000.00850 -0000.00800 -0000.00750 -0000.00700 -0000.00650 -0000.00600 -0000.00550 -0000.00500 -0000.00450 -0000.00400 -0000.00350 -0000.00300 -0000.00250 -0000.00200 -0000.00150 -0000.00100 -0000.00050 +0000.00000 +0000.00050 +0000.00100 +0000.00150 +0000.00200 +0000.00250 +0000.00300 +0000.00350 +0000.00400 +0000.00450 +0000.00500 +0000.00550 +0000.00600 +0000.00650 +0000.00700 +0000.00750 +0000.00800 +0000.00850 +0000.00900 +0000.00950 +0000.01000 
+0000.00170 +1.7019e-03 +1.7012e-03 +1.7013e-03 +1.7017e-03 +1.7007e-03 +1.7011e-03 +1.7012e-03 +1.7009e-03 +1.7010e-03 +1.7008e-03 +1.6999e-03 +1.6996e-03 +1.6997e-03 +1.6994e-03 +1.6998e-03 +1.6990e-03 +1.6986e-03 +1.6992e-03 +1.6998e-03 +1.7006e-03 +1.7006e-03 +1.7008e-03 +1.6998e-03 +1.7006e-03 +1.7008e-03 +1.7009e-03 +1.7000e-03 +1.7000e-03 +1.6995e-03 +1.6996e-03 +1.6995e-03 +1.6994e-03 +1.6991e-03 +1.6994e-03 +1.6991e-03 +1.6987e-03 +1.6978e-03 +1.6986e-03 +1.6981e-03 +1.6978e-03 +1.6969e-03 
+0000.00000 -2.9627e-08 -9.0936e-08 +4.7932e-07 +3.1280e-07 +1.4187e-07 +1.5392e-07 +3.2843e-08 +1.4025e-07 +1.3770e-07 +1.3370e-07 -5.2693e-08 -2.3359e-07 +2.6159e-07 -5.8142e-09 -3.3542e-07 -4.7867e-08 -7.9346e-08 +7.7152e-08 +1.6949e-07 +1.6390e-07 -3.5446e-07 +3.3192e-07 +7.6135e-08 +8.3771e-08 +1.1007e-07 -1.4861e-07 -2.6810e-07 -1.7094e-07 +3.2275e-07 -5.6903e-08 +1.3517e-07 -1.5331e-07 -9.7109e-08 +1.0877e-07 -1.4210e-07 +3.4715e-08 -1.9023e-07 -3.3097e-07 -2.5062e-07 -1.6925e-07 +3.5508e-07 
-0000.00170 -1.7021e-03 -1.7019e-03 -1.7010e-03 -1.7015e-03 -1.7013e-03 -1.7006e-03 -1.7011e-03 -1.7003e-03 -1.7004e-03 -1.7003e-03 -1.7007e-03 -1.7001e-03 -1.7000e-03 -1.7002e-03 -1.6996e-03 -1.6994e-03 -1.6995e-03 -1.6993e-03 -1.6991e-03 -1.6984e-03 -1.6991e-03 -1.7001e-03 -1.7006e-03 -1.7009e-03 -1.7002e-03 -1.7004e-03 -1.7001e-03 -1.7009e-03 -1.7003e-03 -1.7004e-03 -1.6999e-03 -1.6996e-03 -1.6987e-03 -1.6986e-03 -1.6991e-03 -1.6986e-03 -1.6984e-03 -1.6981e-03 -1.6980e-03 -1.6979e-03 -1.6978e-03 