# Author: FAC idanalysis.IDKickMap
#
# Total Length of Longitudinal Interval [m]
0.984
# Number of Horizontal Points
21
# Number of Vertical Points
5
# Total Horizontal 2nd Order Kick [T2m2]
START
            -0000.01000 -0000.00900 -0000.00800 -0000.00700 -0000.00600 -0000.00500 -0000.00400 -0000.00300 -0000.00200 -0000.00100 +0000.00000 +0000.00100 +0000.00200 +0000.00300 +0000.00400 +0000.00500 +0000.00600 +0000.00700 +0000.00800 +0000.00900 +0000.01000
+0000.00350 -1.3833e-04 -1.2007e-04 -1.0199e-04 -8.4636e-05 -6.8311e-05 -5.3117e-05 -3.9013e-05 -2.5867e-05 -1.3499e-05 -1.7149e-06 +9.6746e-06 +2.0841e-05 +3.1939e-05 +4.3105e-05 +5.4468e-05 +6.6151e-05 +7.8270e-05 +9.0928e-05 +1.0418e-04 +1.1801e-04 +1.3226e-04
+0000.00175 -1.2391e-04 -1.1033e-04 -9.6081e-05 -8.1739e-05 -6.7696e-05 -5.4188e-05 -4.1320e-05 -2.9093e-05 -1.7443e-05 -6.2610e-06 +4.5808e-06 +1.5218e-05 +2.5782e-05 +3.6398e-05 +4.7175e-05 +5.8206e-05 +6.9552e-05 +8.1232e-05 +9.3197e-05 +1.0531e-04 +1.1730e-04
+0000.00000 -1.2088e-04 -1.0890e-04 -9.6031e-05 -8.2811e-05 -6.9655e-05 -5.6831e-05 -4.4480e-05 -3.2646e-05 -2.1297e-05 -1.0355e-05 +2.8707e-07 +1.0750e-05 +2.1155e-05 +3.1619e-05 +4.2244e-05 +5.3111e-05 +6.4265e-05 +7.5699e-05 +8.7338e-05 +9.9011e-05 +1.1044e-04
-0000.00175 -1.2927e-04 -1.1625e-04 -1.0249e-04 -8.8565e-05 -7.4866e-05 -6.1636e-05 -4.8980e-05 -3.6906e-05 -2.5353e-05 -1.4218e-05 -3.3790e-06 +7.2961e-06 +1.7938e-05 +2.8670e-05 +3.9607e-05 +5.0845e-05 +6.2449e-05 +7.4442e-05 +8.6778e-05 +9.9318e-05 +1.1181e-04
-0000.00350 -1.4929e-04 -1.3215e-04 -1.1504e-04 -9.8503e-05 -8.2859e-05 -6.8209e-05 -5.4519e-05 -4.1663e-05 -2.9471e-05 -1.7764e-05 -6.3669e-06 +4.8819e-06 +1.6131e-05 +2.7522e-05 +3.9190e-05 +5.1270e-05 +6.3893e-05 +7.7168e-05 +9.1161e-05 +1.0585e-04 +1.2108e-04
# Total Vertical 2nd Order Kick [T2m2]
START
            -0000.01000 -0000.00900 -0000.00800 -0000.00700 -0000.00600 -0000.00500 -0000.00400 -0000.00300 -0000.00200 -0000.00100 +0000.00000 +0000.00100 +0000.00200 +0000.00300 +0000.00400 +0000.00500 +0000.00600 +0000.00700 +0000.00800 +0000.00900 +0000.01000
+0000.00350 -3.6914e-04 -3.7861e-04 -3.8474e-04 -3.8825e-04 -3.8980e-04 -3.8992e-04 -3.8904e-04 -3.8742e-04 -3.8526e-04 -3.8266e-04 -3.7965e-04 -3.7626e-04 -3.7247e-04 -3.6827e-04 -3.6364e-04 -3.5855e-04 -3.5294e-04 -3.4669e-04 -3.3960e-04 -3.3137e-04 -3.2159e-04
+0000.00175 -1.7390e-04 -1.7801e-04 -1.8054e-04 -1.8176e-04 -1.8194e-04 -1.8131e-04 -1.8008e-04 -1.7840e-04 -1.7637e-04 -1.7406e-04 -1.7152e-04 -1.6876e-04 -1.6579e-04 -1.6263e-04 -1.5925e-04 -1.5565e-04 -1.5178e-04 -1.4759e-04 -1.4298e-04 -1.3783e-04 -1.3196e-04
+0000.00000 -2.0389e-05 -1.8785e-05 -1.7030e-05 -1.5146e-05 -1.3154e-05 -1.1072e-05 -8.9200e-06 -6.7153e-06 -4.4743e-06 -2.2121e-06 +5.7621e-08 +2.3226e-06 +4.5711e-06 +6.7916e-06 +8.9722e-06 +1.1100e-05 +1.3161e-05 +1.5140e-05 +1.7021e-05 +1.8787e-05 +2.0422e-05
-0000.00175 +1.3260e-04 +1.3999e-04 +1.4609e-04 +1.5114e-04 +1.5536e-04 +1.5895e-04 +1.6208e-04 +1.6486e-04 +1.6736e-04 +1.6962e-04 +1.7165e-04 +1.7345e-04 +1.7502e-04 +1.7633e-04 +1.7736e-04 +1.7805e-04 +1.7835e-04 +1.7817e-04 +1.7737e-04 +1.7580e-04 +1.7326e-04
-0000.00350 +3.2626e-04 +3.3922e-04 +3.4911e-04 +3.5664e-04 +3.6241e-04 +3.6693e-04 +3.7057e-04 +3.7357e-04 +3.7607e-04 +3.7816e-04 +3.7984e-04 +3.8111e-04 +3.8195e-04 +3.8233e-04 +3.8222e-04 +3.8155e-04 +3.8025e-04 +3.7816e-04 +3.7504e-04 +3.7055e-04 +3.6426e-04
# Horizontal Final Position [m]
START
            -0000.01000 -0000.00900 -0000.00800 -0000.00700 -0000.00600 -0000.00500 -0000.00400 -0000.00300 -0000.00200 -0000.00100 +0000.00000 +0000.00100 +0000.00200 +0000.00300 +0000.00400 +0000.00500 +0000.00600 +0000.00700 +0000.00800 +0000.00900 +0000.01000
+0000.00350 -1.0001e-02 -9.0008e-03 -8.0005e-03 -7.0003e-03 -6.0001e-03 -5.0000e-03 -3.9998e-03 -2.9996e-03 -1.9995e-03 -9.9939e-04 +7.1079e-07 +1.0008e-03 +2.0009e-03 +3.0010e-03 +4.0010e-03 +5.0011e-03 +6.0012e-03 +7.0012e-03 +8.0013e-03 +9.0013e-03 +1.0001e-02
+0000.00175 -1.0001e-02 -9.0007e-03 -8.0005e-03 -7.0003e-03 -6.0002e-03 -5.0000e-03 -3.9998e-03 -2.9997e-03 -1.9996e-03 -9.9947e-04 +6.2717e-07 +1.0007e-03 +2.0008e-03 +3.0009e-03 +4.0009e-03 +5.0010e-03 +6.0010e-03 +7.0011e-03 +8.0011e-03 +9.0012e-03 +1.0001e-02
+0000.00000 -1.0001e-02 -9.0007e-03 -8.0005e-03 -7.0003e-03 -6.0002e-03 -5.0000e-03 -3.9999e-03 -2.9998e-03 -1.9996e-03 -9.9952e-04 +5.7601e-07 +1.0007e-03 +2.0007e-03 +3.0008e-03 +4.0009e-03 +5.0009e-03 +6.0010e-03 +7.0010e-03 +8.0011e-03 +9.0011e-03 +1.0001e-02
-0000.00175 -1.0001e-02 -9.0008e-03 -8.0006e-03 -7.0004e-03 -6.0002e-03 -5.0001e-03 -3.9999e-03 -2.9998e-03 -1.9997e-03 -9.9954e-04 +5.5589e-07 +1.0006e-03 +2.0007e-03 +3.0008e-03 +4.0009e-03 +5.0009e-03 +6.0010e-03 +7.0010e-03 +8.0011e-03 +9.0011e-03 +1.0001e-02
-0000.00350 -1.0001e-02 -9.0009e-03 -8.0007e-03 -7.0005e-03 -6.0003e-03 -5.0001e-03 -3.9999e-03 -2.9998e-03 -1.9997e-03 -9.9954e-04 +5.6716e-07 +1.0007e-03 +2.0008e-03 +3.0008e-03 +4.0009e-03 +5.0010e-03 +6.0010e-03 +7.0011e-03 +8.0012e-03 +9.0012e-03 +1.0001e-02
# Vertical Final Position [m]
START
            -0000.01000 -0000.00900 -0000.00800 -0000.00700 -0000.00600 -0000.00500 -0000.00400 -0000.00300 -0000.00200 -0000.00100 +0000.00000 +0000.00100 +0000.00200 +0000.00300 +0000.00400 +0000.00500 +0000.00600 +0000.00700 +0000.00800 +0000.00900 +0000.01000
+0000.00350 +3.4965e-03 +3.4964e-03 +3.4964e-03 +3.4964e-03 +3.4964e-03 +3.4964e-03 +3.4964e-03 +3.4965e-03 +3.4965e-03 +3.4966e-03 +3.4966e-03 +3.4967e-03 +3.4967e-03 +3.4968e-03 +3.4969e-03 +3.4970e-03 +3.4970e-03 +3.4971e-03 +3.4972e-03 +3.4973e-03 +3.4974e-03
+0000.00175 +1.7484e-03 +1.7483e-03 +1.7483e-03 +1.7483e-03 +1.7483e-03 +1.7483e-03 +1.7484e-03 +1.7484e-03 +1.7484e-03 +1.7484e-03 +1.7485e-03 +1.7485e-03 +1.7486e-03 +1.7486e-03 +1.7487e-03 +1.7487e-03 +1.7488e-03 +1.7488e-03 +1.7489e-03 +1.7489e-03 +1.7490e-03
+0000.00000 -1.6868e-07 -1.5327e-07 -1.3668e-07 -1.1910e-07 -1.0069e-07 -8.1608e-08 -6.2011e-08 -4.2036e-08 -2.1816e-08 -1.4755e-09 +1.8871e-08 +3.9117e-08 +5.9159e-08 +7.8892e-08 +9.8203e-08 +1.1697e-07 +1.3506e-07 +1.5232e-07 +1.6859e-07 +1.8371e-07 +1.9752e-07
-0000.00175 -1.7487e-03 -1.7486e-03 -1.7486e-03 -1.7485e-03 -1.7485e-03 -1.7485e-03 -1.7485e-03 -1.7485e-03 -1.7485e-03 -1.7484e-03 -1.7484e-03 -1.7484e-03 -1.7484e-03 -1.7484e-03 -1.7485e-03 -1.7485e-03 -1.7485e-03 -1.7485e-03 -1.7485e-03 -1.7485e-03 -1.7486e-03
-0000.00350 -3.4968e-03 -3.4967e-03 -3.4967e-03 -3.4966e-03 -3.4966e-03 -3.4966e-03 -3.4965e-03 -3.4965e-03 -3.4966e-03 -3.4966e-03 -3.4966e-03 -3.4966e-03 -3.4966e-03 -3.4966e-03 -3.4967e-03 -3.4967e-03 -3.4968e-03 -3.4968e-03 -3.4969e-03 -3.4969e-03 -3.4970e-03
