# Author: FAC idanalysis.IDKickMap
# 
# Total Length of Longitudinal Interval [m]
2
# Number of Horizontal Points
9
# Number of Vertical Points
9
# Total Horizontal 2nd Order Kick [T2m2]
START
            -0000.00400 -0000.00300 -0000.00200 -0000.00100 +0000.00000 +0000.00100 +0000.00200 +0000.00300 +0000.00400 
+0000.00200 +3.8732e-07 +8.4114e-07 -1.5543e-07 -9.8028e-07 -9.0975e-09 +9.6501e-07 +1.4197e-07 -8.5489e-07 -4.0303e-07 
+0000.00150 +1.3172e-07 +3.6652e-07 -8.3763e-08 -4.3061e-07 -8.2082e-09 +4.1520e-07 +6.9445e-08 -3.8052e-07 -1.4548e-07 
+0000.00100 +4.1551e-08 +1.5836e-07 -4.8795e-08 -2.0193e-07 -7.8600e-09 +1.8666e-07 +3.4277e-08 -1.7223e-07 -5.4462e-08 
+0000.00050 +8.1099e-09 +7.3670e-08 -3.3729e-08 -1.1112e-07 -7.7125e-09 +9.5973e-08 +1.9209e-08 -8.7389e-08 -2.0643e-08 
+0000.00000 -5.8220e-10 +5.0950e-08 -2.9607e-08 -8.7007e-08 -7.6608e-09 +7.1930e-08 +1.5127e-08 -6.4584e-08 -1.1810e-08 
-0000.00050 +8.0772e-09 +7.3607e-08 -3.3798e-08 -1.1115e-07 -7.6826e-09 +9.6077e-08 +1.9361e-08 -8.7230e-08 -2.0513e-08 
-0000.00100 +4.1490e-08 +1.5823e-07 -4.8942e-08 -2.0202e-07 -7.8022e-09 +1.8688e-07 +3.4591e-08 -1.7190e-07 -5.4203e-08 
-0000.00150 +1.3164e-07 +3.6630e-07 -8.4007e-08 -4.3076e-07 -8.1276e-09 +4.1555e-07 +6.9943e-08 -3.8000e-07 -1.4509e-07 
-0000.00200 +3.8722e-07 +8.4080e-07 -1.5580e-07 -9.8053e-07 -9.0038e-09 +9.6551e-07 +1.4269e-07 -8.5413e-07 -4.0250e-07 
# Total Vertical 2nd Order Kick [T2m2]
START
            -0000.00400 -0000.00300 -0000.00200 -0000.00100 +0000.00000 +0000.00100 +0000.00200 +0000.00300 +0000.00400 
+0000.00200 -8.1455e-05 -7.9942e-05 -7.9338e-05 -8.0311e-05 -8.1573e-05 -8.0314e-05 -7.9339e-05 -7.9943e-05 -8.1458e-05 
+0000.00150 -5.3687e-05 -5.3099e-05 -5.2810e-05 -5.3261e-05 -5.3731e-05 -5.3262e-05 -5.2811e-05 -5.3100e-05 -5.3690e-05 
+0000.00100 -3.2581e-05 -3.2347e-05 -3.2220e-05 -3.2415e-05 -3.2599e-05 -3.2416e-05 -3.2221e-05 -3.2348e-05 -3.2583e-05 
+0000.00050 -1.5382e-05 -1.5299e-05 -1.5251e-05 -1.5324e-05 -1.5388e-05 -1.5324e-05 -1.5252e-05 -1.5299e-05 -1.5383e-05 
+0000.00000 +2.0997e-09 +2.1479e-09 +2.2150e-09 +2.2691e-09 +2.2734e-09 +2.2060e-09 +2.0766e-09 +1.9192e-09 +1.7737e-09 
-0000.00050 +1.5386e-05 +1.5303e-05 +1.5256e-05 +1.5328e-05 +1.5393e-05 +1.5328e-05 +1.5256e-05 +1.5303e-05 +1.5387e-05 
-0000.00100 +3.2586e-05 +3.2351e-05 +3.2225e-05 +3.2420e-05 +3.2604e-05 +3.2421e-05 +3.2225e-05 +3.2352e-05 +3.2587e-05 
-0000.00150 +5.3691e-05 +5.3103e-05 +5.2814e-05 +5.3265e-05 +5.3735e-05 +5.3266e-05 +5.2815e-05 +5.3104e-05 +5.3693e-05 
-0000.00200 +8.1459e-05 +7.9946e-05 +7.9342e-05 +8.0316e-05 +8.1578e-05 +8.0319e-05 +7.9344e-05 +7.9947e-05 +8.1461e-05 
# Horizontal Final Position [m]
START
            -0000.00400 -0000.00300 -0000.00200 -0000.00100 +0000.00000 +0000.00100 +0000.00200 +0000.00300 +0000.00400 
+0000.00200 -4.0010e-03 -3.0010e-03 -2.0010e-03 -1.0010e-03 -1.0002e-06 +9.9901e-04 +1.9990e-03 +2.9990e-03 +3.9990e-03 
+0000.00150 -4.0010e-03 -3.0010e-03 -2.0010e-03 -1.0010e-03 -9.9745e-07 +9.9901e-04 +1.9990e-03 +2.9990e-03 +3.9990e-03 
+0000.00100 -4.0010e-03 -3.0010e-03 -2.0010e-03 -1.0010e-03 -9.9648e-07 +9.9900e-04 +1.9990e-03 +2.9990e-03 +3.9990e-03 
+0000.00050 -4.0010e-03 -3.0010e-03 -2.0010e-03 -1.0010e-03 -9.9624e-07 +9.9900e-04 +1.9990e-03 +2.9990e-03 +3.9990e-03 
+0000.00000 -4.0010e-03 -3.0010e-03 -2.0010e-03 -1.0010e-03 -9.9620e-07 +9.9900e-04 +1.9990e-03 +2.9990e-03 +3.9990e-03 
-0000.00050 -4.0010e-03 -3.0010e-03 -2.0010e-03 -1.0010e-03 -9.9624e-07 +9.9900e-04 +1.9990e-03 +2.9990e-03 +3.9990e-03 
-0000.00100 -4.0010e-03 -3.0010e-03 -2.0010e-03 -1.0010e-03 -9.9648e-07 +9.9900e-04 +1.9990e-03 +2.9990e-03 +3.9990e-03 
-0000.00150 -4.0010e-03 -3.0010e-03 -2.0010e-03 -1.0010e-03 -9.9745e-07 +9.9901e-04 +1.9990e-03 +2.9990e-03 +3.9990e-03 
-0000.00200 -4.0010e-03 -3.0010e-03 -2.0010e-03 -1.0010e-03 -1.0002e-06 +9.9901e-04 +1.9990e-03 +2.9990e-03 +3.9990e-03 
# Vertical Final Position [m]
START
            -0000.00400 -0000.00300 -0000.00200 -0000.00100 +0000.00000 +0000.00100 +0000.00200 +0000.00300 +0000.00400 
+0000.00200 +1.9998e-03 +1.9998e-03 +1.9998e-03 +1.9998e-03 +1.9998e-03 +1.9998e-03 +1.9998e-03 +1.9999e-03 +1.9999e-03 
+0000.00150 +1.4999e-03 +1.4999e-03 +1.4999e-03 +1.4999e-03 +1.4999e-03 +1.4999e-03 +1.4999e-03 +1.4999e-03 +1.4999e-03 
+0000.00100 +9.9993e-04 +9.9993e-04 +9.9993e-04 +9.9994e-04 +9.9993e-04 +9.9994e-04 +9.9994e-04 +9.9994e-04 +9.9994e-04 
+0000.00050 +4.9997e-04 +4.9997e-04 +4.9997e-04 +4.9997e-04 +4.9997e-04 +4.9997e-04 +4.9997e-04 +4.9997e-04 +4.9997e-04 
+0000.00000 +1.0478e-11 +1.0663e-11 +1.0898e-11 +1.1107e-11 +1.1160e-11 +1.0987e-11 +1.0644e-11 +1.0256e-11 +9.9170e-12 
-0000.00050 -4.9997e-04 -4.9997e-04 -4.9997e-04 -4.9997e-04 -4.9997e-04 -4.9997e-04 -4.9997e-04 -4.9997e-04 -4.9997e-04 
-0000.00100 -9.9993e-04 -9.9993e-04 -9.9993e-04 -9.9994e-04 -9.9993e-04 -9.9994e-04 -9.9994e-04 -9.9994e-04 -9.9994e-04 
-0000.00150 -1.4999e-03 -1.4999e-03 -1.4999e-03 -1.4999e-03 -1.4999e-03 -1.4999e-03 -1.4999e-03 -1.4999e-03 -1.4999e-03 
-0000.00200 -1.9998e-03 -1.9998e-03 -1.9998e-03 -1.9998e-03 -1.9998e-03 -1.9998e-03 -1.9998e-03 -1.9999e-03 -1.9999e-03 