# Author: FAC idanalysis.IDKickMap
# 
# Total Length of Longitudinal Interval [m]
2
# Number of Horizontal Points
9
# Number of Vertical Points
9
# Total Horizontal 2nd Order Kick [T2m2]
START
            -0000.00400 -0000.00300 -0000.00200 -0000.00100 +0000.00000 +0000.00100 +0000.00200 +0000.00300 +0000.00400 
+0000.00200 -9.8849e-09 +2.8140e-08 -2.0935e-08 -5.6460e-08 -3.2152e-09 +5.0254e-08 +1.5231e-08 -3.3221e-08 +5.6537e-09 
+0000.00150 -2.5119e-08 -7.1787e-10 -1.7281e-08 -2.9152e-08 -3.0762e-09 +2.3164e-08 +1.1721e-08 -4.2176e-09 +2.1002e-08 
+0000.00100 -3.3071e-08 -1.3572e-08 -1.6047e-08 -1.7874e-08 -2.9888e-09 +1.2037e-08 +1.0602e-08 +8.7298e-09 +2.8999e-08 
+0000.00050 -3.7029e-08 -1.9085e-08 -1.5710e-08 -1.3427e-08 -2.9403e-09 +7.6765e-09 +1.0333e-08 +1.4289e-08 +3.2964e-08 
+0000.00000 -3.8257e-08 -2.0646e-08 -1.5668e-08 -1.2263e-08 -2.9260e-09 +6.5374e-09 +1.0306e-08 +1.5853e-08 +3.4173e-08 
-0000.00050 -3.7089e-08 -1.9145e-08 -1.5762e-08 -1.3459e-08 -2.9445e-09 +7.6974e-09 +1.0365e-08 +1.4312e-08 +3.2964e-08 
-0000.00100 -3.3190e-08 -1.3694e-08 -1.6153e-08 -1.7940e-08 -2.9968e-09 +1.2082e-08 +1.0672e-08 +8.7809e-09 +2.8998e-08 
-0000.00150 -2.5297e-08 -9.0596e-10 -1.7449e-08 -2.9256e-08 -3.0871e-09 +2.3241e-08 +1.1841e-08 -4.1299e-09 +2.1000e-08 
-0000.00200 -1.0121e-08 +2.7877e-08 -2.1176e-08 -5.6610e-08 -3.2282e-09 +5.0375e-08 +1.5419e-08 -3.3080e-08 +5.6480e-09 
# Total Vertical 2nd Order Kick [T2m2]
START
            -0000.00400 -0000.00300 -0000.00200 -0000.00100 +0000.00000 +0000.00100 +0000.00200 +0000.00300 +0000.00400 
+0000.00200 -2.7026e-05 -2.6949e-05 -2.6906e-05 -2.6963e-05 -2.7016e-05 -2.6964e-05 -2.6907e-05 -2.6950e-05 -2.7027e-05 
+0000.00150 -1.7969e-05 -1.7934e-05 -1.7915e-05 -1.7939e-05 -1.7960e-05 -1.7939e-05 -1.7916e-05 -1.7935e-05 -1.7970e-05 
+0000.00100 -1.0958e-05 -1.0942e-05 -1.0933e-05 -1.0943e-05 -1.0951e-05 -1.0943e-05 -1.0934e-05 -1.0943e-05 -1.0959e-05 
+0000.00050 -5.1863e-06 -5.1799e-06 -5.1763e-06 -5.1797e-06 -5.1828e-06 -5.1798e-06 -5.1766e-06 -5.1801e-06 -5.1866e-06 
+0000.00000 +9.3524e-10 +9.9500e-10 +1.0510e-09 +1.0931e-09 +1.1112e-09 +1.1025e-09 +1.0750e-09 +1.0462e-09 +1.0342e-09 
-0000.00050 +5.1882e-06 +5.1819e-06 +5.1784e-06 +5.1819e-06 +5.1851e-06 +5.1820e-06 +5.1787e-06 +5.1822e-06 +5.1886e-06 
-0000.00100 +1.0960e-05 +1.0944e-05 +1.0935e-05 +1.0945e-05 +1.0954e-05 +1.0945e-05 +1.0936e-05 +1.0945e-05 +1.0961e-05 
-0000.00150 +1.7971e-05 +1.7936e-05 +1.7917e-05 +1.7941e-05 +1.7962e-05 +1.7941e-05 +1.7918e-05 +1.7937e-05 +1.7972e-05 
-0000.00200 +2.7028e-05 +2.6951e-05 +2.6908e-05 +2.6966e-05 +2.7018e-05 +2.6966e-05 +2.6909e-05 +2.6952e-05 +2.7029e-05 
# Horizontal Final Position [m]
START
            -0000.00400 -0000.00300 -0000.00200 -0000.00100 +0000.00000 +0000.00100 +0000.00200 +0000.00300 +0000.00400 
+0000.00200 -4.0007e-03 -3.0007e-03 -2.0007e-03 -1.0007e-03 -7.2801e-07 +9.9927e-04 +1.9993e-03 +2.9993e-03 +3.9993e-03 
+0000.00150 -4.0007e-03 -3.0007e-03 -2.0007e-03 -1.0007e-03 -7.2745e-07 +9.9927e-04 +1.9993e-03 +2.9993e-03 +3.9993e-03 
+0000.00100 -4.0007e-03 -3.0007e-03 -2.0007e-03 -1.0007e-03 -7.2719e-07 +9.9927e-04 +1.9993e-03 +2.9993e-03 +3.9993e-03 
+0000.00050 -4.0007e-03 -3.0007e-03 -2.0007e-03 -1.0007e-03 -7.2707e-07 +9.9927e-04 +1.9993e-03 +2.9993e-03 +3.9993e-03 
+0000.00000 -4.0007e-03 -3.0007e-03 -2.0007e-03 -1.0007e-03 -7.2704e-07 +9.9927e-04 +1.9993e-03 +2.9993e-03 +3.9993e-03 
-0000.00050 -4.0007e-03 -3.0007e-03 -2.0007e-03 -1.0007e-03 -7.2707e-07 +9.9927e-04 +1.9993e-03 +2.9993e-03 +3.9993e-03 
-0000.00100 -4.0007e-03 -3.0007e-03 -2.0007e-03 -1.0007e-03 -7.2719e-07 +9.9927e-04 +1.9993e-03 +2.9993e-03 +3.9993e-03 
-0000.00150 -4.0007e-03 -3.0007e-03 -2.0007e-03 -1.0007e-03 -7.2745e-07 +9.9927e-04 +1.9993e-03 +2.9993e-03 +3.9993e-03 
-0000.00200 -4.0007e-03 -3.0007e-03 -2.0007e-03 -1.0007e-03 -7.2801e-07 +9.9927e-04 +1.9993e-03 +2.9993e-03 +3.9993e-03 
# Vertical Final Position [m]
START
            -0000.00400 -0000.00300 -0000.00200 -0000.00100 +0000.00000 +0000.00100 +0000.00200 +0000.00300 +0000.00400 
+0000.00200 +1.9999e-03 +1.9999e-03 +1.9999e-03 +1.9999e-03 +1.9999e-03 +1.9999e-03 +1.9999e-03 +1.9999e-03 +1.9999e-03 
+0000.00150 +1.5000e-03 +1.5000e-03 +1.5000e-03 +1.5000e-03 +1.5000e-03 +1.5000e-03 +1.5000e-03 +1.5000e-03 +1.5000e-03 
+0000.00100 +9.9998e-04 +9.9998e-04 +9.9998e-04 +9.9998e-04 +9.9998e-04 +9.9998e-04 +9.9998e-04 +9.9998e-04 +9.9998e-04 
+0000.00050 +4.9999e-04 +4.9999e-04 +4.9999e-04 +4.9999e-04 +4.9999e-04 +4.9999e-04 +4.9999e-04 +4.9999e-04 +4.9999e-04 
+0000.00000 +5.8478e-12 +6.0810e-12 +6.2776e-12 +6.4083e-12 +6.4417e-12 +6.3680e-12 +6.2134e-12 +6.0295e-12 +5.8650e-12 
-0000.00050 -4.9999e-04 -4.9999e-04 -4.9999e-04 -4.9999e-04 -4.9999e-04 -4.9999e-04 -4.9999e-04 -4.9999e-04 -4.9999e-04 
-0000.00100 -9.9998e-04 -9.9998e-04 -9.9998e-04 -9.9998e-04 -9.9998e-04 -9.9998e-04 -9.9998e-04 -9.9998e-04 -9.9998e-04 
-0000.00150 -1.5000e-03 -1.5000e-03 -1.5000e-03 -1.5000e-03 -1.5000e-03 -1.5000e-03 -1.5000e-03 -1.5000e-03 -1.5000e-03 
-0000.00200 -1.9999e-03 -1.9999e-03 -1.9999e-03 -1.9999e-03 -1.9999e-03 -1.9999e-03 -1.9999e-03 -1.9999e-03 -1.9999e-03 