# Author: FAC idanalysis.IDKickMap
# 
# Total Length of Longitudinal Interval [m]
2
# Number of Horizontal Points
9
# Number of Vertical Points
9
# Total Horizontal 2nd Order Kick [T2m2]
START
            -0000.00400 -0000.00300 -0000.00200 -0000.00100 +0000.00000 +0000.00100 +0000.00200 +0000.00300 +0000.00400 
+0000.00200 +1.1004e-07 +3.0796e-07 -6.8444e-08 -3.5886e-07 -4.7246e-09 +3.5061e-07 +6.1588e-08 -3.1458e-07 -1.1693e-07 
+0000.00150 +2.8824e-08 +1.2491e-07 -3.8567e-08 -1.5988e-07 -4.2988e-09 +1.5181e-07 +3.1335e-08 -1.3167e-07 -3.5185e-08 
+0000.00100 -3.7930e-09 +4.6536e-08 -2.5240e-08 -7.7331e-08 -4.1074e-09 +6.9407e-08 +1.7900e-08 -5.3319e-08 -2.3952e-09 
+0000.00050 -1.7082e-08 +1.4737e-08 -1.9811e-08 -4.4512e-08 -4.0200e-09 +3.6673e-08 +1.2444e-08 -2.1536e-08 +1.0934e-08 
+0000.00000 -2.0785e-08 +6.1316e-09 -1.8410e-08 -3.5816e-08 -3.9929e-09 +2.8003e-08 +1.1027e-08 -1.2956e-08 +1.4618e-08 
-0000.00050 -1.7279e-08 +1.4536e-08 -1.9972e-08 -4.4596e-08 -4.0144e-09 +3.6753e-08 +1.2566e-08 -2.1404e-08 +1.1049e-08 
-0000.00100 -4.1936e-09 +4.6121e-08 -2.5572e-08 -7.7501e-08 -4.0921e-09 +6.9574e-08 +1.8154e-08 -5.3049e-08 -2.1644e-09 
-0000.00150 +2.8207e-08 +1.2426e-07 -3.9090e-08 -1.6015e-07 -4.2646e-09 +1.5209e-07 +3.1738e-08 -1.3124e-07 -3.4839e-08 
-0000.00200 +1.0918e-07 +3.0702e-07 -6.9191e-08 -3.5922e-07 -4.6546e-09 +3.5101e-07 +6.2170e-08 -3.1398e-07 -1.1647e-07 
# Total Vertical 2nd Order Kick [T2m2]
START
            -0000.00400 -0000.00300 -0000.00200 -0000.00100 +0000.00000 +0000.00100 +0000.00200 +0000.00300 +0000.00400 
+0000.00200 -5.5554e-05 -5.5038e-05 -5.4783e-05 -5.5175e-05 -5.5583e-05 -5.5176e-05 -5.4785e-05 -5.5038e-05 -5.5555e-05 
+0000.00150 -3.6788e-05 -3.6578e-05 -3.6464e-05 -3.6636e-05 -3.6797e-05 -3.6636e-05 -3.6465e-05 -3.6579e-05 -3.6789e-05 
+0000.00100 -2.2381e-05 -2.2294e-05 -2.2246e-05 -2.2318e-05 -2.2382e-05 -2.2318e-05 -2.2246e-05 -2.2295e-05 -2.2381e-05 
+0000.00050 -1.0579e-05 -1.0547e-05 -1.0529e-05 -1.0556e-05 -1.0579e-05 -1.0556e-05 -1.0530e-05 -1.0548e-05 -1.0579e-05 
+0000.00000 +1.5770e-09 +1.7781e-09 +1.9612e-09 +2.0846e-09 +2.1234e-09 +2.0798e-09 +1.9772e-09 +1.8485e-09 +1.7242e-09 
-0000.00050 +1.0582e-05 +1.0551e-05 +1.0533e-05 +1.0560e-05 +1.0583e-05 +1.0560e-05 +1.0533e-05 +1.0551e-05 +1.0583e-05 
-0000.00100 +2.2384e-05 +2.2298e-05 +2.2250e-05 +2.2322e-05 +2.2387e-05 +2.2322e-05 +2.2250e-05 +2.2299e-05 +2.2385e-05 
-0000.00150 +3.6791e-05 +3.6582e-05 +3.6468e-05 +3.6640e-05 +3.6801e-05 +3.6641e-05 +3.6469e-05 +3.6583e-05 +3.6792e-05 
-0000.00200 +5.5557e-05 +5.5041e-05 +5.4787e-05 +5.5179e-05 +5.5588e-05 +5.5181e-05 +5.4789e-05 +5.5042e-05 +5.5558e-05 
# Horizontal Final Position [m]
START
            -0000.00400 -0000.00300 -0000.00200 -0000.00100 +0000.00000 +0000.00100 +0000.00200 +0000.00300 +0000.00400 
+0000.00200 -4.0009e-03 -3.0009e-03 -2.0009e-03 -1.0009e-03 -8.7829e-07 +9.9913e-04 +1.9991e-03 +2.9991e-03 +3.9991e-03 
+0000.00150 -4.0009e-03 -3.0009e-03 -2.0009e-03 -1.0009e-03 -8.7663e-07 +9.9913e-04 +1.9991e-03 +2.9991e-03 +3.9991e-03 
+0000.00100 -4.0009e-03 -3.0009e-03 -2.0009e-03 -1.0009e-03 -8.7608e-07 +9.9912e-04 +1.9991e-03 +2.9991e-03 +3.9991e-03 
+0000.00050 -4.0009e-03 -3.0009e-03 -2.0009e-03 -1.0009e-03 -8.7595e-07 +9.9912e-04 +1.9991e-03 +2.9991e-03 +3.9991e-03 
+0000.00000 -4.0009e-03 -3.0009e-03 -2.0009e-03 -1.0009e-03 -8.7593e-07 +9.9912e-04 +1.9991e-03 +2.9991e-03 +3.9991e-03 
-0000.00050 -4.0009e-03 -3.0009e-03 -2.0009e-03 -1.0009e-03 -8.7595e-07 +9.9912e-04 +1.9991e-03 +2.9991e-03 +3.9991e-03 
-0000.00100 -4.0009e-03 -3.0009e-03 -2.0009e-03 -1.0009e-03 -8.7608e-07 +9.9912e-04 +1.9991e-03 +2.9991e-03 +3.9991e-03 
-0000.00150 -4.0009e-03 -3.0009e-03 -2.0009e-03 -1.0009e-03 -8.7663e-07 +9.9913e-04 +1.9991e-03 +2.9991e-03 +3.9991e-03 
-0000.00200 -4.0009e-03 -3.0009e-03 -2.0009e-03 -1.0009e-03 -8.7829e-07 +9.9913e-04 +1.9991e-03 +2.9991e-03 +3.9991e-03 
# Vertical Final Position [m]
START
            -0000.00400 -0000.00300 -0000.00200 -0000.00100 +0000.00000 +0000.00100 +0000.00200 +0000.00300 +0000.00400 
+0000.00200 +1.9999e-03 +1.9999e-03 +1.9999e-03 +1.9999e-03 +1.9999e-03 +1.9999e-03 +1.9999e-03 +1.9999e-03 +1.9999e-03 
+0000.00150 +1.4999e-03 +1.4999e-03 +1.4999e-03 +1.4999e-03 +1.4999e-03 +1.4999e-03 +1.4999e-03 +1.4999e-03 +1.4999e-03 
+0000.00100 +9.9995e-04 +9.9995e-04 +9.9995e-04 +9.9996e-04 +9.9996e-04 +9.9996e-04 +9.9996e-04 +9.9996e-04 +9.9996e-04 
+0000.00050 +4.9998e-04 +4.9998e-04 +4.9998e-04 +4.9998e-04 +4.9998e-04 +4.9998e-04 +4.9998e-04 +4.9998e-04 +4.9998e-04 
+0000.00000 +8.5087e-12 +9.0531e-12 +9.5460e-12 +9.8868e-12 +9.9842e-12 +9.8201e-12 +9.4677e-12 +9.0439e-12 +8.6379e-12 
-0000.00050 -4.9998e-04 -4.9998e-04 -4.9998e-04 -4.9998e-04 -4.9998e-04 -4.9998e-04 -4.9998e-04 -4.9998e-04 -4.9998e-04 
-0000.00100 -9.9995e-04 -9.9995e-04 -9.9995e-04 -9.9996e-04 -9.9996e-04 -9.9996e-04 -9.9996e-04 -9.9996e-04 -9.9996e-04 
-0000.00150 -1.4999e-03 -1.4999e-03 -1.4999e-03 -1.4999e-03 -1.4999e-03 -1.4999e-03 -1.4999e-03 -1.4999e-03 -1.4999e-03 
-0000.00200 -1.9999e-03 -1.9999e-03 -1.9999e-03 -1.9999e-03 -1.9999e-03 -1.9999e-03 -1.9999e-03 -1.9999e-03 -1.9999e-03 