# Author: FAC idanalysis.IDKickMap
# 
# Total Length of Longitudinal Interval [m]
2
# Number of Horizontal Points
9
# Number of Vertical Points
9
# Total Horizontal 2nd Order Kick [T2m2]
START
            -0000.00400 -0000.00300 -0000.00200 -0000.00100 +0000.00000 +0000.00100 +0000.00200 +0000.00300 +0000.00400 
+0000.00200 +2.9100e-05 +6.0049e-06 +6.0164e-07 -5.8986e-06 +1.1596e-06 +7.9906e-06 +1.4684e-06 -3.9244e-06 -2.6825e-05 
+0000.00150 +3.7797e-06 +3.4207e-06 -4.4247e-07 -4.4743e-06 -6.2643e-09 +4.4730e-06 +4.3477e-07 -3.4261e-06 -3.7917e-06 
+0000.00100 +9.2813e-07 +1.8166e-06 -2.9693e-07 -2.1943e-06 -7.6142e-09 +2.1821e-06 +2.8392e-07 -1.8293e-06 -9.4309e-07 
+0000.00050 +3.2011e-07 +9.8475e-07 -2.0035e-07 -1.1609e-06 -7.5945e-09 +1.1473e-06 +1.8766e-07 -9.9756e-07 -3.3391e-07 
+0000.00000 +1.9339e-07 +7.4432e-07 -1.6905e-07 -8.8113e-07 -7.6392e-09 +8.6723e-07 +1.5636e-07 -7.5714e-07 -2.0691e-07 
-0000.00050 +3.1973e-07 +9.8466e-07 -2.0033e-07 -1.1609e-06 -7.7176e-09 +1.1471e-06 +1.8750e-07 -9.9755e-07 -3.3357e-07 
-0000.00100 +9.2734e-07 +1.8165e-06 -2.9686e-07 -2.1943e-06 -7.8728e-09 +2.1817e-06 +2.8355e-07 -1.8293e-06 -9.4235e-07 
-0000.00150 +3.7785e-06 +3.4206e-06 -4.4229e-07 -4.4743e-06 -6.7083e-09 +4.4723e-06 +4.3414e-07 -3.4263e-06 -3.7904e-06 
-0000.00200 +2.9099e-05 +6.0050e-06 +6.0179e-07 -5.8988e-06 +1.1584e-06 +7.9901e-06 +1.4679e-06 -3.9247e-06 -2.6823e-05 
# Total Vertical 2nd Order Kick [T2m2]
START
            -0000.00400 -0000.00300 -0000.00200 -0000.00100 +0000.00000 +0000.00100 +0000.00200 +0000.00300 +0000.00400 
+0000.00200 -2.6840e-04 -2.4780e-04 -2.4686e-04 -2.4845e-04 -3.1716e-04 -2.4844e-04 -2.4686e-04 -2.4781e-04 -2.6834e-04 
+0000.00150 -1.7205e-04 -1.6245e-04 -1.6102e-04 -1.6351e-04 -1.7363e-04 -1.6351e-04 -1.6102e-04 -1.6245e-04 -1.7204e-04 
+0000.00100 -1.0181e-04 -9.8511e-05 -9.7516e-05 -9.9128e-05 -1.0207e-04 -9.9130e-05 -9.7516e-05 -9.8510e-05 -1.0181e-04 
+0000.00050 -4.7565e-05 -4.6486e-05 -4.6039e-05 -4.6730e-05 -4.7631e-05 -4.6731e-05 -4.6039e-05 -4.6485e-05 -4.7564e-05 
+0000.00000 +2.0315e-09 +2.2633e-09 +2.2928e-09 +2.2920e-09 +2.3646e-09 +2.5232e-09 +2.7051e-09 +2.7946e-09 +2.6248e-09 
-0000.00050 +4.7569e-05 +4.6491e-05 +4.6043e-05 +4.6735e-05 +4.7636e-05 +4.6736e-05 +4.6044e-05 +4.6491e-05 +4.7570e-05 
-0000.00100 +1.0182e-04 +9.8516e-05 +9.7520e-05 +9.9132e-05 +1.0207e-04 +9.9135e-05 +9.7521e-05 +9.8516e-05 +1.0182e-04 
-0000.00150 +1.7206e-04 +1.6245e-04 +1.6102e-04 +1.6351e-04 +1.7363e-04 +1.6351e-04 +1.6103e-04 +1.6245e-04 +1.7205e-04 
-0000.00200 +2.6840e-04 +2.4781e-04 +2.4686e-04 +2.4845e-04 +3.1717e-04 +2.4845e-04 +2.4686e-04 +2.4781e-04 +2.6835e-04 
# Horizontal Final Position [m]
START
            -0000.00400 -0000.00300 -0000.00200 -0000.00100 +0000.00000 +0000.00100 +0000.00200 +0000.00300 +0000.00400 
+0000.00200 -4.0006e-03 -3.0008e-03 -2.0008e-03 -1.0007e-03 -6.1735e-07 +9.9929e-04 +1.9992e-03 +2.9992e-03 +3.9992e-03 
+0000.00150 -4.0012e-03 -3.0013e-03 -2.0013e-03 -1.0013e-03 -1.2083e-06 +9.9875e-04 +1.9987e-03 +2.9987e-03 +3.9987e-03 
+0000.00100 -4.0013e-03 -3.0013e-03 -2.0013e-03 -1.0013e-03 -1.2413e-06 +9.9874e-04 +1.9987e-03 +2.9987e-03 +3.9987e-03 
+0000.00050 -4.0013e-03 -3.0013e-03 -2.0013e-03 -1.0013e-03 -1.2520e-06 +9.9874e-04 +1.9987e-03 +2.9987e-03 +3.9987e-03 
+0000.00000 -4.0013e-03 -3.0013e-03 -2.0013e-03 -1.0013e-03 -1.2549e-06 +9.9874e-04 +1.9987e-03 +2.9987e-03 +3.9987e-03 
-0000.00050 -4.0013e-03 -3.0013e-03 -2.0013e-03 -1.0013e-03 -1.2520e-06 +9.9874e-04 +1.9987e-03 +2.9987e-03 +3.9987e-03 
-0000.00100 -4.0013e-03 -3.0013e-03 -2.0013e-03 -1.0013e-03 -1.2413e-06 +9.9874e-04 +1.9987e-03 +2.9987e-03 +3.9987e-03 
-0000.00150 -4.0012e-03 -3.0013e-03 -2.0013e-03 -1.0013e-03 -1.2083e-06 +9.9875e-04 +1.9987e-03 +2.9987e-03 +3.9987e-03 
-0000.00200 -4.0006e-03 -3.0008e-03 -2.0008e-03 -1.0007e-03 -6.1735e-07 +9.9930e-04 +1.9992e-03 +2.9992e-03 +3.9992e-03 
# Vertical Final Position [m]
START
            -0000.00400 -0000.00300 -0000.00200 -0000.00100 +0000.00000 +0000.00100 +0000.00200 +0000.00300 +0000.00400 
+0000.00200 +1.9995e-03 +1.9995e-03 +1.9995e-03 +1.9994e-03 +1.9994e-03 +1.9996e-03 +1.9995e-03 +1.9995e-03 +1.9994e-03 
+0000.00150 +1.4997e-03 +1.4997e-03 +1.4997e-03 +1.4996e-03 +1.4997e-03 +1.4997e-03 +1.4997e-03 +1.4997e-03 +1.4996e-03 
+0000.00100 +9.9980e-04 +9.9981e-04 +9.9979e-04 +9.9978e-04 +9.9980e-04 +9.9982e-04 +9.9982e-04 +9.9980e-04 +9.9979e-04 
+0000.00050 +4.9991e-04 +4.9991e-04 +4.9990e-04 +4.9990e-04 +4.9990e-04 +4.9991e-04 +4.9991e-04 +4.9991e-04 +4.9990e-04 
+0000.00000 +1.2234e-11 +1.2694e-11 +1.2920e-11 +1.3176e-11 +1.3439e-11 +1.3600e-11 +1.3673e-11 +1.3667e-11 +1.3354e-11 
-0000.00050 -4.9991e-04 -4.9991e-04 -4.9990e-04 -4.9990e-04 -4.9990e-04 -4.9991e-04 -4.9991e-04 -4.9991e-04 -4.9990e-04 
-0000.00100 -9.9980e-04 -9.9981e-04 -9.9979e-04 -9.9978e-04 -9.9980e-04 -9.9982e-04 -9.9982e-04 -9.9980e-04 -9.9979e-04 
-0000.00150 -1.4997e-03 -1.4997e-03 -1.4997e-03 -1.4996e-03 -1.4997e-03 -1.4997e-03 -1.4997e-03 -1.4997e-03 -1.4996e-03 
-0000.00200 -1.9995e-03 -1.9995e-03 -1.9995e-03 -1.9994e-03 -1.9994e-03 -1.9996e-03 -1.9995e-03 -1.9995e-03 -1.9994e-03 