# Author: FAC idanalysis.IDKickMap
# 
# Total Length of Longitudinal Interval [m]
2
# Number of Horizontal Points
9
# Number of Vertical Points
9
# Total Horizontal 2nd Order Kick [T2m2]
START
            -0000.00400 -0000.00300 -0000.00200 -0000.00100 +0000.00000 +0000.00100 +0000.00200 +0000.00300 +0000.00400 
+0000.00200 +1.4291e-06 +2.0887e-06 -3.2271e-07 -2.5741e-06 -1.2182e-08 +2.5588e-06 +3.0868e-07 -2.1015e-06 -1.4480e-06 
+0000.00150 +4.4863e-07 +9.7780e-07 -1.8294e-07 -1.1423e-06 -1.1052e-08 +1.1228e-06 +1.6508e-07 -9.9475e-07 -4.6611e-07 
+0000.00100 +1.6542e-07 +4.4967e-07 -1.0281e-07 -5.2674e-07 -1.0387e-08 +5.0700e-07 +8.4428e-08 -4.6692e-07 -1.8152e-07 
+0000.00050 +7.0566e-08 +2.2865e-07 -6.5624e-08 -2.8172e-07 -1.0165e-08 +2.6199e-07 +4.7061e-08 -2.4590e-07 -8.6122e-08 
+0000.00000 +4.6998e-08 +1.6878e-07 -5.5189e-08 -2.1680e-07 -1.0142e-08 +1.9703e-07 +3.6541e-08 -1.8604e-07 -6.2396e-08 
-0000.00050 +7.0258e-08 +2.2827e-07 -6.5959e-08 -2.8195e-07 -1.0263e-08 +2.6204e-07 +4.7262e-08 -2.4560e-07 -8.5785e-08 
-0000.00100 +1.6478e-07 +4.4890e-07 -1.0350e-07 -5.2722e-07 -1.0586e-08 +5.0712e-07 +8.4839e-08 -4.6629e-07 -1.8083e-07 
-0000.00150 +4.4761e-07 +9.7657e-07 -1.8400e-07 -1.1430e-06 -1.1364e-08 +1.1230e-06 +1.6572e-07 -9.9375e-07 -4.6501e-07 
-0000.00200 +1.4276e-06 +2.0869e-06 -3.2418e-07 -2.5751e-06 -1.2627e-08 +2.5591e-06 +3.0957e-07 -2.1001e-06 -1.4464e-06 
# Total Vertical 2nd Order Kick [T2m2]
START
            -0000.00400 -0000.00300 -0000.00200 -0000.00100 +0000.00000 +0000.00100 +0000.00200 +0000.00300 +0000.00400 
+0000.00200 -1.2269e-04 -1.1807e-04 -1.1688e-04 -1.1894e-04 -1.2319e-04 -1.1894e-04 -1.1688e-04 -1.1807e-04 -1.2269e-04 
+0000.00150 -8.0078e-05 -7.8386e-05 -7.7714e-05 -7.8802e-05 -8.0223e-05 -7.8805e-05 -7.7716e-05 -7.8387e-05 -8.0081e-05 
+0000.00100 -4.8376e-05 -4.7726e-05 -4.7409e-05 -4.7907e-05 -4.8431e-05 -4.7908e-05 -4.7410e-05 -4.7727e-05 -4.8377e-05 
+0000.00050 -2.2791e-05 -2.2564e-05 -2.2443e-05 -2.2631e-05 -2.2811e-05 -2.2631e-05 -2.2443e-05 -2.2564e-05 -2.2791e-05 
+0000.00000 +1.4696e-09 +1.8143e-09 +2.1709e-09 +2.4571e-09 +2.6241e-09 +2.6444e-09 +2.5147e-09 +2.2592e-09 +1.9341e-09 
-0000.00050 +2.2794e-05 +2.2568e-05 +2.2447e-05 +2.2636e-05 +2.2816e-05 +2.2636e-05 +2.2448e-05 +2.2569e-05 +2.2795e-05 
-0000.00100 +4.8378e-05 +4.7730e-05 +4.7414e-05 +4.7912e-05 +4.8436e-05 +4.7914e-05 +4.7415e-05 +4.7732e-05 +4.8381e-05 
-0000.00150 +8.0081e-05 +7.8390e-05 +7.7719e-05 +7.8808e-05 +8.0228e-05 +7.8810e-05 +7.7721e-05 +7.8392e-05 +8.0084e-05 
-0000.00200 +1.2269e-04 +1.1808e-04 +1.1688e-04 +1.1894e-04 +1.2319e-04 +1.1895e-04 +1.1689e-04 +1.1808e-04 +1.2269e-04 
# Horizontal Final Position [m]
START
            -0000.00400 -0000.00300 -0000.00200 -0000.00100 +0000.00000 +0000.00100 +0000.00200 +0000.00300 +0000.00400 
+0000.00200 -4.0012e-03 -3.0012e-03 -2.0012e-03 -1.0012e-03 -1.1644e-06 +9.9884e-04 +1.9988e-03 +2.9988e-03 +3.9988e-03 
+0000.00150 -4.0012e-03 -3.0012e-03 -2.0012e-03 -1.0012e-03 -1.1678e-06 +9.9884e-04 +1.9988e-03 +2.9988e-03 +3.9988e-03 
+0000.00100 -4.0012e-03 -3.0012e-03 -2.0012e-03 -1.0012e-03 -1.1684e-06 +9.9883e-04 +1.9988e-03 +2.9988e-03 +3.9988e-03 
+0000.00050 -4.0012e-03 -3.0012e-03 -2.0012e-03 -1.0012e-03 -1.1689e-06 +9.9883e-04 +1.9988e-03 +2.9988e-03 +3.9988e-03 
+0000.00000 -4.0012e-03 -3.0012e-03 -2.0012e-03 -1.0012e-03 -1.1690e-06 +9.9883e-04 +1.9988e-03 +2.9988e-03 +3.9988e-03 
-0000.00050 -4.0012e-03 -3.0012e-03 -2.0012e-03 -1.0012e-03 -1.1689e-06 +9.9883e-04 +1.9988e-03 +2.9988e-03 +3.9988e-03 
-0000.00100 -4.0012e-03 -3.0012e-03 -2.0012e-03 -1.0012e-03 -1.1684e-06 +9.9883e-04 +1.9988e-03 +2.9988e-03 +3.9988e-03 
-0000.00150 -4.0012e-03 -3.0012e-03 -2.0012e-03 -1.0012e-03 -1.1678e-06 +9.9884e-04 +1.9988e-03 +2.9988e-03 +3.9988e-03 
-0000.00200 -4.0012e-03 -3.0012e-03 -2.0012e-03 -1.0012e-03 -1.1644e-06 +9.9884e-04 +1.9988e-03 +2.9988e-03 +3.9988e-03 
# Vertical Final Position [m]
START
            -0000.00400 -0000.00300 -0000.00200 -0000.00100 +0000.00000 +0000.00100 +0000.00200 +0000.00300 +0000.00400 
+0000.00200 +1.9997e-03 +1.9997e-03 +1.9998e-03 +1.9998e-03 +1.9998e-03 +1.9998e-03 +1.9998e-03 +1.9998e-03 +1.9998e-03 
+0000.00150 +1.4998e-03 +1.4998e-03 +1.4998e-03 +1.4998e-03 +1.4998e-03 +1.4998e-03 +1.4999e-03 +1.4999e-03 +1.4999e-03 
+0000.00100 +9.9990e-04 +9.9990e-04 +9.9990e-04 +9.9990e-04 +9.9990e-04 +9.9991e-04 +9.9991e-04 +9.9991e-04 +9.9991e-04 
+0000.00050 +4.9995e-04 +4.9995e-04 +4.9995e-04 +4.9995e-04 +4.9995e-04 +4.9996e-04 +4.9996e-04 +4.9996e-04 +4.9996e-04 
+0000.00000 +9.9751e-12 +1.0796e-11 +1.1712e-11 +1.2516e-11 +1.2982e-11 +1.2979e-11 +1.2564e-11 +1.1905e-11 +1.1143e-11 
-0000.00050 -4.9995e-04 -4.9995e-04 -4.9995e-04 -4.9995e-04 -4.9995e-04 -4.9996e-04 -4.9996e-04 -4.9996e-04 -4.9996e-04 
-0000.00100 -9.9990e-04 -9.9990e-04 -9.9990e-04 -9.9990e-04 -9.9990e-04 -9.9991e-04 -9.9991e-04 -9.9991e-04 -9.9991e-04 
-0000.00150 -1.4998e-03 -1.4998e-03 -1.4998e-03 -1.4998e-03 -1.4998e-03 -1.4998e-03 -1.4999e-03 -1.4999e-03 -1.4999e-03 
-0000.00200 -1.9997e-03 -1.9997e-03 -1.9998e-03 -1.9998e-03 -1.9998e-03 -1.9998e-03 -1.9998e-03 -1.9998e-03 -1.9998e-03 