# Author: FAC idanalysis.IDKickMap
# 
# Total Length of Longitudinal Interval [m]
2
# Number of Horizontal Points
41
# Number of Vertical Points
3
# Total Horizontal 2nd Order Kick [T2m2]
START
            -0000.01000 -0000.00950 -0000.00900 -0000.00850 -0000.00800 -0000.00750 -0000.00700 -0000.00650 -0000.00600 -0000.00550 -0000.00500 -0000.00450 -0000.00400 -0000.00350 -0000.00300 -0000.00250 -0000.00200 -0000.00150 -0000.00100 -0000.00050 +0000.00000 +0000.00050 +0000.00100 +0000.00150 +0000.00200 +0000.00250 +0000.00300 +0000.00350 +0000.00400 +0000.00450 +0000.00500 +0000.00550 +0000.00600 +0000.00650 +0000.00700 +0000.00750 +0000.00800 +0000.00850 +0000.00900 +0000.00950 +0000.01000 
+0000.00170 -1.6423e-03 -1.7597e-03 -1.6982e-03 -1.6769e-03 -1.7446e-03 -1.6374e-03 -1.6627e-03 -1.7010e-03 -1.7802e-03 -1.6879e-03 -1.5221e-03 -1.4402e-03 -1.2689e-03 -1.0142e-03 -7.2164e-04 -3.2238e-04 +1.7246e-04 +7.1460e-04 +9.2111e-04 +9.8705e-04 +8.7146e-04 +6.2210e-04 +4.0808e-04 +7.8046e-05 -3.2820e-04 -4.1777e-04 -6.1453e-04 -8.2180e-04 -8.0283e-04 -7.7197e-04 -9.0679e-04 -9.3324e-04 -1.0804e-03 -1.1758e-03 -1.1524e-03 -1.1160e-03 -9.9879e-04 -9.4480e-04 -6.0055e-04 -3.0538e-04 -6.0576e-04 
+0000.00000 -1.2651e-03 -1.4661e-03 -1.4637e-03 -1.3995e-03 -1.5720e-03 -1.6440e-03 -1.6458e-03 -1.3935e-03 -1.3333e-03 -1.3023e-03 -1.1621e-03 -1.0819e-03 -1.0041e-03 -6.8575e-04 -4.8498e-04 -4.2642e-04 -2.5148e-04 -1.9041e-04 +2.0276e-04 +3.4997e-04 +4.1918e-04 +2.1549e-04 +6.1958e-05 +7.8703e-05 -6.0759e-05 -4.2786e-04 -5.2758e-04 -5.0348e-04 -7.4817e-04 -8.0435e-04 -7.5377e-04 -6.1946e-04 -5.6550e-04 -6.9653e-04 -9.0810e-04 -7.3178e-04 -6.6311e-04 -4.4089e-04 -1.0987e-04 +1.0101e-04 -4.7422e-04 
-0000.00170 -1.7740e-03 -1.8309e-03 -1.8298e-03 -1.8158e-03 -1.8447e-03 -1.6968e-03 -1.6918e-03 -1.5957e-03 -1.6086e-03 -1.5172e-03 -1.4462e-03 -1.3738e-03 -1.2900e-03 -1.1832e-03 -1.0250e-03 -7.0097e-04 -3.7300e-04 -6.0087e-05 +2.8324e-04 +7.9138e-04 +1.2008e-03 +1.2605e-03 +1.1027e-03 +6.8521e-04 +1.1587e-04 -1.3636e-04 -2.7919e-04 -5.9998e-04 -7.4016e-04 -1.0334e-03 -1.4009e-03 -1.4317e-03 -1.1814e-03 -8.7759e-04 -7.8211e-04 -7.1522e-04 -6.4682e-04 -6.3576e-04 -6.9771e-04 -6.9231e-04 -1.1693e-03 
# Total Vertical 2nd Order Kick [T2m2]
START
            -0000.01000 -0000.00950 -0000.00900 -0000.00850 -0000.00800 -0000.00750 -0000.00700 -0000.00650 -0000.00600 -0000.00550 -0000.00500 -0000.00450 -0000.00400 -0000.00350 -0000.00300 -0000.00250 -0000.00200 -0000.00150 -0000.00100 -0000.00050 +0000.00000 +0000.00050 +0000.00100 +0000.00150 +0000.00200 +0000.00250 +0000.00300 +0000.00350 +0000.00400 +0000.00450 +0000.00500 +0000.00550 +0000.00600 +0000.00650 +0000.00700 +0000.00750 +0000.00800 +0000.00850 +0000.00900 +0000.00950 +0000.01000 
+0000.00170 -4.0827e-04 -4.6658e-04 -3.0286e-04 -5.9307e-04 -6.5412e-04 -5.2888e-04 -4.9776e-04 -4.1833e-04 -6.2129e-04 -1.0249e-03 -1.1450e-03 -1.1796e-03 -1.2437e-03 -1.2288e-03 -1.4001e-03 -1.7980e-03 -1.5572e-03 -1.2785e-03 -7.0111e-04 -5.1000e-04 +1.1651e-04 -3.0770e-05 +1.5589e-04 +6.5357e-04 +4.0015e-04 +2.2569e-04 +5.5444e-05 -1.1886e-04 -3.3026e-04 -3.2279e-04 -4.0313e-04 -4.6828e-04 -3.4986e-04 -4.0617e-04 -5.4863e-04 -1.0492e-03 -9.1574e-04 -9.4182e-04 -1.1011e-03 -1.5956e-03 -1.7686e-03 
+0000.00000 -1.1716e-05 +2.4385e-04 +3.3363e-04 +1.3344e-04 +1.7443e-04 +1.0617e-04 +1.1946e-04 +1.4148e-04 +1.9118e-04 +5.4862e-05 -7.9348e-05 +1.5948e-04 +1.1158e-04 -8.7479e-05 -3.0847e-05 +3.0377e-05 +7.4021e-05 +2.5465e-04 +3.7360e-04 +2.3498e-05 +2.3026e-04 +2.9796e-04 +1.6148e-04 +2.4800e-04 +1.0684e-04 -2.8849e-05 -2.9257e-05 +2.3535e-04 +1.4982e-04 +1.4276e-04 +7.9827e-05 +2.8377e-05 +1.1718e-04 +1.7216e-05 +8.7121e-05 +2.8535e-06 -1.1993e-04 -1.3302e-04 -9.9443e-05 +1.6913e-04 +3.0860e-04 
-0000.00170 +1.3159e-04 +4.6746e-04 +5.8297e-04 +5.9478e-04 +8.0093e-04 +7.6001e-04 +9.2925e-04 +1.0193e-03 +9.5249e-04 +8.8482e-04 +9.0407e-04 +1.0270e-03 +1.0682e-03 +1.1866e-03 +1.3182e-03 +1.4444e-03 +1.5223e-03 +1.6507e-03 +1.8882e-03 +1.9733e-03 +1.2857e-03 +3.4024e-04 +1.4579e-04 -6.3317e-05 +7.9917e-05 +1.4768e-04 -1.6168e-04 -3.4116e-05 -8.4476e-05 +1.0976e-04 +2.6040e-04 +7.2485e-04 +1.0792e-03 +7.2781e-04 +7.2781e-04 +1.0096e-03 +1.1052e-03 +1.2329e-03 +1.2466e-03 +1.2738e-03 +1.2482e-03 
# Horizontal Final Position [m]
START
            -0000.01000 -0000.00950 -0000.00900 -0000.00850 -0000.00800 -0000.00750 -0000.00700 -0000.00650 -0000.00600 -0000.00550 -0000.00500 -0000.00450 -0000.00400 -0000.00350 -0000.00300 -0000.00250 -0000.00200 -0000.00150 -0000.00100 -0000.00050 +0000.00000 +0000.00050 +0000.00100 +0000.00150 +0000.00200 +0000.00250 +0000.00300 +0000.00350 +0000.00400 +0000.00450 +0000.00500 +0000.00550 +0000.00600 +0000.00650 +0000.00700 +0000.00750 +0000.00800 +0000.00850 +0000.00900 +0000.00950 +0000.01000 
+0000.00170 -1.0016e-02 -9.5174e-03 -9.0168e-03 -8.5166e-03 -8.0172e-03 -7.5161e-03 -7.0163e-03 -6.5166e-03 -6.0175e-03 -5.5166e-03 -5.0150e-03 -4.5143e-03 -4.0126e-03 -3.5100e-03 -3.0072e-03 -2.5034e-03 -1.9985e-03 -1.4933e-03 -9.9145e-04 -4.9084e-04 +8.1702e-06 +5.0588e-04 +1.0039e-03 +1.5012e-03 +1.9973e-03 +2.4965e-03 +2.9945e-03 +3.4923e-03 +3.9924e-03 +4.4926e-03 +4.9911e-03 +5.4909e-03 +5.9894e-03 +6.4884e-03 +6.9886e-03 +7.4890e-03 +7.9901e-03 +8.4907e-03 +8.9941e-03 +9.4969e-03 +9.9938e-03 
+0000.00000 -1.0013e-02 -9.5145e-03 -9.0145e-03 -8.5139e-03 -8.0156e-03 -7.5163e-03 -7.0163e-03 -6.5138e-03 -6.0132e-03 -5.5129e-03 -5.0115e-03 -4.5107e-03 -4.0100e-03 -3.5069e-03 -3.0050e-03 -2.5045e-03 -2.0029e-03 -1.5022e-03 -9.9823e-04 -4.9674e-04 +4.2346e-06 +5.0226e-04 +1.0008e-03 +1.5010e-03 +1.9997e-03 +2.4962e-03 +2.9954e-03 +3.4954e-03 +3.9928e-03 +4.4923e-03 +4.9928e-03 +5.4941e-03 +5.9946e-03 +6.4933e-03 +6.9912e-03 +7.4929e-03 +7.9936e-03 +8.4958e-03 +8.9991e-03 +9.5012e-03 +9.9955e-03 
-0000.00170 -1.0018e-02 -9.5182e-03 -9.0181e-03 -8.5179e-03 -8.0182e-03 -7.5168e-03 -7.0167e-03 -6.5157e-03 -6.0158e-03 -5.5149e-03 -5.0142e-03 -4.5135e-03 -4.0128e-03 -3.5119e-03 -3.0103e-03 -2.5071e-03 -2.0042e-03 -1.5009e-03 -9.9733e-04 -4.9201e-04 +1.2394e-05 +5.1322e-04 +1.0117e-03 +1.5071e-03 +2.0013e-03 +2.4988e-03 +2.9975e-03 +3.4944e-03 +3.9930e-03 +4.4900e-03 +4.9863e-03 +5.4859e-03 +5.9883e-03 +6.4913e-03 +6.9923e-03 +7.4930e-03 +7.9936e-03 +8.4937e-03 +8.9931e-03 +9.4932e-03 +9.9885e-03 
# Vertical Final Position [m]
START
            -0000.01000 -0000.00950 -0000.00900 -0000.00850 -0000.00800 -0000.00750 -0000.00700 -0000.00650 -0000.00600 -0000.00550 -0000.00500 -0000.00450 -0000.00400 -0000.00350 -0000.00300 -0000.00250 -0000.00200 -0000.00150 -0000.00100 -0000.00050 +0000.00000 +0000.00050 +0000.00100 +0000.00150 +0000.00200 +0000.00250 +0000.00300 +0000.00350 +0000.00400 +0000.00450 +0000.00500 +0000.00550 +0000.00600 +0000.00650 +0000.00700 +0000.00750 +0000.00800 +0000.00850 +0000.00900 +0000.00950 +0000.01000 
+0000.00170 +1.6959e-03 +1.6952e-03 +1.6969e-03 +1.6939e-03 +1.6933e-03 +1.6945e-03 +1.6949e-03 +1.6957e-03 +1.6938e-03 +1.6898e-03 +1.6885e-03 +1.6884e-03 +1.6879e-03 +1.6881e-03 +1.6867e-03 +1.6828e-03 +1.6848e-03 +1.6873e-03 +1.6929e-03 +1.6944e-03 +1.7009e-03 +1.6991e-03 +1.7009e-03 +1.7060e-03 +1.7035e-03 +1.7021e-03 +1.7007e-03 +1.6990e-03 +1.6967e-03 +1.6968e-03 +1.6961e-03 +1.6953e-03 +1.6966e-03 +1.6960e-03 +1.6946e-03 +1.6896e-03 +1.6909e-03 +1.6907e-03 +1.6891e-03 +1.6843e-03 +1.6827e-03 
+0000.00000 -3.1812e-07 +2.2489e-06 +3.1376e-06 +1.1851e-06 +1.5949e-06 +9.1244e-07 +1.0574e-06 +1.2773e-06 +1.7792e-06 +4.6223e-07 -8.7099e-07 +1.5255e-06 +1.0681e-06 -8.0025e-07 -1.3291e-07 +6.2609e-07 +1.0398e-06 +2.4013e-06 +3.3550e-06 -6.3425e-08 +1.8966e-06 +2.8514e-06 +1.5323e-06 +2.2969e-06 +9.5415e-07 -3.2696e-07 -4.0316e-07 +2.1084e-06 +1.4187e-06 +1.3520e-06 +7.3151e-07 +2.4688e-07 +1.1181e-06 +1.6681e-07 +8.6758e-07 +7.1670e-09 -1.1786e-06 -1.3090e-06 -1.0050e-06 +1.6579e-06 +3.0359e-06 
-0000.00170 -1.6989e-03 -1.6955e-03 -1.6942e-03 -1.6942e-03 -1.6923e-03 -1.6926e-03 -1.6908e-03 -1.6899e-03 -1.6906e-03 -1.6913e-03 -1.6912e-03 -1.6899e-03 -1.6897e-03 -1.6884e-03 -1.6869e-03 -1.6857e-03 -1.6850e-03 -1.6833e-03 -1.6809e-03 -1.6800e-03 -1.6876e-03 -1.6966e-03 -1.6986e-03 -1.7007e-03 -1.6991e-03 -1.6985e-03 -1.7017e-03 -1.7007e-03 -1.7013e-03 -1.6992e-03 -1.6977e-03 -1.6929e-03 -1.6893e-03 -1.6928e-03 -1.6927e-03 -1.6900e-03 -1.6891e-03 -1.6878e-03 -1.6876e-03 -1.6873e-03 -1.6876e-03 