# Author: FAC idanalysis.IDKickMap
# 
# Total Length of Longitudinal Interval [m]
2
# Number of Horizontal Points
41
# Number of Vertical Points
3
# Total Horizontal 2nd Order Kick [T2m2]
START
            -0000.01000 -0000.00950 -0000.00900 -0000.00850 -0000.00800 -0000.00750 -0000.00700 -0000.00650 -0000.00600 -0000.00550 -0000.00500 -0000.00450 -0000.00400 -0000.00350 -0000.00300 -0000.00250 -0000.00200 -0000.00150 -0000.00100 -0000.00050 +0000.00000 +0000.00050 +0000.00100 +0000.00150 +0000.00200 +0000.00250 +0000.00300 +0000.00350 +0000.00400 +0000.00450 +0000.00500 +0000.00550 +0000.00600 +0000.00650 +0000.00700 +0000.00750 +0000.00800 +0000.00850 +0000.00900 +0000.00950 +0000.01000 
+0000.00170 -1.0722e-02 -1.0119e-02 -9.2537e-03 -8.5161e-03 -7.7737e-03 -6.9664e-03 -6.3778e-03 -5.8143e-03 -5.3421e-03 -4.6587e-03 -4.0515e-03 -3.6657e-03 -3.0392e-03 -2.3857e-03 -1.6573e-03 -7.7769e-04 +1.6135e-04 +1.0832e-03 +1.6026e-03 +1.8784e-03 +1.7492e-03 +1.3222e-03 +7.8555e-04 +3.0521e-05 -7.0147e-04 -9.9143e-04 -1.6513e-03 -2.2202e-03 -2.4969e-03 -2.9036e-03 -3.4344e-03 -3.8950e-03 -4.5945e-03 -5.1327e-03 -5.6504e-03 -6.2157e-03 -6.7416e-03 -7.2394e-03 -7.4196e-03 -8.0390e-03 -9.2596e-03 
+0000.00000 -1.0500e-02 -9.9403e-03 -9.1232e-03 -8.4896e-03 -7.9809e-03 -7.3787e-03 -6.6829e-03 -5.8229e-03 -5.2187e-03 -4.6036e-03 -4.0638e-03 -3.5023e-03 -2.9693e-03 -2.2323e-03 -1.7603e-03 -1.3049e-03 -8.1162e-04 -4.7795e-04 +1.3016e-04 +2.2528e-04 +3.6560e-04 +3.6402e-05 -1.1022e-04 -2.6073e-04 -7.5125e-04 -1.3044e-03 -1.6127e-03 -1.9844e-03 -2.6303e-03 -2.9663e-03 -3.4296e-03 -3.6683e-03 -4.2184e-03 -5.0023e-03 -5.6198e-03 -5.8615e-03 -6.4632e-03 -6.7801e-03 -7.0401e-03 -7.7327e-03 -9.3468e-03 
-0000.00170 -1.1019e-02 -1.0250e-02 -9.4739e-03 -8.6178e-03 -7.9014e-03 -7.0712e-03 -6.4656e-03 -5.7286e-03 -5.2985e-03 -4.6525e-03 -4.0994e-03 -3.6206e-03 -3.1663e-03 -2.6040e-03 -1.9988e-03 -1.3077e-03 -6.0298e-04 +9.8893e-05 +7.9371e-04 +1.5898e-03 +2.0535e-03 +2.0514e-03 +1.6090e-03 +7.4246e-04 -2.7225e-04 -7.2960e-04 -1.2468e-03 -1.9500e-03 -2.3871e-03 -3.1828e-03 -3.8960e-03 -4.1567e-03 -4.3111e-03 -4.6001e-03 -5.1703e-03 -5.7433e-03 -6.3259e-03 -7.0097e-03 -7.7378e-03 -8.5866e-03 -1.0114e-02 
# Total Vertical 2nd Order Kick [T2m2]
START
            -0000.01000 -0000.00950 -0000.00900 -0000.00850 -0000.00800 -0000.00750 -0000.00700 -0000.00650 -0000.00600 -0000.00550 -0000.00500 -0000.00450 -0000.00400 -0000.00350 -0000.00300 -0000.00250 -0000.00200 -0000.00150 -0000.00100 -0000.00050 +0000.00000 +0000.00050 +0000.00100 +0000.00150 +0000.00200 +0000.00250 +0000.00300 +0000.00350 +0000.00400 +0000.00450 +0000.00500 +0000.00550 +0000.00600 +0000.00650 +0000.00700 +0000.00750 +0000.00800 +0000.00850 +0000.00900 +0000.00950 +0000.01000 
+0000.00170 -3.7593e-03 -3.5443e-03 -3.5135e-03 -3.8741e-03 -3.5561e-03 -3.4090e-03 -3.1101e-03 -2.9823e-03 -3.1809e-03 -3.5117e-03 -3.2456e-03 -3.1282e-03 -3.2018e-03 -3.3065e-03 -3.4995e-03 -3.8013e-03 -3.1774e-03 -2.7913e-03 -2.1484e-03 -1.4504e-03 -5.8768e-05 -4.2600e-05 +8.4319e-04 +1.1371e-03 +6.0154e-04 +6.9863e-04 +7.0892e-04 +5.1766e-04 +3.8926e-04 +3.6779e-04 +3.6170e-04 +4.9940e-04 +8.0569e-04 +6.4494e-04 +5.1154e-04 +2.1907e-04 +5.7609e-04 +3.8905e-04 +2.6217e-04 -2.8844e-04 -1.8277e-04 
+0000.00000 +4.4446e-04 +7.7522e-04 +7.3452e-04 +4.8420e-04 +6.5358e-04 +5.1223e-04 +5.9062e-04 +6.4764e-04 +6.4013e-04 +3.9473e-04 +4.1915e-04 +7.0928e-04 +4.1061e-04 +3.2349e-04 +4.5457e-04 +5.1476e-04 +5.2782e-04 +8.4494e-04 +8.7221e-04 +4.2465e-04 +8.6304e-04 +7.7875e-04 +6.4280e-04 +8.0108e-04 +5.0970e-04 +4.4163e-04 +5.6994e-04 +7.6048e-04 +5.4696e-04 +6.5224e-04 +4.9866e-04 +5.2377e-04 +5.2049e-04 +4.1112e-04 +5.1661e-04 +2.8075e-04 +2.3889e-04 +2.3632e-04 +3.2917e-04 +6.8233e-04 +7.2578e-04 
-0000.00170 +4.2848e-03 +4.5981e-03 +4.6747e-03 +4.6695e-03 +4.6704e-03 +4.5186e-03 +4.6201e-03 +4.3864e-03 +4.1966e-03 +4.1479e-03 +3.9971e-03 +3.9628e-03 +4.0959e-03 +4.1348e-03 +3.9953e-03 +4.2300e-03 +4.2991e-03 +4.2699e-03 +4.3133e-03 +4.0490e-03 +2.6428e-03 +1.4580e-03 +1.0705e-03 +5.5133e-04 +6.0368e-04 +7.1235e-04 +1.7925e-04 +4.5456e-04 +1.3187e-04 +3.6370e-04 +3.8284e-04 +9.0182e-04 +8.1734e-04 +1.7258e-04 +3.3235e-04 +4.7363e-04 +5.0000e-04 +5.8301e-04 +5.9552e-04 +4.1799e-04 +2.8752e-04 
# Horizontal Final Position [m]
START
            -0000.01000 -0000.00950 -0000.00900 -0000.00850 -0000.00800 -0000.00750 -0000.00700 -0000.00650 -0000.00600 -0000.00550 -0000.00500 -0000.00450 -0000.00400 -0000.00350 -0000.00300 -0000.00250 -0000.00200 -0000.00150 -0000.00100 -0000.00050 +0000.00000 +0000.00050 +0000.00100 +0000.00150 +0000.00200 +0000.00250 +0000.00300 +0000.00350 +0000.00400 +0000.00450 +0000.00500 +0000.00550 +0000.00600 +0000.00650 +0000.00700 +0000.00750 +0000.00800 +0000.00850 +0000.00900 +0000.00950 +0000.01000 
+0000.00170 -1.0107e-02 -9.6006e-03 -9.0920e-03 -8.5847e-03 -8.0772e-03 -7.5691e-03 -7.0632e-03 -6.5576e-03 -6.0529e-03 -5.5462e-03 -5.0403e-03 -4.5365e-03 -4.0303e-03 -3.5238e-03 -3.0167e-03 -2.5082e-03 -1.9989e-03 -1.4900e-03 -9.8521e-04 -4.8253e-04 +1.6465e-05 +5.1252e-04 +1.0074e-03 +1.5008e-03 +1.9938e-03 +2.4911e-03 +2.9844e-03 +3.4786e-03 +3.9758e-03 +4.4714e-03 +4.9661e-03 +5.4615e-03 +5.9545e-03 +6.4491e-03 +6.9439e-03 +7.4383e-03 +7.9331e-03 +8.4281e-03 +8.9263e-03 +9.4200e-03 +9.9077e-03 
+0000.00000 -1.0104e-02 -9.5989e-03 -9.0908e-03 -8.5846e-03 -8.0795e-03 -7.5735e-03 -7.0665e-03 -6.5580e-03 -6.0520e-03 -5.5459e-03 -5.0405e-03 -4.5350e-03 -4.0297e-03 -3.5225e-03 -3.0180e-03 -2.5136e-03 -2.0088e-03 -1.5054e-03 -9.9926e-04 -4.9827e-04 +3.5952e-06 +5.0043e-04 +9.9909e-04 +1.4976e-03 +1.9930e-03 +2.4877e-03 +2.9849e-03 +3.4808e-03 +3.9742e-03 +4.4709e-03 +4.9663e-03 +5.4639e-03 +5.9584e-03 +6.4506e-03 +6.9444e-03 +7.4420e-03 +7.9361e-03 +8.4329e-03 +8.9303e-03 +9.4234e-03 +9.9074e-03 
-0000.00170 -1.0110e-02 -9.6021e-03 -9.0942e-03 -8.5855e-03 -8.0785e-03 -7.5703e-03 -7.0643e-03 -6.5569e-03 -6.0525e-03 -5.5461e-03 -5.0407e-03 -4.5360e-03 -4.0315e-03 -3.5262e-03 -3.0202e-03 -2.5134e-03 -2.0070e-03 -1.4996e-03 -9.9250e-04 -4.8414e-04 +2.1003e-05 +5.2136e-04 +1.0170e-03 +1.5078e-03 +1.9974e-03 +2.4929e-03 +2.9880e-03 +3.4811e-03 +3.9767e-03 +4.4688e-03 +4.9616e-03 +5.4588e-03 +5.9572e-03 +6.4543e-03 +6.9487e-03 +7.4430e-03 +7.9371e-03 +8.4303e-03 +8.9230e-03 +9.4147e-03 +9.8996e-03 
# Vertical Final Position [m]
START
            -0000.01000 -0000.00950 -0000.00900 -0000.00850 -0000.00800 -0000.00750 -0000.00700 -0000.00650 -0000.00600 -0000.00550 -0000.00500 -0000.00450 -0000.00400 -0000.00350 -0000.00300 -0000.00250 -0000.00200 -0000.00150 -0000.00100 -0000.00050 +0000.00000 +0000.00050 +0000.00100 +0000.00150 +0000.00200 +0000.00250 +0000.00300 +0000.00350 +0000.00400 +0000.00450 +0000.00500 +0000.00550 +0000.00600 +0000.00650 +0000.00700 +0000.00750 +0000.00800 +0000.00850 +0000.00900 +0000.00950 +0000.01000 
+0000.00170 +1.6626e-03 +1.6646e-03 +1.6650e-03 +1.6613e-03 +1.6644e-03 +1.6659e-03 +1.6689e-03 +1.6702e-03 +1.6684e-03 +1.6651e-03 +1.6676e-03 +1.6692e-03 +1.6686e-03 +1.6677e-03 +1.6662e-03 +1.6633e-03 +1.6689e-03 +1.6723e-03 +1.6784e-03 +1.6847e-03 +1.6989e-03 +1.6987e-03 +1.7072e-03 +1.7105e-03 +1.7052e-03 +1.7066e-03 +1.7072e-03 +1.7054e-03 +1.7038e-03 +1.7037e-03 +1.7037e-03 +1.7049e-03 +1.7080e-03 +1.7064e-03 +1.7051e-03 +1.7022e-03 +1.7057e-03 +1.7039e-03 +1.7027e-03 +1.6973e-03 +1.6985e-03 
+0000.00000 +4.2429e-06 +7.5418e-06 +7.1315e-06 +4.7202e-06 +6.3613e-06 +4.9616e-06 +5.7378e-06 +6.2990e-06 +6.2348e-06 +3.8665e-06 +4.0782e-06 +6.9911e-06 +4.0629e-06 +3.3427e-06 +4.8182e-06 +5.6385e-06 +5.7571e-06 +8.1935e-06 +8.0730e-06 +3.7061e-06 +7.9320e-06 +7.5625e-06 +6.2367e-06 +7.6870e-06 +4.8915e-06 +4.3014e-06 +5.4699e-06 +7.1439e-06 +5.2978e-06 +6.3558e-06 +4.8241e-06 +5.1209e-06 +5.0763e-06 +4.0533e-06 +5.0962e-06 +2.7163e-06 +2.3553e-06 +2.3322e-06 +3.2169e-06 +6.7212e-06 +7.1394e-06 
-0000.00170 -1.6576e-03 -1.6544e-03 -1.6534e-03 -1.6537e-03 -1.6538e-03 -1.6552e-03 -1.6541e-03 -1.6563e-03 -1.6583e-03 -1.6589e-03 -1.6605e-03 -1.6607e-03 -1.6597e-03 -1.6591e-03 -1.6603e-03 -1.6580e-03 -1.6574e-03 -1.6572e-03 -1.6565e-03 -1.6592e-03 -1.6744e-03 -1.6855e-03 -1.6894e-03 -1.6946e-03 -1.6938e-03 -1.6929e-03 -1.6984e-03 -1.6960e-03 -1.6994e-03 -1.6969e-03 -1.6966e-03 -1.6912e-03 -1.6920e-03 -1.6984e-03 -1.6967e-03 -1.6954e-03 -1.6951e-03 -1.6943e-03 -1.6940e-03 -1.6958e-03 -1.6972e-03 