# Author: FAC idanalysis.IDKickMap
# 
# Total Length of Longitudinal Interval [m]
2
# Number of Horizontal Points
41
# Number of Vertical Points
3
# Total Horizontal 2nd Order Kick [T2m2]
START
            -0000.01000 -0000.00950 -0000.00900 -0000.00850 -0000.00800 -0000.00750 -0000.00700 -0000.00650 -0000.00600 -0000.00550 -0000.00500 -0000.00450 -0000.00400 -0000.00350 -0000.00300 -0000.00250 -0000.00200 -0000.00150 -0000.00100 -0000.00050 +0000.00000 +0000.00050 +0000.00100 +0000.00150 +0000.00200 +0000.00250 +0000.00300 +0000.00350 +0000.00400 +0000.00450 +0000.00500 +0000.00550 +0000.00600 +0000.00650 +0000.00700 +0000.00750 +0000.00800 +0000.00850 +0000.00900 +0000.00950 +0000.01000 
+0000.00170 -1.7180e-02 -1.5950e-02 -1.4516e-02 -1.3184e-02 -1.1805e-02 -1.0533e-02 -9.4268e-03 -8.4470e-03 -7.4782e-03 -6.3971e-03 -5.4571e-03 -4.7322e-03 -3.7932e-03 -2.8890e-03 -1.8872e-03 -7.9389e-04 +3.2448e-04 +1.3449e-03 +1.9571e-03 +2.3094e-03 +2.1592e-03 +1.6780e-03 +1.0393e-03 +1.1215e-04 -6.6709e-04 -1.1377e-03 -2.0139e-03 -2.7739e-03 -3.3505e-03 -4.1104e-03 -4.9112e-03 -5.8072e-03 -6.8440e-03 -7.7843e-03 -8.7517e-03 -9.7816e-03 -1.0847e-02 -1.1724e-02 -1.2523e-02 -1.4008e-02 -1.5693e-02 
+0000.00000 -1.7188e-02 -1.5957e-02 -1.4583e-02 -1.3463e-02 -1.2301e-02 -1.1237e-02 -9.9484e-03 -8.6982e-03 -7.6384e-03 -6.6049e-03 -5.7884e-03 -4.8500e-03 -3.9621e-03 -3.0584e-03 -2.3359e-03 -1.6359e-03 -1.0143e-03 -4.3653e-04 +1.2615e-04 +2.9130e-04 +3.8701e-04 +4.8515e-05 -4.3219e-05 -4.6916e-04 -1.0228e-03 -1.6887e-03 -2.1600e-03 -2.9050e-03 -3.6470e-03 -4.3690e-03 -5.0862e-03 -5.7237e-03 -6.7502e-03 -7.9318e-03 -8.8458e-03 -9.6044e-03 -1.0651e-02 -1.1465e-02 -1.2308e-02 -1.3864e-02 -1.5953e-02 
-0000.00170 -1.7489e-02 -1.6156e-02 -1.4721e-02 -1.3277e-02 -1.1954e-02 -1.0689e-02 -9.5258e-03 -8.3833e-03 -7.5001e-03 -6.4565e-03 -5.5070e-03 -4.7168e-03 -3.9502e-03 -3.0601e-03 -2.2017e-03 -1.3415e-03 -4.5230e-04 +3.9340e-04 +1.2006e-03 +2.0095e-03 +2.4581e-03 +2.4248e-03 +1.8733e-03 +8.6604e-04 -2.5571e-04 -8.2857e-04 -1.5994e-03 -2.4690e-03 -3.2576e-03 -4.3663e-03 -5.3105e-03 -5.8951e-03 -6.4072e-03 -7.1946e-03 -8.2349e-03 -9.2853e-03 -1.0371e-02 -1.1594e-02 -1.2828e-02 -1.4544e-02 -1.6551e-02 
# Total Vertical 2nd Order Kick [T2m2]
START
            -0000.01000 -0000.00950 -0000.00900 -0000.00850 -0000.00800 -0000.00750 -0000.00700 -0000.00650 -0000.00600 -0000.00550 -0000.00500 -0000.00450 -0000.00400 -0000.00350 -0000.00300 -0000.00250 -0000.00200 -0000.00150 -0000.00100 -0000.00050 +0000.00000 +0000.00050 +0000.00100 +0000.00150 +0000.00200 +0000.00250 +0000.00300 +0000.00350 +0000.00400 +0000.00450 +0000.00500 +0000.00550 +0000.00600 +0000.00650 +0000.00700 +0000.00750 +0000.00800 +0000.00850 +0000.00900 +0000.00950 +0000.01000 
+0000.00170 -6.1753e-03 -5.8934e-03 -6.0208e-03 -6.0592e-03 -5.7169e-03 -5.4635e-03 -4.9241e-03 -4.8739e-03 -5.0036e-03 -5.0992e-03 -4.7501e-03 -4.4664e-03 -4.4083e-03 -4.6127e-03 -4.6180e-03 -4.7190e-03 -4.0054e-03 -3.4113e-03 -2.9375e-03 -1.7245e-03 -3.6552e-04 -7.1031e-05 +1.0007e-03 +1.1540e-03 +5.8332e-04 +9.9223e-04 +1.0775e-03 +1.0182e-03 +9.9957e-04 +1.0088e-03 +1.1181e-03 +1.4318e-03 +1.7896e-03 +1.6449e-03 +1.5399e-03 +1.6101e-03 +1.8139e-03 +1.7820e-03 +1.5988e-03 +1.2873e-03 +1.4976e-03 
+0000.00000 +9.0344e-04 +1.1274e-03 +1.0308e-03 +8.8771e-04 +1.0099e-03 +8.8867e-04 +9.7718e-04 +1.0875e-03 +9.4403e-04 +7.4102e-04 +9.2665e-04 +1.0039e-03 +7.4288e-04 +7.4038e-04 +8.0950e-04 +9.1267e-04 +8.7418e-04 +1.2707e-03 +1.1215e-03 +8.8988e-04 +1.1861e-03 +1.1123e-03 +1.0298e-03 +1.0995e-03 +8.1032e-04 +8.1370e-04 +1.0012e-03 +9.9557e-04 +8.9805e-04 +9.6581e-04 +8.1308e-04 +8.8043e-04 +7.6607e-04 +7.7945e-04 +7.8940e-04 +5.2768e-04 +5.7777e-04 +5.2733e-04 +6.9958e-04 +9.8898e-04 +1.0249e-03 
-0000.00170 +7.5767e-03 +7.7127e-03 +7.8194e-03 +7.7172e-03 +7.4636e-03 +7.4458e-03 +7.2526e-03 +6.9200e-03 +6.6450e-03 +6.5977e-03 +6.2572e-03 +6.0922e-03 +6.2787e-03 +6.0422e-03 +5.7529e-03 +5.9722e-03 +5.9051e-03 +5.7265e-03 +5.6039e-03 +5.1565e-03 +3.5036e-03 +2.4413e-03 +1.8385e-03 +1.1573e-03 +1.2066e-03 +1.0855e-03 +5.9912e-04 +6.0905e-04 +2.1131e-04 +3.4607e-04 +3.0012e-04 +7.2174e-04 +3.6775e-04 -3.1507e-04 -1.0758e-04 -1.7705e-04 -1.6062e-04 -2.0098e-04 -2.2538e-04 -6.1493e-04 -8.2158e-04 
# Horizontal Final Position [m]
START
            -0000.01000 -0000.00950 -0000.00900 -0000.00850 -0000.00800 -0000.00750 -0000.00700 -0000.00650 -0000.00600 -0000.00550 -0000.00500 -0000.00450 -0000.00400 -0000.00350 -0000.00300 -0000.00250 -0000.00200 -0000.00150 -0000.00100 -0000.00050 +0000.00000 +0000.00050 +0000.00100 +0000.00150 +0000.00200 +0000.00250 +0000.00300 +0000.00350 +0000.00400 +0000.00450 +0000.00500 +0000.00550 +0000.00600 +0000.00650 +0000.00700 +0000.00750 +0000.00800 +0000.00850 +0000.00900 +0000.00950 +0000.01000 
+0000.00170 -1.0171e-02 -9.6587e-03 -9.1444e-03 -8.6312e-03 -8.1175e-03 -7.6047e-03 -7.0937e-03 -6.5839e-03 -6.0743e-03 -5.5636e-03 -5.0544e-03 -4.5473e-03 -4.0381e-03 -3.5291e-03 -3.0192e-03 -2.5086e-03 -1.9975e-03 -1.4876e-03 -9.8192e-04 -4.7848e-04 +2.0323e-05 +5.1586e-04 +1.0098e-03 +1.5016e-03 +1.9941e-03 +2.4897e-03 +2.9809e-03 +3.4732e-03 +3.9673e-03 +4.4594e-03 +4.9514e-03 +5.4424e-03 +5.9321e-03 +6.4228e-03 +6.9131e-03 +7.4029e-03 +7.8923e-03 +8.3836e-03 +8.8756e-03 +9.3607e-03 +9.8438e-03 
+0000.00000 -1.0171e-02 -9.6588e-03 -9.1452e-03 -8.6342e-03 -8.1226e-03 -7.6119e-03 -7.0991e-03 -6.5867e-03 -6.0762e-03 -5.5659e-03 -5.0578e-03 -4.5485e-03 -4.0398e-03 -3.5309e-03 -3.0239e-03 -2.5171e-03 -2.0110e-03 -1.5052e-03 -9.9950e-04 -4.9780e-04 +3.7247e-06 +5.0050e-04 +9.9971e-04 +1.4955e-03 +1.9903e-03 +2.4840e-03 +2.9795e-03 +3.4718e-03 +3.9641e-03 +4.4570e-03 +4.9498e-03 +5.4435e-03 +5.9333e-03 +6.4215e-03 +6.9124e-03 +7.4049e-03 +7.8945e-03 +8.3864e-03 +8.8780e-03 +9.3625e-03 +9.8418e-03 
-0000.00170 -1.0174e-02 -9.6609e-03 -9.1464e-03 -8.6319e-03 -8.1189e-03 -7.6064e-03 -7.0948e-03 -6.5833e-03 -6.0745e-03 -5.5641e-03 -5.0547e-03 -4.5469e-03 -4.0394e-03 -3.5308e-03 -3.0223e-03 -2.5138e-03 -2.0056e-03 -1.4968e-03 -9.8857e-04 -4.8004e-04 +2.5000e-05 +5.2508e-04 +1.0196e-03 +1.5090e-03 +1.9976e-03 +2.4920e-03 +2.9845e-03 +3.4760e-03 +3.9682e-03 +4.4571e-03 +4.9476e-03 +5.4415e-03 +5.9363e-03 +6.4285e-03 +6.9182e-03 +7.4078e-03 +7.8970e-03 +8.3848e-03 +8.8725e-03 +9.3556e-03 +9.8357e-03 
# Vertical Final Position [m]
START
            -0000.01000 -0000.00950 -0000.00900 -0000.00850 -0000.00800 -0000.00750 -0000.00700 -0000.00650 -0000.00600 -0000.00550 -0000.00500 -0000.00450 -0000.00400 -0000.00350 -0000.00300 -0000.00250 -0000.00200 -0000.00150 -0000.00100 -0000.00050 +0000.00000 +0000.00050 +0000.00100 +0000.00150 +0000.00200 +0000.00250 +0000.00300 +0000.00350 +0000.00400 +0000.00450 +0000.00500 +0000.00550 +0000.00600 +0000.00650 +0000.00700 +0000.00750 +0000.00800 +0000.00850 +0000.00900 +0000.00950 +0000.01000 
+0000.00170 +1.6387e-03 +1.6414e-03 +1.6402e-03 +1.6397e-03 +1.6430e-03 +1.6455e-03 +1.6510e-03 +1.6514e-03 +1.6504e-03 +1.6494e-03 +1.6527e-03 +1.6560e-03 +1.6567e-03 +1.6548e-03 +1.6552e-03 +1.6543e-03 +1.6607e-03 +1.6660e-03 +1.6704e-03 +1.6818e-03 +1.6958e-03 +1.6982e-03 +1.7086e-03 +1.7106e-03 +1.7049e-03 +1.7094e-03 +1.7108e-03 +1.7104e-03 +1.7099e-03 +1.7100e-03 +1.7111e-03 +1.7141e-03 +1.7178e-03 +1.7163e-03 +1.7153e-03 +1.7160e-03 +1.7180e-03 +1.7177e-03 +1.7159e-03 +1.7129e-03 +1.7151e-03 
+0000.00000 +8.9230e-06 +1.1143e-05 +1.0185e-05 +8.8353e-06 +9.9781e-06 +8.7876e-06 +9.6294e-06 +1.0719e-05 +9.3044e-06 +7.3536e-06 +9.1507e-06 +9.9422e-06 +7.3847e-06 +7.5056e-06 +8.4005e-06 +9.6714e-06 +9.2704e-06 +1.2344e-05 +1.0384e-05 +8.1625e-06 +1.1003e-05 +1.0836e-05 +1.0034e-05 +1.0616e-05 +7.8557e-06 +7.9847e-06 +9.7224e-06 +9.3774e-06 +8.7488e-06 +9.4295e-06 +7.9080e-06 +8.6293e-06 +7.4804e-06 +7.6873e-06 +7.7701e-06 +5.1415e-06 +5.6898e-06 +5.1999e-06 +6.8729e-06 +9.7489e-06 +1.0089e-05 
-0000.00170 -1.6248e-03 -1.6233e-03 -1.6221e-03 -1.6233e-03 -1.6260e-03 -1.6261e-03 -1.6279e-03 -1.6311e-03 -1.6339e-03 -1.6345e-03 -1.6380e-03 -1.6395e-03 -1.6380e-03 -1.6402e-03 -1.6428e-03 -1.6407e-03 -1.6415e-03 -1.6427e-03 -1.6436e-03 -1.6482e-03 -1.6661e-03 -1.6757e-03 -1.6817e-03 -1.6884e-03 -1.6877e-03 -1.6891e-03 -1.6943e-03 -1.6946e-03 -1.6988e-03 -1.6972e-03 -1.6975e-03 -1.6931e-03 -1.6964e-03 -1.7032e-03 -1.7010e-03 -1.7019e-03 -1.7017e-03 -1.7021e-03 -1.7022e-03 -1.7061e-03 -1.7082e-03 