# Author: FAC idanalysis.IDKickMap
# 
# Total Length of Longitudinal Interval [m]
2
# Number of Horizontal Points
41
# Number of Vertical Points
3
# Total Horizontal 2nd Order Kick [T2m2]
START
            -0000.01000 -0000.00950 -0000.00900 -0000.00850 -0000.00800 -0000.00750 -0000.00700 -0000.00650 -0000.00600 -0000.00550 -0000.00500 -0000.00450 -0000.00400 -0000.00350 -0000.00300 -0000.00250 -0000.00200 -0000.00150 -0000.00100 -0000.00050 +0000.00000 +0000.00050 +0000.00100 +0000.00150 +0000.00200 +0000.00250 +0000.00300 +0000.00350 +0000.00400 +0000.00450 +0000.00500 +0000.00550 +0000.00600 +0000.00650 +0000.00700 +0000.00750 +0000.00800 +0000.00850 +0000.00900 +0000.00950 +0000.01000 
+0000.00170 -6.7482e-03 -6.5111e-03 -5.9862e-03 -5.6171e-03 -5.2814e-03 -4.7503e-03 -4.4806e-03 -4.1647e-03 -4.0160e-03 -3.5662e-03 -3.1540e-03 -2.9422e-03 -2.5264e-03 -2.0283e-03 -1.5052e-03 -7.9611e-04 -2.4065e-05 +7.7227e-04 +1.1859e-03 +1.3754e-03 +1.2618e-03 +9.1198e-04 +4.9804e-04 -8.7789e-05 -7.6535e-04 -9.2109e-04 -1.4025e-03 -1.8446e-03 -1.9362e-03 -2.1361e-03 -2.5210e-03 -2.7037e-03 -3.2105e-03 -3.5132e-03 -3.7592e-03 -4.0468e-03 -4.2440e-03 -4.5453e-03 -4.3492e-03 -4.4695e-03 -5.3664e-03 
+0000.00000 -6.4023e-03 -6.2587e-03 -5.7718e-03 -5.3924e-03 -5.3057e-03 -4.9623e-03 -4.6518e-03 -3.9937e-03 -3.6986e-03 -3.3437e-03 -2.9532e-03 -2.6530e-03 -2.3451e-03 -1.7077e-03 -1.4052e-03 -1.1319e-03 -7.4079e-04 -5.8168e-04 +6.3474e-05 +9.5171e-05 +2.7940e-04 -5.8590e-05 -2.4270e-04 -1.7251e-04 -6.4133e-04 -1.1083e-03 -1.3042e-03 -1.4271e-03 -2.0268e-03 -2.1182e-03 -2.4199e-03 -2.4139e-03 -2.6773e-03 -3.1975e-03 -3.6687e-03 -3.6085e-03 -3.9396e-03 -3.9672e-03 -3.8914e-03 -4.0908e-03 -5.3385e-03 
-0000.00170 -7.0105e-03 -6.5710e-03 -6.2026e-03 -5.7148e-03 -5.3722e-03 -4.7988e-03 -4.5443e-03 -4.0472e-03 -3.8798e-03 -3.4681e-03 -3.1545e-03 -2.8531e-03 -2.5847e-03 -2.2471e-03 -1.8219e-03 -1.2578e-03 -7.0917e-04 -1.4796e-04 +4.2255e-04 +1.1465e-03 +1.6064e-03 +1.6262e-03 +1.3067e-03 +5.9787e-04 -2.9433e-04 -6.6022e-04 -9.8439e-04 -1.5888e-03 -1.8027e-03 -2.4066e-03 -3.0025e-03 -3.0934e-03 -3.0430e-03 -3.0142e-03 -3.2951e-03 -3.5744e-03 -3.8495e-03 -4.1984e-03 -4.6323e-03 -4.9560e-03 -6.1266e-03 
# Total Vertical 2nd Order Kick [T2m2]
START
            -0000.01000 -0000.00950 -0000.00900 -0000.00850 -0000.00800 -0000.00750 -0000.00700 -0000.00650 -0000.00600 -0000.00550 -0000.00500 -0000.00450 -0000.00400 -0000.00350 -0000.00300 -0000.00250 -0000.00200 -0000.00150 -0000.00100 -0000.00050 +0000.00000 +0000.00050 +0000.00100 +0000.00150 +0000.00200 +0000.00250 +0000.00300 +0000.00350 +0000.00400 +0000.00450 +0000.00500 +0000.00550 +0000.00600 +0000.00650 +0000.00700 +0000.00750 +0000.00800 +0000.00850 +0000.00900 +0000.00950 +0000.01000 
+0000.00170 -2.2652e-03 -2.0835e-03 -1.8792e-03 -2.4668e-03 -2.1608e-03 -2.0667e-03 -1.9590e-03 -1.7281e-03 -1.9677e-03 -2.4703e-03 -2.2744e-03 -2.2355e-03 -2.3754e-03 -2.3265e-03 -2.6586e-03 -3.0462e-03 -2.4939e-03 -2.2374e-03 -1.4607e-03 -1.2071e-03 +1.2994e-04 -9.4947e-05 +6.1307e-04 +1.0520e-03 +6.2031e-04 +4.5086e-04 +4.6078e-04 +2.1268e-04 +5.0056e-05 +3.5844e-05 -4.6188e-05 -1.5559e-05 +2.6474e-04 +1.2060e-04 -6.2514e-06 -5.7182e-04 -7.3348e-05 -3.5477e-04 -4.2920e-04 -1.0872e-03 -1.0556e-03 
+0000.00000 +1.7038e-04 +5.8516e-04 +5.7705e-04 +2.6303e-04 +4.5392e-04 +3.0409e-04 +3.7992e-04 +3.8867e-04 +4.8626e-04 +2.0820e-04 +1.1739e-04 +5.5020e-04 +2.4219e-04 +7.3216e-05 +2.6071e-04 +2.6629e-04 +3.3028e-04 +5.6857e-04 +7.2267e-04 +1.3477e-04 +6.5575e-04 +5.5613e-04 +3.9708e-04 +5.9691e-04 +3.1842e-04 +1.9784e-04 +2.7148e-04 +6.1399e-04 +3.0405e-04 +4.5809e-04 +2.8723e-04 +2.8145e-04 +3.7690e-04 +1.6252e-04 +3.5072e-04 +1.3791e-04 +2.7633e-05 +6.5163e-05 +7.8459e-05 +4.8579e-04 +5.3065e-04 
-0000.00170 +2.2766e-03 +2.7030e-03 +2.7068e-03 +2.7641e-03 +2.9683e-03 +2.6530e-03 +2.9962e-03 +2.8249e-03 +2.6882e-03 +2.5951e-03 +2.6051e-03 +2.6196e-03 +2.6737e-03 +2.8642e-03 +2.8141e-03 +3.0123e-03 +3.1347e-03 +3.1765e-03 +3.3499e-03 +3.1951e-03 +2.0776e-03 +8.4771e-04 +6.2805e-04 +2.4553e-04 +2.5717e-04 +5.0408e-04 -1.0667e-04 +3.0461e-04 +5.6941e-06 +2.9587e-04 +3.2988e-04 +9.0273e-04 +1.0324e-03 +4.0761e-04 +5.1355e-04 +7.9205e-04 +8.1616e-04 +9.6551e-04 +9.6660e-04 +9.0687e-04 +8.2572e-04 
# Horizontal Final Position [m]
START
            -0000.01000 -0000.00950 -0000.00900 -0000.00850 -0000.00800 -0000.00750 -0000.00700 -0000.00650 -0000.00600 -0000.00550 -0000.00500 -0000.00450 -0000.00400 -0000.00350 -0000.00300 -0000.00250 -0000.00200 -0000.00150 -0000.00100 -0000.00050 +0000.00000 +0000.00050 +0000.00100 +0000.00150 +0000.00200 +0000.00250 +0000.00300 +0000.00350 +0000.00400 +0000.00450 +0000.00500 +0000.00550 +0000.00600 +0000.00650 +0000.00700 +0000.00750 +0000.00800 +0000.00850 +0000.00900 +0000.00950 +0000.01000 
+0000.00170 -1.0067e-02 -9.5647e-03 -9.0595e-03 -8.5558e-03 -8.0524e-03 -7.5471e-03 -7.0443e-03 -6.5411e-03 -6.0397e-03 -5.5353e-03 -5.0313e-03 -4.5293e-03 -4.0251e-03 -3.5202e-03 -3.0151e-03 -2.5083e-03 -2.0007e-03 -1.4929e-03 -9.8916e-04 -4.8734e-04 +1.1772e-05 +5.0856e-04 +1.0047e-03 +1.4996e-03 +1.9931e-03 +2.4917e-03 +2.9868e-03 +3.4822e-03 +3.9813e-03 +4.4790e-03 +4.9751e-03 +5.4733e-03 +5.9682e-03 +6.4652e-03 +6.9627e-03 +7.4598e-03 +7.9579e-03 +8.4549e-03 +8.9568e-03 +9.4555e-03 +9.9464e-03 
+0000.00000 -1.0064e-02 -9.5622e-03 -9.0574e-03 -8.5537e-03 -8.0528e-03 -7.5494e-03 -7.0463e-03 -6.5397e-03 -6.0368e-03 -5.5333e-03 -5.0294e-03 -4.5264e-03 -4.0234e-03 -3.5172e-03 -3.0144e-03 -2.5117e-03 -2.0079e-03 -1.5063e-03 -9.9979e-04 -4.9943e-04 +2.7896e-06 +4.9951e-04 +9.9779e-04 +1.4985e-03 +1.9940e-03 +2.4896e-03 +2.9878e-03 +3.4863e-03 +3.9802e-03 +4.4792e-03 +4.9763e-03 +5.4763e-03 +5.9737e-03 +6.4685e-03 +6.9637e-03 +7.4644e-03 +7.9611e-03 +8.4608e-03 +8.9616e-03 +9.4596e-03 +9.9472e-03 
-0000.00170 -1.0070e-02 -9.5655e-03 -9.0616e-03 -8.5566e-03 -8.0533e-03 -7.5477e-03 -7.0451e-03 -6.5401e-03 -6.0384e-03 -5.5343e-03 -5.0312e-03 -4.5283e-03 -4.0257e-03 -3.5225e-03 -3.0184e-03 -2.5128e-03 -2.0078e-03 -1.5020e-03 -9.9608e-04 -4.8850e-04 +1.6548e-05 +5.1707e-04 +1.0139e-03 +1.5063e-03 +1.9972e-03 +2.4936e-03 +2.9906e-03 +3.4847e-03 +3.9825e-03 +4.4765e-03 +4.9705e-03 +5.4694e-03 +5.9698e-03 +6.4701e-03 +6.9673e-03 +7.4646e-03 +7.9618e-03 +8.4583e-03 +8.9539e-03 +9.4508e-03 +9.9392e-03 
# Vertical Final Position [m]
START
            -0000.01000 -0000.00950 -0000.00900 -0000.00850 -0000.00800 -0000.00750 -0000.00700 -0000.00650 -0000.00600 -0000.00550 -0000.00500 -0000.00450 -0000.00400 -0000.00350 -0000.00300 -0000.00250 -0000.00200 -0000.00150 -0000.00100 -0000.00050 +0000.00000 +0000.00050 +0000.00100 +0000.00150 +0000.00200 +0000.00250 +0000.00300 +0000.00350 +0000.00400 +0000.00450 +0000.00500 +0000.00550 +0000.00600 +0000.00650 +0000.00700 +0000.00750 +0000.00800 +0000.00850 +0000.00900 +0000.00950 +0000.01000 
+0000.00170 +1.6774e-03 +1.6791e-03 +1.6812e-03 +1.6753e-03 +1.6783e-03 +1.6792e-03 +1.6804e-03 +1.6826e-03 +1.6804e-03 +1.6755e-03 +1.6773e-03 +1.6780e-03 +1.6768e-03 +1.6774e-03 +1.6744e-03 +1.6706e-03 +1.6757e-03 +1.6778e-03 +1.6853e-03 +1.6872e-03 +1.7009e-03 +1.6983e-03 +1.7051e-03 +1.7098e-03 +1.7055e-03 +1.7042e-03 +1.7047e-03 +1.7024e-03 +1.7005e-03 +1.7004e-03 +1.6996e-03 +1.6998e-03 +1.7027e-03 +1.7012e-03 +1.7000e-03 +1.6944e-03 +1.6993e-03 +1.6965e-03 +1.6958e-03 +1.6894e-03 +1.6898e-03 
+0000.00000 +1.4901e-06 +5.6346e-06 +5.5442e-06 +2.4902e-06 +4.3675e-06 +2.8739e-06 +3.6413e-06 +3.7245e-06 +4.7012e-06 +2.0016e-06 +1.0826e-06 +5.4120e-06 +2.3841e-06 +8.4410e-07 +2.8510e-06 +3.1025e-06 +3.7252e-06 +5.4937e-06 +6.6980e-06 +9.2982e-07 +5.9775e-06 +5.3810e-06 +3.8321e-06 +5.6968e-06 +3.0124e-06 +1.9004e-06 +2.5298e-06 +5.7722e-06 +2.9066e-06 +4.4555e-06 +2.7524e-06 +2.7346e-06 +3.6708e-06 +1.5959e-06 +3.4690e-06 +1.3159e-06 +2.7297e-07 +6.4393e-07 +7.3993e-07 +4.7801e-06 +5.2145e-06 
-0000.00170 -1.6776e-03 -1.6733e-03 -1.6730e-03 -1.6726e-03 -1.6708e-03 -1.6738e-03 -1.6703e-03 -1.6719e-03 -1.6733e-03 -1.6743e-03 -1.6743e-03 -1.6741e-03 -1.6738e-03 -1.6717e-03 -1.6720e-03 -1.6701e-03 -1.6689e-03 -1.6681e-03 -1.6661e-03 -1.6677e-03 -1.6799e-03 -1.6915e-03 -1.6939e-03 -1.6977e-03 -1.6973e-03 -1.6950e-03 -1.7012e-03 -1.6974e-03 -1.7006e-03 -1.6975e-03 -1.6971e-03 -1.6912e-03 -1.6898e-03 -1.6960e-03 -1.6949e-03 -1.6922e-03 -1.6920e-03 -1.6905e-03 -1.6903e-03 -1.6910e-03 -1.6918e-03 