# Author: FAC idanalysis.IDKickMap
# 
# Total Length of Longitudinal Interval [m]
2
# Number of Horizontal Points
41
# Number of Vertical Points
3
# Total Horizontal 2nd Order Kick [T2m2]
START
            -0000.01000 -0000.00950 -0000.00900 -0000.00850 -0000.00800 -0000.00750 -0000.00700 -0000.00650 -0000.00600 -0000.00550 -0000.00500 -0000.00450 -0000.00400 -0000.00350 -0000.00300 -0000.00250 -0000.00200 -0000.00150 -0000.00100 -0000.00050 +0000.00000 +0000.00050 +0000.00100 +0000.00150 +0000.00200 +0000.00250 +0000.00300 +0000.00350 +0000.00400 +0000.00450 +0000.00500 +0000.00550 +0000.00600 +0000.00650 +0000.00700 +0000.00750 +0000.00800 +0000.00850 +0000.00900 +0000.00950 +0000.01000 
+0000.00170 -2.5321e-04 -2.6129e-04 -2.6898e-04 -2.7266e-04 -2.8076e-04 -2.8839e-04 -2.9197e-04 -3.0027e-04 -3.0504e-04 -3.1364e-04 -3.1502e-04 -3.1625e-04 -3.1726e-04 -3.1836e-04 -3.1505e-04 -3.1316e-04 -3.0727e-04 -2.9910e-04 -2.9896e-04 -3.0019e-04 -3.0429e-04 -3.0939e-04 -3.1136e-04 -3.1232e-04 -3.1441e-04 -3.1777e-04 -3.1600e-04 -3.1448e-04 -3.1438e-04 -3.0859e-04 -3.0645e-04 -3.0689e-04 -3.0142e-04 -3.0187e-04 -2.9858e-04 -2.9225e-04 -2.8454e-04 -2.7652e-04 -2.7056e-04 -2.5504e-04 -2.4618e-04 
+0000.00000 -2.4356e-04 -2.5500e-04 -2.6484e-04 -2.6978e-04 -2.7385e-04 -2.8529e-04 -2.9101e-04 -2.9421e-04 -2.9405e-04 -3.0175e-04 -3.0405e-04 -3.0566e-04 -3.0929e-04 -3.0919e-04 -3.0623e-04 -3.0775e-04 -3.0925e-04 -3.1107e-04 -3.1010e-04 -3.0228e-04 -3.0470e-04 -3.0442e-04 -3.0883e-04 -3.1230e-04 -3.0535e-04 -3.1360e-04 -3.1559e-04 -3.1273e-04 -3.0867e-04 -3.1424e-04 -3.0605e-04 -3.0076e-04 -2.9401e-04 -2.8880e-04 -2.8767e-04 -2.8626e-04 -2.7788e-04 -2.7096e-04 -2.5967e-04 -2.4711e-04 -2.4209e-04 
-0000.00170 -2.5293e-04 -2.6589e-04 -2.7041e-04 -2.7817e-04 -2.8523e-04 -2.9076e-04 -2.9297e-04 -3.0028e-04 -3.0269e-04 -3.0716e-04 -3.0985e-04 -3.1291e-04 -3.1461e-04 -3.1546e-04 -3.1806e-04 -3.1650e-04 -3.1285e-04 -3.1119e-04 -3.1110e-04 -3.0688e-04 -3.0053e-04 -2.9809e-04 -2.9959e-04 -3.0197e-04 -3.0755e-04 -3.1166e-04 -3.1162e-04 -3.1012e-04 -3.1541e-04 -3.1236e-04 -3.1561e-04 -3.1797e-04 -3.1089e-04 -3.0078e-04 -2.9134e-04 -2.8529e-04 -2.7850e-04 -2.7198e-04 -2.6644e-04 -2.6237e-04 -2.5332e-04 
# Total Vertical 2nd Order Kick [T2m2]
START
            -0000.01000 -0000.00950 -0000.00900 -0000.00850 -0000.00800 -0000.00750 -0000.00700 -0000.00650 -0000.00600 -0000.00550 -0000.00500 -0000.00450 -0000.00400 -0000.00350 -0000.00300 -0000.00250 -0000.00200 -0000.00150 -0000.00100 -0000.00050 +0000.00000 +0000.00050 +0000.00100 +0000.00150 +0000.00200 +0000.00250 +0000.00300 +0000.00350 +0000.00400 +0000.00450 +0000.00500 +0000.00550 +0000.00600 +0000.00650 +0000.00700 +0000.00750 +0000.00800 +0000.00850 +0000.00900 +0000.00950 +0000.01000 
+0000.00170 +3.0142e-05 +2.0319e-05 +2.1942e-05 +2.8800e-05 +1.4783e-05 +1.9839e-05 +2.1260e-05 +1.7610e-05 +1.9554e-05 +1.5052e-05 +2.8641e-06 -2.3489e-06 -5.4354e-07 -3.7224e-06 +5.3686e-07 -1.0367e-05 -1.5241e-05 -8.1336e-06 +8.6536e-07 +1.1272e-05 +7.8912e-06 +9.4984e-06 -7.2708e-06 +2.8324e-06 +8.6331e-06 +8.5260e-06 -5.0560e-06 -3.4082e-06 -9.9872e-06 -8.9771e-06 -1.0061e-05 -1.1059e-05 -1.5863e-05 -1.1348e-05 -1.5529e-05 -1.9656e-05 -3.4193e-05 -2.1764e-05 -2.9225e-05 -3.1046e-05 -4.3823e-05 
+0000.00000 -4.1826e-07 -1.9876e-06 +6.2694e-06 +3.7036e-06 +1.9783e-06 +1.9657e-06 +1.1123e-07 +1.4608e-06 +1.5472e-06 +1.0905e-06 -5.1423e-07 -4.1047e-06 +2.4212e-06 -2.9939e-07 -5.6085e-06 -2.3489e-06 -2.8311e-06 -5.7783e-07 +9.5600e-07 +1.3125e-06 -6.2082e-06 +3.0362e-06 -5.6068e-07 +2.1356e-07 +3.0062e-07 -2.8761e-06 -4.2351e-06 -3.3356e-06 +3.3928e-06 -1.3708e-06 +1.2570e-06 -2.7543e-06 -1.9942e-06 +1.2929e-06 -2.4489e-06 +6.9053e-08 -2.6909e-06 -4.6371e-06 -3.7611e-06 -2.9552e-06 +4.2162e-06 
-0000.00170 -3.3853e-05 -3.2592e-05 -1.9211e-05 -2.6619e-05 -2.2732e-05 -1.3017e-05 -2.0646e-05 -9.2165e-06 -1.0033e-05 -8.2774e-06 -1.5207e-05 -5.2989e-06 -4.1056e-06 -8.4273e-06 -1.2853e-06 +3.1253e-06 +3.2502e-07 +7.6223e-07 +3.0279e-06 +1.5865e-05 +9.7755e-06 -8.5299e-07 -7.4555e-06 -1.0650e-05 -1.1881e-06 -4.2249e-06 +1.2242e-06 -1.0497e-05 -7.8866e-07 -2.4169e-06 +4.2874e-06 +8.1064e-06 +1.9594e-05 +2.1764e-05 +1.4091e-05 +2.2246e-05 +2.4252e-05 +2.8707e-05 +2.9552e-05 +2.9617e-05 +3.1496e-05 
# Horizontal Final Position [m]
START
            -0000.01000 -0000.00950 -0000.00900 -0000.00850 -0000.00800 -0000.00750 -0000.00700 -0000.00650 -0000.00600 -0000.00550 -0000.00500 -0000.00450 -0000.00400 -0000.00350 -0000.00300 -0000.00250 -0000.00200 -0000.00150 -0000.00100 -0000.00050 +0000.00000 +0000.00050 +0000.00100 +0000.00150 +0000.00200 +0000.00250 +0000.00300 +0000.00350 +0000.00400 +0000.00450 +0000.00500 +0000.00550 +0000.00600 +0000.00650 +0000.00700 +0000.00750 +0000.00800 +0000.00850 +0000.00900 +0000.00950 +0000.01000 
+0000.00170 -1.0003e-02 -9.5026e-03 -9.0027e-03 -8.5027e-03 -8.0028e-03 -7.5029e-03 -7.0029e-03 -6.5030e-03 -6.0030e-03 -5.5031e-03 -5.0031e-03 -4.5031e-03 -4.0032e-03 -3.5032e-03 -3.0031e-03 -2.5031e-03 -2.0031e-03 -1.5030e-03 -1.0030e-03 -5.0299e-04 -3.0300e-06 +4.9692e-04 +9.9690e-04 +1.4969e-03 +1.9969e-03 +2.4969e-03 +2.9969e-03 +3.4969e-03 +3.9969e-03 +4.4969e-03 +4.9970e-03 +5.4970e-03 +5.9970e-03 +6.4970e-03 +6.9970e-03 +7.4971e-03 +7.9972e-03 +8.4973e-03 +8.9973e-03 +9.4975e-03 +9.9976e-03 
+0000.00000 -1.0002e-02 -9.5025e-03 -9.0026e-03 -8.5027e-03 -8.0027e-03 -7.5028e-03 -7.0029e-03 -6.5029e-03 -6.0029e-03 -5.5030e-03 -5.0030e-03 -4.5030e-03 -4.0031e-03 -3.5031e-03 -3.0030e-03 -2.5031e-03 -2.0031e-03 -1.5031e-03 -1.0031e-03 -5.0301e-04 -3.0264e-06 +4.9698e-04 +9.9693e-04 +1.4969e-03 +1.9970e-03 +2.4969e-03 +2.9969e-03 +3.4969e-03 +3.9969e-03 +4.4969e-03 +4.9970e-03 +5.4970e-03 +5.9971e-03 +6.4971e-03 +6.9971e-03 +7.4972e-03 +7.9972e-03 +8.4973e-03 +8.9974e-03 +9.4975e-03 +9.9976e-03 
-0000.00170 -1.0003e-02 -9.5026e-03 -9.0027e-03 -8.5028e-03 -8.0028e-03 -7.5029e-03 -7.0029e-03 -6.5030e-03 -6.0030e-03 -5.5030e-03 -5.0031e-03 -4.5031e-03 -4.0031e-03 -3.5031e-03 -3.0032e-03 -2.5031e-03 -2.0031e-03 -1.5031e-03 -1.0031e-03 -5.0305e-04 -2.9802e-06 +4.9705e-04 +9.9703e-04 +1.4970e-03 +1.9969e-03 +2.4969e-03 +2.9969e-03 +3.4969e-03 +3.9969e-03 +4.4969e-03 +4.9969e-03 +5.4968e-03 +5.9969e-03 +6.4970e-03 +6.9971e-03 +7.4972e-03 +7.9972e-03 +8.4973e-03 +8.9974e-03 +9.4974e-03 +9.9975e-03 
# Vertical Final Position [m]
START
            -0000.01000 -0000.00950 -0000.00900 -0000.00850 -0000.00800 -0000.00750 -0000.00700 -0000.00650 -0000.00600 -0000.00550 -0000.00500 -0000.00450 -0000.00400 -0000.00350 -0000.00300 -0000.00250 -0000.00200 -0000.00150 -0000.00100 -0000.00050 +0000.00000 +0000.00050 +0000.00100 +0000.00150 +0000.00200 +0000.00250 +0000.00300 +0000.00350 +0000.00400 +0000.00450 +0000.00500 +0000.00550 +0000.00600 +0000.00650 +0000.00700 +0000.00750 +0000.00800 +0000.00850 +0000.00900 +0000.00950 +0000.01000 
+0000.00170 +1.7003e-03 +1.7002e-03 +1.7002e-03 +1.7003e-03 +1.7001e-03 +1.7002e-03 +1.7002e-03 +1.7002e-03 +1.7002e-03 +1.7002e-03 +1.7000e-03 +1.7000e-03 +1.7000e-03 +1.7000e-03 +1.7000e-03 +1.6999e-03 +1.6999e-03 +1.6999e-03 +1.7000e-03 +1.7001e-03 +1.7001e-03 +1.7001e-03 +1.6999e-03 +1.7000e-03 +1.7001e-03 +1.7001e-03 +1.7000e-03 +1.7000e-03 +1.6999e-03 +1.6999e-03 +1.6999e-03 +1.6999e-03 +1.6998e-03 +1.6999e-03 +1.6998e-03 +1.6998e-03 +1.6997e-03 +1.6998e-03 +1.6997e-03 +1.6997e-03 +1.6996e-03 
+0000.00000 -6.7903e-09 -2.1913e-08 +6.0452e-08 +3.4793e-08 +1.8157e-08 +1.7850e-08 -5.2179e-10 +1.3018e-08 +1.4074e-08 +9.6956e-09 -6.1284e-09 -4.1168e-08 +2.3616e-08 -1.9876e-09 -5.3279e-08 -1.8618e-08 -2.4069e-08 -7.4517e-09 +4.8735e-09 +9.2063e-09 -6.6781e-08 +2.8796e-08 -6.1114e-09 +1.1144e-10 +1.7568e-09 -2.9056e-08 -4.2975e-08 -3.6206e-08 +3.3506e-08 -1.4633e-08 +1.2095e-08 -2.7666e-08 -2.0310e-08 +1.2963e-08 -2.4064e-08 +8.7180e-10 -2.6262e-08 -4.5445e-08 -3.7433e-08 -2.9339e-08 +4.1747e-08 
-0000.00170 -1.7003e-03 -1.7003e-03 -1.7002e-03 -1.7003e-03 -1.7002e-03 -1.7001e-03 -1.7002e-03 -1.7001e-03 -1.7001e-03 -1.7001e-03 -1.7002e-03 -1.7001e-03 -1.7000e-03 -1.7001e-03 -1.7000e-03 -1.7000e-03 -1.7000e-03 -1.7000e-03 -1.7000e-03 -1.6998e-03 -1.6999e-03 -1.7000e-03 -1.7001e-03 -1.7001e-03 -1.7000e-03 -1.7000e-03 -1.7000e-03 -1.7001e-03 -1.7000e-03 -1.7000e-03 -1.7000e-03 -1.6999e-03 -1.6998e-03 -1.6998e-03 -1.6999e-03 -1.6998e-03 -1.6998e-03 -1.6997e-03 -1.6997e-03 -1.6997e-03 -1.6997e-03 