# Author: FAC idanalysis.IDKickMap
# 
# Total Length of Longitudinal Interval [m]
2
# Number of Horizontal Points
41
# Number of Vertical Points
3
# Total Horizontal 2nd Order Kick [T2m2]
START
            -0000.01000 -0000.00950 -0000.00900 -0000.00850 -0000.00800 -0000.00750 -0000.00700 -0000.00650 -0000.00600 -0000.00550 -0000.00500 -0000.00450 -0000.00400 -0000.00350 -0000.00300 -0000.00250 -0000.00200 -0000.00150 -0000.00100 -0000.00050 +0000.00000 +0000.00050 +0000.00100 +0000.00150 +0000.00200 +0000.00250 +0000.00300 +0000.00350 +0000.00400 +0000.00450 +0000.00500 +0000.00550 +0000.00600 +0000.00650 +0000.00700 +0000.00750 +0000.00800 +0000.00850 +0000.00900 +0000.00950 +0000.01000 
+0000.00170 -2.3863e-04 -4.3588e-04 -4.8984e-04 -5.5208e-04 -7.2059e-04 -7.3445e-04 -8.2989e-04 -9.6255e-04 -1.0986e-03 -1.1110e-03 -1.0091e-03 -9.6044e-04 -8.5411e-04 -6.7678e-04 -4.5406e-04 -1.5487e-04 +2.4607e-04 +6.9357e-04 +8.2843e-04 +8.4830e-04 +7.2419e-04 +5.0649e-04 +3.5400e-04 +1.1437e-04 -1.9431e-04 -2.6389e-04 -3.7150e-04 -5.0273e-04 -4.6009e-04 -3.7197e-04 -4.3989e-04 -4.3565e-04 -4.8508e-04 -5.3426e-04 -4.5038e-04 -3.3094e-04 -1.3863e-04 +8.0869e-06 +3.6986e-04 +7.6264e-04 +6.2664e-04 
+0000.00000 +1.2500e-04 -1.5837e-04 -2.7861e-04 -2.9523e-04 -5.1332e-04 -6.9554e-04 -7.7398e-04 -6.3634e-04 -6.2997e-04 -6.9279e-04 -6.2514e-04 -6.0186e-04 -5.8868e-04 -3.6858e-04 -1.9973e-04 -1.9735e-04 -9.4987e-05 -6.5799e-05 +2.3977e-04 +4.1491e-04 +4.4786e-04 +2.9150e-04 +1.4553e-04 +1.4165e-04 +9.8295e-05 -2.3368e-04 -3.0565e-04 -2.4671e-04 -3.8622e-04 -4.4249e-04 -2.9879e-04 -1.3354e-04 -3.9911e-06 -2.8153e-05 -1.6303e-04 +2.0764e-05 +1.8754e-04 +4.6082e-04 +8.4544e-04 +1.1500e-03 +7.7389e-04 
-0000.00170 -3.3567e-04 -5.2101e-04 -6.0589e-04 -7.1162e-04 -8.3287e-04 -8.0179e-04 -8.5398e-04 -8.6991e-04 -9.2398e-04 -9.1789e-04 -9.1133e-04 -9.0189e-04 -8.6963e-04 -8.2436e-04 -7.4795e-04 -5.0522e-04 -2.4863e-04 -2.0814e-05 +2.3745e-04 +6.5901e-04 +1.0349e-03 +1.1082e-03 +1.0010e-03 +6.8488e-04 +2.2933e-04 +1.8263e-05 -7.2523e-05 -3.0402e-04 -4.3410e-04 -6.3177e-04 -9.3272e-04 -9.5807e-04 -6.7094e-04 -3.0883e-04 -1.1212e-04 +3.9466e-05 +1.9618e-04 +2.9941e-04 +3.3518e-04 +4.1616e-04 +1.4278e-04 
# Total Vertical 2nd Order Kick [T2m2]
START
            -0000.01000 -0000.00950 -0000.00900 -0000.00850 -0000.00800 -0000.00750 -0000.00700 -0000.00650 -0000.00600 -0000.00550 -0000.00500 -0000.00450 -0000.00400 -0000.00350 -0000.00300 -0000.00250 -0000.00200 -0000.00150 -0000.00100 -0000.00050 +0000.00000 +0000.00050 +0000.00100 +0000.00150 +0000.00200 +0000.00250 +0000.00300 +0000.00350 +0000.00400 +0000.00450 +0000.00500 +0000.00550 +0000.00600 +0000.00650 +0000.00700 +0000.00750 +0000.00800 +0000.00850 +0000.00900 +0000.00950 +0000.01000 
+0000.00170 +6.0234e-05 -6.1388e-05 +8.9807e-05 -9.0088e-05 -2.5467e-04 -1.2002e-04 -1.0128e-04 -7.1663e-05 -2.4037e-04 -6.1271e-04 -8.2404e-04 -8.7801e-04 -9.0838e-04 -9.0305e-04 -1.0055e-03 -1.3963e-03 -1.2491e-03 -9.6684e-04 -4.6056e-04 -2.7205e-04 +1.1991e-04 -1.5667e-05 -4.5470e-06 +4.8169e-04 +3.1270e-04 +1.5262e-04 -7.2761e-05 -2.0674e-04 -4.2053e-04 -4.0135e-04 -4.7323e-04 -5.5068e-04 -4.8863e-04 -5.1235e-04 -6.5604e-04 -1.1140e-03 -1.1060e-03 -1.0458e-03 -1.2241e-03 -1.6433e-03 -1.8709e-03 
+0000.00000 -4.5114e-05 +1.5022e-04 +2.7402e-04 +1.1135e-04 +1.1200e-04 +6.3559e-05 +5.9128e-05 +8.7101e-05 +1.1636e-04 +2.2773e-05 -1.1149e-04 +5.1636e-05 +8.3987e-05 -1.0898e-04 -1.0201e-04 -2.2963e-05 +8.8009e-06 +1.6957e-04 +2.7180e-04 +5.3402e-06 +1.0904e-04 +2.2746e-04 +1.0194e-04 +1.5615e-04 +5.3253e-05 -7.9094e-05 -9.6866e-05 +1.2474e-04 +1.1720e-04 +6.5341e-05 +3.5288e-05 -3.0792e-05 +5.3108e-05 -2.0710e-06 +2.3440e-05 -1.7980e-05 -1.3923e-04 -1.6812e-04 -1.3190e-04 +8.5421e-05 +2.5133e-04 
-0000.00170 -3.8033e-04 -9.0808e-05 +6.4969e-05 +4.1173e-05 +2.4383e-04 +2.8863e-04 +3.7870e-04 +5.4802e-04 +5.0099e-04 +4.4156e-04 +4.4422e-04 +6.0443e-04 +6.3629e-04 +7.1330e-04 +8.8957e-04 +9.9919e-04 +1.0468e-03 +1.1791e-03 +1.4247e-03 +1.5934e-03 +1.0494e-03 +2.4046e-04 +4.3403e-05 -1.1327e-04 +6.2638e-05 +8.0467e-05 -1.3990e-04 -1.1554e-04 -8.6466e-05 +6.3235e-05 +2.4599e-04 +6.5859e-04 +1.0626e-03 +8.1462e-04 +7.7736e-04 +1.0495e-03 +1.1555e-03 +1.2755e-03 +1.2841e-03 +1.3192e-03 +1.3081e-03 
# Horizontal Final Position [m]
START
            -0000.01000 -0000.00950 -0000.00900 -0000.00850 -0000.00800 -0000.00750 -0000.00700 -0000.00650 -0000.00600 -0000.00550 -0000.00500 -0000.00450 -0000.00400 -0000.00350 -0000.00300 -0000.00250 -0000.00200 -0000.00150 -0000.00100 -0000.00050 +0000.00000 +0000.00050 +0000.00100 +0000.00150 +0000.00200 +0000.00250 +0000.00300 +0000.00350 +0000.00400 +0000.00450 +0000.00500 +0000.00550 +0000.00600 +0000.00650 +0000.00700 +0000.00750 +0000.00800 +0000.00850 +0000.00900 +0000.00950 +0000.01000 
+0000.00170 -1.0002e-02 -9.5042e-03 -9.0048e-03 -8.5054e-03 -8.0070e-03 -7.5071e-03 -7.0081e-03 -6.5093e-03 -6.0107e-03 -5.5109e-03 -5.0099e-03 -4.5095e-03 -4.0084e-03 -3.5067e-03 -3.0046e-03 -2.5017e-03 -1.9978e-03 -1.4934e-03 -9.9228e-04 -4.9212e-04 +6.7763e-06 +5.0477e-04 +1.0034e-03 +1.5015e-03 +1.9985e-03 +2.4979e-03 +2.9968e-03 +3.4954e-03 +3.9958e-03 +4.4965e-03 +4.9958e-03 +5.4958e-03 +5.9953e-03 +6.4948e-03 +6.9956e-03 +7.4968e-03 +7.9987e-03 +8.5001e-03 +9.0037e-03 +9.5075e-03 +1.0006e-02 
+0000.00000 -9.9987e-03 -9.5015e-03 -9.0028e-03 -8.5029e-03 -8.0051e-03 -7.5069e-03 -7.0077e-03 -6.5063e-03 -6.0062e-03 -5.5068e-03 -5.0062e-03 -4.5060e-03 -4.0059e-03 -3.5037e-03 -3.0022e-03 -2.5022e-03 -2.0013e-03 -1.5009e-03 -9.9784e-04 -4.9607e-04 +4.5077e-06 +5.0300e-04 +1.0016e-03 +1.5016e-03 +2.0012e-03 +2.4981e-03 +2.9975e-03 +3.4979e-03 +3.9964e-03 +4.4958e-03 +4.9973e-03 +5.4989e-03 +6.0002e-03 +6.4999e-03 +6.9985e-03 +7.5004e-03 +8.0020e-03 +8.5047e-03 +9.0086e-03 +9.5116e-03 +1.0008e-02 
-0000.00170 -1.0003e-02 -9.5052e-03 -9.0060e-03 -8.5069e-03 -8.0082e-03 -7.5079e-03 -7.0084e-03 -6.5085e-03 -6.0090e-03 -5.5090e-03 -5.0089e-03 -4.5089e-03 -4.0086e-03 -3.5083e-03 -3.0076e-03 -2.5051e-03 -2.0029e-03 -1.5005e-03 -9.9776e-04 -4.9335e-04 +1.0667e-05 +5.1160e-04 +1.0106e-03 +1.5071e-03 +2.0024e-03 +2.5003e-03 +2.9995e-03 +3.4973e-03 +3.9960e-03 +4.4940e-03 +4.9909e-03 +5.4906e-03 +5.9934e-03 +6.4970e-03 +6.9989e-03 +7.5005e-03 +8.0020e-03 +8.5030e-03 +9.0033e-03 +9.5042e-03 +1.0002e-02 
# Vertical Final Position [m]
START
            -0000.01000 -0000.00950 -0000.00900 -0000.00850 -0000.00800 -0000.00750 -0000.00700 -0000.00650 -0000.00600 -0000.00550 -0000.00500 -0000.00450 -0000.00400 -0000.00350 -0000.00300 -0000.00250 -0000.00200 -0000.00150 -0000.00100 -0000.00050 +0000.00000 +0000.00050 +0000.00100 +0000.00150 +0000.00200 +0000.00250 +0000.00300 +0000.00350 +0000.00400 +0000.00450 +0000.00500 +0000.00550 +0000.00600 +0000.00650 +0000.00700 +0000.00750 +0000.00800 +0000.00850 +0000.00900 +0000.00950 +0000.01000 
+0000.00170 +1.7005e-03 +1.6993e-03 +1.7008e-03 +1.6990e-03 +1.6973e-03 +1.6986e-03 +1.6989e-03 +1.6991e-03 +1.6976e-03 +1.6939e-03 +1.6917e-03 +1.6914e-03 +1.6912e-03 +1.6913e-03 +1.6905e-03 +1.6867e-03 +1.6878e-03 +1.6904e-03 +1.6953e-03 +1.6968e-03 +1.7010e-03 +1.6994e-03 +1.6994e-03 +1.7044e-03 +1.7027e-03 +1.7014e-03 +1.6994e-03 +1.6981e-03 +1.6958e-03 +1.6961e-03 +1.6954e-03 +1.6945e-03 +1.6952e-03 +1.6949e-03 +1.6935e-03 +1.6890e-03 +1.6890e-03 +1.6896e-03 +1.6879e-03 +1.6838e-03 +1.6816e-03 
+0000.00000 -6.1928e-07 +1.3478e-06 +2.5760e-06 +9.8587e-07 +9.9830e-07 +5.1287e-07 +4.7927e-07 +7.5946e-07 +1.0569e-06 +1.5532e-07 -1.1754e-06 +4.6639e-07 +8.0073e-07 -1.0216e-06 -8.6149e-07 +5.5829e-08 +3.5027e-07 +1.5727e-06 +2.3942e-06 -2.0076e-07 +7.5066e-07 +2.1701e-06 +9.5810e-07 +1.4141e-06 +4.4315e-07 -8.1365e-07 -1.0503e-06 +1.0468e-06 +1.1133e-06 +5.9516e-07 +3.0424e-07 -3.3099e-07 +4.9267e-07 -1.9103e-08 +2.4092e-07 -1.8831e-07 -1.3657e-06 -1.6526e-06 -1.3196e-06 +8.3544e-07 +2.4771e-06 
-0000.00170 -1.7040e-03 -1.7010e-03 -1.6994e-03 -1.6997e-03 -1.6978e-03 -1.6973e-03 -1.6963e-03 -1.6946e-03 -1.6951e-03 -1.6957e-03 -1.6957e-03 -1.6941e-03 -1.6939e-03 -1.6931e-03 -1.6912e-03 -1.6901e-03 -1.6897e-03 -1.6881e-03 -1.6855e-03 -1.6839e-03 -1.6899e-03 -1.6976e-03 -1.6996e-03 -1.7012e-03 -1.6993e-03 -1.6992e-03 -1.7015e-03 -1.7014e-03 -1.7013e-03 -1.6996e-03 -1.6978e-03 -1.6936e-03 -1.6895e-03 -1.6919e-03 -1.6922e-03 -1.6896e-03 -1.6886e-03 -1.6873e-03 -1.6872e-03 -1.6868e-03 -1.6870e-03 