# Author: FAC idanalysis.IDKickMap
# 
# Total Length of Longitudinal Interval [m]
2
# Number of Horizontal Points
41
# Number of Vertical Points
3
# Total Horizontal 2nd Order Kick [T2m2]
START
            -0000.01000 -0000.00950 -0000.00900 -0000.00850 -0000.00800 -0000.00750 -0000.00700 -0000.00650 -0000.00600 -0000.00550 -0000.00500 -0000.00450 -0000.00400 -0000.00350 -0000.00300 -0000.00250 -0000.00200 -0000.00150 -0000.00100 -0000.00050 +0000.00000 +0000.00050 +0000.00100 +0000.00150 +0000.00200 +0000.00250 +0000.00300 +0000.00350 +0000.00400 +0000.00450 +0000.00500 +0000.00550 +0000.00600 +0000.00650 +0000.00700 +0000.00750 +0000.00800 +0000.00850 +0000.00900 +0000.00950 +0000.01000 
+0000.00170 -5.3626e-03 -5.2646e-03 -4.9149e-03 -4.6796e-03 -4.4975e-03 -4.1198e-03 -3.9633e-03 -3.7798e-03 -3.7181e-03 -3.3971e-03 -3.0793e-03 -2.9207e-03 -2.5979e-03 -2.1839e-03 -1.7422e-03 -1.1372e-03 -4.5476e-04 +2.6446e-04 +6.1356e-04 +7.6768e-04 +6.5641e-04 +3.4106e-04 -8.1855e-06 -5.1273e-04 -1.1062e-03 -1.2369e-03 -1.6220e-03 -1.9827e-03 -2.0280e-03 -2.1362e-03 -2.4292e-03 -2.5443e-03 -2.9209e-03 -3.1408e-03 -3.2795e-03 -3.4453e-03 -3.5188e-03 -3.6862e-03 -3.4184e-03 -3.3744e-03 -4.0538e-03 
+0000.00000 -4.9924e-03 -4.9831e-03 -4.6791e-03 -4.4214e-03 -4.4421e-03 -4.2545e-03 -4.0632e-03 -3.5520e-03 -3.3501e-03 -3.1146e-03 -2.8118e-03 -2.5955e-03 -2.3740e-03 -1.8435e-03 -1.5808e-03 -1.3858e-03 -1.0623e-03 -9.4152e-04 -3.7273e-04 -3.0221e-04 -1.5222e-04 -4.4929e-04 -6.2387e-04 -5.6083e-04 -9.2050e-04 -1.3507e-03 -1.5116e-03 -1.5759e-03 -2.0504e-03 -2.1215e-03 -2.2948e-03 -2.2342e-03 -2.3762e-03 -2.7549e-03 -3.1280e-03 -3.0094e-03 -3.1909e-03 -3.1167e-03 -2.9349e-03 -2.9707e-03 -3.9808e-03 
-0000.00170 -5.5827e-03 -5.3289e-03 -5.1029e-03 -4.7919e-03 -4.5893e-03 -4.1700e-03 -4.0142e-03 -3.6616e-03 -3.5693e-03 -3.2776e-03 -3.0563e-03 -2.8429e-03 -2.6436e-03 -2.3934e-03 -2.0583e-03 -1.5740e-03 -1.0997e-03 -6.1423e-04 -1.1518e-04 +5.5116e-04 +1.0004e-03 +1.0351e-03 +7.6987e-04 +1.5242e-04 -6.3719e-04 -9.6747e-04 -1.2254e-03 -1.7314e-03 -1.9075e-03 -2.4006e-03 -2.9108e-03 -2.9677e-03 -2.8347e-03 -2.6951e-03 -2.8400e-03 -2.9860e-03 -3.1322e-03 -3.3435e-03 -3.6378e-03 -3.8282e-03 -4.7547e-03 
# Total Vertical 2nd Order Kick [T2m2]
START
            -0000.01000 -0000.00950 -0000.00900 -0000.00850 -0000.00800 -0000.00750 -0000.00700 -0000.00650 -0000.00600 -0000.00550 -0000.00500 -0000.00450 -0000.00400 -0000.00350 -0000.00300 -0000.00250 -0000.00200 -0000.00150 -0000.00100 -0000.00050 +0000.00000 +0000.00050 +0000.00100 +0000.00150 +0000.00200 +0000.00250 +0000.00300 +0000.00350 +0000.00400 +0000.00450 +0000.00500 +0000.00550 +0000.00600 +0000.00650 +0000.00700 +0000.00750 +0000.00800 +0000.00850 +0000.00900 +0000.00950 +0000.01000 
+0000.00170 -1.5575e-03 -1.4616e-03 -1.2720e-03 -1.7691e-03 -1.5920e-03 -1.4890e-03 -1.4132e-03 -1.2317e-03 -1.4720e-03 -1.9409e-03 -1.8519e-03 -1.8434e-03 -1.9681e-03 -1.9296e-03 -2.2227e-03 -2.6244e-03 -2.1754e-03 -1.9163e-03 -1.2031e-03 -9.8326e-04 +1.3114e-04 -6.4372e-05 +4.7467e-04 +9.4347e-04 +5.5752e-04 +3.7457e-04 +3.2187e-04 +8.9007e-05 -9.9947e-05 -1.0972e-04 -1.9574e-04 -2.0367e-04 +2.2765e-05 -9.6056e-05 -2.3127e-04 -7.8481e-04 -4.0930e-04 -6.0788e-04 -7.1213e-04 -1.3297e-03 -1.3724e-03 
+0000.00000 +1.0239e-04 +4.6891e-04 +4.9135e-04 +2.1485e-04 +3.5422e-04 +2.3395e-04 +2.8609e-04 +2.9883e-04 +3.8496e-04 +1.5045e-04 +4.0004e-05 +4.1868e-04 +1.9095e-04 +7.3642e-06 +1.5802e-04 +1.7754e-04 +2.3956e-04 +4.5535e-04 +6.0625e-04 +8.6346e-05 +5.0891e-04 +4.6681e-04 +3.0837e-04 +4.7391e-04 +2.4188e-04 +1.1065e-04 +1.5688e-04 +4.8643e-04 +2.4160e-04 +3.4395e-04 +2.0840e-04 +1.8582e-04 +2.8449e-04 +9.8365e-05 +2.5562e-04 +8.0503e-05 -3.4040e-05 -1.2132e-05 +6.5211e-06 +3.7150e-04 +4.4832e-04 
-0000.00170 +1.4567e-03 +1.8629e-03 +1.9055e-03 +1.9608e-03 +2.1694e-03 +1.9391e-03 +2.2453e-03 +2.1524e-03 +2.0428e-03 +1.9579e-03 +1.9805e-03 +2.0315e-03 +2.0841e-03 +2.2666e-03 +2.2852e-03 +2.4545e-03 +2.5785e-03 +2.6605e-03 +2.8580e-03 +2.7841e-03 +1.8051e-03 +6.4224e-04 +4.4394e-04 +1.1581e-04 +1.7651e-04 +3.6415e-04 -1.3938e-04 +1.9179e-04 -2.4659e-05 +2.4057e-04 +3.1835e-04 +8.6155e-04 +1.0709e-03 +5.3303e-04 +6.0198e-04 +8.9318e-04 +9.4242e-04 +1.0890e-03 +1.0985e-03 +1.0772e-03 +1.0187e-03 
# Horizontal Final Position [m]
START
            -0000.01000 -0000.00950 -0000.00900 -0000.00850 -0000.00800 -0000.00750 -0000.00700 -0000.00650 -0000.00600 -0000.00550 -0000.00500 -0000.00450 -0000.00400 -0000.00350 -0000.00300 -0000.00250 -0000.00200 -0000.00150 -0000.00100 -0000.00050 +0000.00000 +0000.00050 +0000.00100 +0000.00150 +0000.00200 +0000.00250 +0000.00300 +0000.00350 +0000.00400 +0000.00450 +0000.00500 +0000.00550 +0000.00600 +0000.00650 +0000.00700 +0000.00750 +0000.00800 +0000.00850 +0000.00900 +0000.00950 +0000.01000 
+0000.00170 -1.0053e-02 -9.5523e-03 -9.0488e-03 -8.5464e-03 -8.0446e-03 -7.5408e-03 -7.0392e-03 -6.5373e-03 -6.0367e-03 -5.5336e-03 -5.0305e-03 -4.5290e-03 -4.0258e-03 -3.5217e-03 -3.0175e-03 -2.5116e-03 -2.0049e-03 -1.4979e-03 -9.9475e-04 -4.9327e-04 +5.8396e-06 +5.0294e-04 +9.9967e-04 +1.4953e-03 +1.9896e-03 +2.4885e-03 +2.9845e-03 +3.4808e-03 +3.9803e-03 +4.4790e-03 +4.9760e-03 +5.4748e-03 +5.9711e-03 +6.4689e-03 +6.9675e-03 +7.4658e-03 +7.9650e-03 +8.4634e-03 +8.9661e-03 +9.4664e-03 +9.9595e-03 
+0000.00000 -1.0050e-02 -9.5495e-03 -9.0465e-03 -8.5440e-03 -8.0442e-03 -7.5423e-03 -7.0404e-03 -6.5353e-03 -6.0333e-03 -5.5309e-03 -5.0280e-03 -4.5258e-03 -4.0237e-03 -3.5185e-03 -3.0160e-03 -2.5142e-03 -2.0111e-03 -1.5098e-03 -1.0041e-03 -5.0333e-04 -1.4856e-06 +4.9563e-04 +9.9399e-04 +1.4946e-03 +1.9912e-03 +2.4871e-03 +2.9857e-03 +3.4848e-03 +3.9799e-03 +4.4792e-03 +4.9775e-03 +5.4781e-03 +5.9767e-03 +6.4729e-03 +6.9691e-03 +7.4703e-03 +7.9685e-03 +8.4692e-03 +8.9710e-03 +9.4707e-03 +9.9606e-03 
-0000.00170 -1.0056e-02 -9.5531e-03 -9.0507e-03 -8.5474e-03 -8.0455e-03 -7.5414e-03 -7.0398e-03 -6.5363e-03 -6.0353e-03 -5.5324e-03 -5.0303e-03 -4.5282e-03 -4.0263e-03 -3.5240e-03 -3.0207e-03 -2.5159e-03 -2.0116e-03 -1.5065e-03 -1.0014e-03 -4.9441e-04 +1.0487e-05 +5.1113e-04 +1.0085e-03 +1.5019e-03 +1.9938e-03 +2.4905e-03 +2.9881e-03 +3.4832e-03 +3.9814e-03 +4.4765e-03 +4.9713e-03 +5.4706e-03 +5.9718e-03 +6.4732e-03 +6.9718e-03 +7.4704e-03 +7.9689e-03 +8.4667e-03 +8.9638e-03 +9.4620e-03 +9.9528e-03 
# Vertical Final Position [m]
START
            -0000.01000 -0000.00950 -0000.00900 -0000.00850 -0000.00800 -0000.00750 -0000.00700 -0000.00650 -0000.00600 -0000.00550 -0000.00500 -0000.00450 -0000.00400 -0000.00350 -0000.00300 -0000.00250 -0000.00200 -0000.00150 -0000.00100 -0000.00050 +0000.00000 +0000.00050 +0000.00100 +0000.00150 +0000.00200 +0000.00250 +0000.00300 +0000.00350 +0000.00400 +0000.00450 +0000.00500 +0000.00550 +0000.00600 +0000.00650 +0000.00700 +0000.00750 +0000.00800 +0000.00850 +0000.00900 +0000.00950 +0000.01000 
+0000.00170 +1.6845e-03 +1.6853e-03 +1.6872e-03 +1.6822e-03 +1.6839e-03 +1.6850e-03 +1.6858e-03 +1.6876e-03 +1.6853e-03 +1.6807e-03 +1.6815e-03 +1.6819e-03 +1.6808e-03 +1.6813e-03 +1.6787e-03 +1.6747e-03 +1.6788e-03 +1.6810e-03 +1.6879e-03 +1.6895e-03 +1.7009e-03 +1.6986e-03 +1.7038e-03 +1.7088e-03 +1.7049e-03 +1.7035e-03 +1.7033e-03 +1.7011e-03 +1.6990e-03 +1.6990e-03 +1.6981e-03 +1.6979e-03 +1.7003e-03 +1.6990e-03 +1.6977e-03 +1.6922e-03 +1.6959e-03 +1.6940e-03 +1.6930e-03 +1.6869e-03 +1.6866e-03 
+0000.00000 +7.9922e-07 +4.4671e-06 +4.6823e-06 +1.9911e-06 +3.3650e-06 +2.1654e-06 +2.6983e-06 +2.8228e-06 +3.6863e-06 +1.4116e-06 +3.0399e-07 +4.0940e-06 +1.8597e-06 +1.6670e-07 +1.7930e-06 +2.1704e-06 +2.7718e-06 +4.3763e-06 +5.5792e-06 +4.8166e-07 +4.5591e-06 +4.4963e-06 +2.9580e-06 +4.4878e-06 +2.2577e-06 +1.0347e-06 +1.4009e-06 +4.5307e-06 +2.2938e-06 +3.3242e-06 +1.9751e-06 +1.7862e-06 +2.7542e-06 +9.5601e-07 +2.5224e-06 +7.4849e-07 -3.4281e-07 -1.2668e-07 +2.3901e-08 +3.6431e-06 +4.3962e-06 
-0000.00170 -1.6858e-03 -1.6816e-03 -1.6810e-03 -1.6806e-03 -1.6787e-03 -1.6809e-03 -1.6778e-03 -1.6786e-03 -1.6798e-03 -1.6807e-03 -1.6805e-03 -1.6799e-03 -1.6796e-03 -1.6777e-03 -1.6773e-03 -1.6756e-03 -1.6745e-03 -1.6733e-03 -1.6711e-03 -1.6719e-03 -1.6826e-03 -1.6936e-03 -1.6957e-03 -1.6990e-03 -1.6981e-03 -1.6964e-03 -1.7016e-03 -1.6985e-03 -1.7008e-03 -1.6980e-03 -1.6972e-03 -1.6916e-03 -1.6894e-03 -1.6948e-03 -1.6940e-03 -1.6912e-03 -1.6907e-03 -1.6892e-03 -1.6890e-03 -1.6893e-03 -1.6899e-03 