# Author: FAC idanalysis.IDKickMap
# 
# Total Length of Longitudinal Interval [m]
2
# Number of Horizontal Points
9
# Number of Vertical Points
3
# Total Horizontal 2nd Order Kick [T2m2]
START
            -0000.00400 -0000.00300 -0000.00200 -0000.00100 +0000.00000 +0000.00100 +0000.00200 +0000.00300 +0000.00400 
+0000.00150 -3.8310e-08 -2.2461e-08 -1.6847e-08 -1.2681e-08 -3.7664e-09 +5.2188e-09 +9.5697e-09 +1.5440e-08 +3.1589e-08 
+0000.00000 -4.4769e-08 -2.8048e-08 -1.7996e-08 -1.0726e-08 -3.6485e-09 +3.4787e-09 +1.0889e-08 +2.1144e-08 +3.8104e-08 
-0000.00150 -3.8878e-08 -2.2974e-08 -1.7233e-08 -1.2852e-08 -3.6631e-09 +5.5887e-09 +1.0125e-08 +1.6063e-08 +3.2179e-08 
# Total Vertical 2nd Order Kick [T2m2]
START
            -0000.00400 -0000.00300 -0000.00200 -0000.00100 +0000.00000 +0000.00100 +0000.00200 +0000.00300 +0000.00400 
+0000.00150 -9.0394e-06 -9.0295e-06 -9.0239e-06 -9.0262e-06 -9.0290e-06 -9.0264e-06 -9.0243e-06 -9.0300e-06 -9.0400e-06 
+0000.00000 +2.1229e-09 +2.2978e-09 +2.4403e-09 +2.5266e-09 +2.5356e-09 +2.4608e-09 +2.3155e-09 +2.1289e-09 +1.9335e-09 
-0000.00150 +9.0437e-06 +9.0341e-06 +9.0289e-06 +9.0314e-06 +9.0343e-06 +9.0315e-06 +9.0290e-06 +9.0343e-06 +9.0439e-06 
# Horizontal Final Position [m]
START
            -0000.00400 -0000.00300 -0000.00200 -0000.00100 +0000.00000 +0000.00100 +0000.00200 +0000.00300 +0000.00400 
+0000.00150 -4.0006e-03 -3.0006e-03 -2.0006e-03 -1.0006e-03 -6.4468e-07 +9.9936e-04 +1.9994e-03 +2.9994e-03 +3.9994e-03 
+0000.00000 -4.0006e-03 -3.0006e-03 -2.0006e-03 -1.0006e-03 -6.4377e-07 +9.9936e-04 +1.9994e-03 +2.9994e-03 +3.9994e-03 
-0000.00150 -4.0006e-03 -3.0006e-03 -2.0006e-03 -1.0006e-03 -6.4468e-07 +9.9936e-04 +1.9994e-03 +2.9994e-03 +3.9994e-03 
# Vertical Final Position [m]
START
            -0000.00400 -0000.00300 -0000.00200 -0000.00100 +0000.00000 +0000.00100 +0000.00200 +0000.00300 +0000.00400 
+0000.00150 +1.5000e-03 +1.5000e-03 +1.5000e-03 +1.5000e-03 +1.5000e-03 +1.5000e-03 +1.5000e-03 +1.5000e-03 +1.5000e-03 
+0000.00000 +7.7633e-12 +8.2127e-12 +8.5700e-12 +8.7836e-12 +8.8086e-12 +8.6311e-12 +8.2818e-12 +7.8250e-12 +7.3312e-12 
-0000.00150 -1.5000e-03 -1.5000e-03 -1.5000e-03 -1.5000e-03 -1.5000e-03 -1.5000e-03 -1.5000e-03 -1.5000e-03 -1.5000e-03 