# Author: FAC idanalysis.IDKickMap
# 
# Total Length of Longitudinal Interval [m]
2
# Number of Horizontal Points
9
# Number of Vertical Points
3
# Total Horizontal 2nd Order Kick [T2m2]
START
            -0000.00400 -0000.00300 -0000.00200 -0000.00100 +0000.00000 +0000.00100 +0000.00200 +0000.00300 +0000.00400 
+0000.00150 -1.0829e-08 +3.2032e-08 -2.4976e-08 -6.6167e-08 -5.3688e-09 +5.5623e-08 +1.4934e-08 -4.1287e-08 +2.7169e-09 
+0000.00000 -3.3497e-08 -1.4246e-08 -1.7811e-08 -2.0342e-08 -5.1773e-09 +1.0130e-08 +8.0391e-09 +5.2208e-09 +2.5492e-08 
-0000.00150 -1.0967e-08 +3.2052e-08 -2.4860e-08 -6.6048e-08 -5.3353e-09 +5.5539e-08 +1.4760e-08 -4.1514e-08 +2.4865e-09 
# Total Vertical 2nd Order Kick [T2m2]
START
            -0000.00400 -0000.00300 -0000.00200 -0000.00100 +0000.00000 +0000.00100 +0000.00200 +0000.00300 +0000.00400 
+0000.00150 -2.5581e-05 -2.5500e-05 -2.5455e-05 -2.5520e-05 -2.5578e-05 -2.5520e-05 -2.5456e-05 -2.5502e-05 -2.5582e-05 
+0000.00000 +1.5409e-09 +1.5643e-09 +1.5487e-09 +1.5175e-09 +1.4974e-09 +1.5063e-09 +1.5464e-09 +1.6090e-09 +1.6785e-09 
-0000.00150 +2.5584e-05 +2.5504e-05 +2.5458e-05 +2.5523e-05 +2.5581e-05 +2.5523e-05 +2.5459e-05 +2.5505e-05 +2.5586e-05 
# Horizontal Final Position [m]
START
            -0000.00400 -0000.00300 -0000.00200 -0000.00100 +0000.00000 +0000.00100 +0000.00200 +0000.00300 +0000.00400 
+0000.00150 -4.0008e-03 -3.0008e-03 -2.0008e-03 -1.0008e-03 -7.8935e-07 +9.9921e-04 +1.9992e-03 +2.9992e-03 +3.9992e-03 
+0000.00000 -4.0008e-03 -3.0008e-03 -2.0008e-03 -1.0008e-03 -7.8900e-07 +9.9921e-04 +1.9992e-03 +2.9992e-03 +3.9992e-03 
-0000.00150 -4.0008e-03 -3.0008e-03 -2.0008e-03 -1.0008e-03 -7.8935e-07 +9.9921e-04 +1.9992e-03 +2.9992e-03 +3.9992e-03 
# Vertical Final Position [m]
START
            -0000.00400 -0000.00300 -0000.00200 -0000.00100 +0000.00000 +0000.00100 +0000.00200 +0000.00300 +0000.00400 
+0000.00150 +1.4999e-03 +1.4999e-03 +1.4999e-03 +1.4999e-03 +1.4999e-03 +1.4999e-03 +1.5000e-03 +1.5000e-03 +1.4999e-03 
+0000.00000 +7.6840e-12 +7.8973e-12 +7.9990e-12 +8.0280e-12 +8.0221e-12 +8.0103e-12 +8.0087e-12 +8.0175e-12 +8.0143e-12 
-0000.00150 -1.4999e-03 -1.4999e-03 -1.4999e-03 -1.4999e-03 -1.4999e-03 -1.4999e-03 -1.5000e-03 -1.5000e-03 -1.4999e-03 