# Author: FAC idanalysis.IDKickMap
# 
# Total Length of Longitudinal Interval [m]
2
# Number of Horizontal Points
9
# Number of Vertical Points
3
# Total Horizontal 2nd Order Kick [T2m2]
START
            -0000.00400 -0000.00300 -0000.00200 -0000.00100 +0000.00000 +0000.00100 +0000.00200 +0000.00300 +0000.00400 
+0000.00150 +1.3136e-07 +3.6619e-07 -8.4044e-08 -4.3083e-07 -8.3275e-09 +4.1519e-07 +6.9518e-08 -3.8041e-07 -1.4546e-07 
+0000.00000 -1.0944e-09 +5.0450e-08 -3.0081e-08 -8.7448e-08 -8.0664e-09 +7.1564e-08 +1.4811e-08 -6.4849e-08 -1.2048e-08 
-0000.00150 +1.3095e-07 +3.6559e-07 -8.4695e-08 -4.3143e-07 -8.8221e-09 +4.1479e-07 +6.9215e-08 -3.8058e-07 -1.4545e-07 
# Total Vertical 2nd Order Kick [T2m2]
START
            -0000.00400 -0000.00300 -0000.00200 -0000.00100 +0000.00000 +0000.00100 +0000.00200 +0000.00300 +0000.00400 
+0000.00150 -5.3688e-05 -5.3099e-05 -5.2810e-05 -5.3261e-05 -5.3731e-05 -5.3262e-05 -5.2811e-05 -5.3099e-05 -5.3689e-05 
+0000.00000 +1.5247e-09 +1.6887e-09 +1.8866e-09 +2.0877e-09 +2.2674e-09 +2.4155e-09 +2.5300e-09 +2.6047e-09 +2.6257e-09 
-0000.00150 +5.3691e-05 +5.3103e-05 +5.2814e-05 +5.3265e-05 +5.3735e-05 +5.3267e-05 +5.2816e-05 +5.3105e-05 +5.3694e-05 
# Horizontal Final Position [m]
START
            -0000.00400 -0000.00300 -0000.00200 -0000.00100 +0000.00000 +0000.00100 +0000.00200 +0000.00300 +0000.00400 
+0000.00150 -4.0010e-03 -3.0010e-03 -2.0010e-03 -1.0010e-03 -9.9745e-07 +9.9901e-04 +1.9990e-03 +2.9990e-03 +3.9990e-03 
+0000.00000 -4.0010e-03 -3.0010e-03 -2.0010e-03 -1.0010e-03 -9.9620e-07 +9.9900e-04 +1.9990e-03 +2.9990e-03 +3.9990e-03 
-0000.00150 -4.0010e-03 -3.0010e-03 -2.0010e-03 -1.0010e-03 -9.9745e-07 +9.9901e-04 +1.9990e-03 +2.9990e-03 +3.9990e-03 
# Vertical Final Position [m]
START
            -0000.00400 -0000.00300 -0000.00200 -0000.00100 +0000.00000 +0000.00100 +0000.00200 +0000.00300 +0000.00400 
+0000.00150 +1.4999e-03 +1.4999e-03 +1.4999e-03 +1.4999e-03 +1.4999e-03 +1.4999e-03 +1.4999e-03 +1.4999e-03 +1.4999e-03 
+0000.00000 +9.3492e-12 +9.7540e-12 +1.0256e-11 +1.0776e-11 +1.1205e-11 +1.1491e-11 +1.1660e-11 +1.1753e-11 +1.1746e-11 
-0000.00150 -1.4999e-03 -1.4999e-03 -1.4999e-03 -1.4999e-03 -1.4999e-03 -1.4999e-03 -1.4999e-03 -1.4999e-03 -1.4999e-03 