# Author: FAC idanalysis.IDKickMap
# 
# Total Length of Longitudinal Interval [m]
2
# Number of Horizontal Points
9
# Number of Vertical Points
3
# Total Horizontal 2nd Order Kick [T2m2]
START
            -0000.00400 -0000.00300 -0000.00200 -0000.00100 +0000.00000 +0000.00100 +0000.00200 +0000.00300 +0000.00400 
+0000.00150 +1.5262e-06 +2.2708e-06 -3.4475e-07 -2.7852e-06 -8.2596e-09 +2.7783e-06 +3.3836e-07 -2.2735e-06 -1.5298e-06 
+0000.00000 +1.5817e-07 +4.5321e-07 -1.0371e-07 -5.1697e-07 -5.6098e-09 +5.0693e-07 +9.5939e-08 -4.5815e-07 -1.5975e-07 
-0000.00150 +1.5236e-06 +2.2677e-06 -3.4718e-07 -2.7867e-06 -8.2495e-09 +2.7797e-06 +3.4073e-07 -2.2707e-06 -1.5278e-06 
# Total Vertical 2nd Order Kick [T2m2]
START
            -0000.00400 -0000.00300 -0000.00200 -0000.00100 +0000.00000 +0000.00100 +0000.00200 +0000.00300 +0000.00400 
+0000.00150 -1.2353e-04 -1.1871e-04 -1.1747e-04 -1.1960e-04 -1.2407e-04 -1.1960e-04 -1.1748e-04 -1.1871e-04 -1.2354e-04 
+0000.00000 -1.4606e-09 -6.7013e-10 +1.7182e-10 +7.7625e-10 +9.9668e-10 +7.7334e-10 +1.8391e-10 -5.9539e-10 -1.2424e-09 
-0000.00150 +1.2353e-04 +1.1871e-04 +1.1748e-04 +1.1960e-04 +1.2407e-04 +1.1961e-04 +1.1748e-04 +1.1871e-04 +1.2353e-04 
# Horizontal Final Position [m]
START
            -0000.00400 -0000.00300 -0000.00200 -0000.00100 +0000.00000 +0000.00100 +0000.00200 +0000.00300 +0000.00400 
+0000.00150 -4.0015e-03 -3.0014e-03 -2.0014e-03 -1.0014e-03 -1.4342e-06 +9.9857e-04 +1.9986e-03 +2.9985e-03 +3.9985e-03 
+0000.00000 -4.0015e-03 -3.0015e-03 -2.0015e-03 -1.0014e-03 -1.4427e-06 +9.9856e-04 +1.9985e-03 +2.9985e-03 +3.9985e-03 
-0000.00150 -4.0015e-03 -3.0014e-03 -2.0014e-03 -1.0014e-03 -1.4342e-06 +9.9857e-04 +1.9986e-03 +2.9985e-03 +3.9985e-03 
# Vertical Final Position [m]
START
            -0000.00400 -0000.00300 -0000.00200 -0000.00100 +0000.00000 +0000.00100 +0000.00200 +0000.00300 +0000.00400 
+0000.00150 +1.4997e-03 +1.4998e-03 +1.4998e-03 +1.4998e-03 +1.4998e-03 +1.4998e-03 +1.4998e-03 +1.4998e-03 +1.4998e-03 
+0000.00000 +3.7747e-12 +5.7101e-12 +7.8417e-12 +9.4953e-12 +1.0132e-11 +9.4861e-12 +7.8672e-12 +5.8785e-12 +4.2612e-12 
-0000.00150 -1.4997e-03 -1.4998e-03 -1.4998e-03 -1.4998e-03 -1.4998e-03 -1.4998e-03 -1.4998e-03 -1.4998e-03 -1.4998e-03 