# Author: FAC idanalysis.IDKickMap
# 
# Total Length of Longitudinal Interval [m]
2
# Number of Horizontal Points
9
# Number of Vertical Points
3
# Total Horizontal 2nd Order Kick [T2m2]
START
            -0000.00400 -0000.00300 -0000.00200 -0000.00100 +0000.00000 +0000.00100 +0000.00200 +0000.00300 +0000.00400 
+0000.00150 +3.7789e-06 +3.4199e-06 -4.4297e-07 -4.4746e-06 -6.3337e-09 +4.4734e-06 +4.3549e-07 -3.4252e-06 -3.7905e-06 
+0000.00000 +1.9283e-07 +7.4383e-07 -1.6932e-07 -8.8113e-07 -7.3910e-09 +8.6771e-07 +1.5704e-07 -7.5627e-07 -2.0581e-07 
-0000.00150 +3.7774e-06 +3.4201e-06 -4.4240e-07 -4.4740e-06 -6.0909e-09 +4.4729e-06 +4.3482e-07 -3.4256e-06 -3.7895e-06 
# Total Vertical 2nd Order Kick [T2m2]
START
            -0000.00400 -0000.00300 -0000.00200 -0000.00100 +0000.00000 +0000.00100 +0000.00200 +0000.00300 +0000.00400 
+0000.00150 -1.7205e-04 -1.6245e-04 -1.6102e-04 -1.6351e-04 -1.7363e-04 -1.6351e-04 -1.6102e-04 -1.6245e-04 -1.7204e-04 
+0000.00000 +2.8670e-09 +3.1051e-09 +3.0424e-09 +2.8810e-09 +2.7658e-09 +2.7959e-09 +2.9424e-09 +3.0554e-09 +2.9299e-09 
-0000.00150 +1.7206e-04 +1.6245e-04 +1.6103e-04 +1.6351e-04 +1.7363e-04 +1.6351e-04 +1.6103e-04 +1.6245e-04 +1.7205e-04 
# Horizontal Final Position [m]
START
            -0000.00400 -0000.00300 -0000.00200 -0000.00100 +0000.00000 +0000.00100 +0000.00200 +0000.00300 +0000.00400 
+0000.00150 -4.0012e-03 -3.0013e-03 -2.0013e-03 -1.0013e-03 -1.2083e-06 +9.9875e-04 +1.9987e-03 +2.9987e-03 +3.9987e-03 
+0000.00000 -4.0013e-03 -3.0013e-03 -2.0013e-03 -1.0013e-03 -1.2549e-06 +9.9874e-04 +1.9987e-03 +2.9987e-03 +3.9987e-03 
-0000.00150 -4.0012e-03 -3.0013e-03 -2.0013e-03 -1.0013e-03 -1.2083e-06 +9.9875e-04 +1.9987e-03 +2.9987e-03 +3.9987e-03 
# Vertical Final Position [m]
START
            -0000.00400 -0000.00300 -0000.00200 -0000.00100 +0000.00000 +0000.00100 +0000.00200 +0000.00300 +0000.00400 
+0000.00150 +1.4997e-03 +1.4997e-03 +1.4997e-03 +1.4996e-03 +1.4997e-03 +1.4997e-03 +1.4997e-03 +1.4997e-03 +1.4996e-03 
+0000.00000 +1.3889e-11 +1.4393e-11 +1.4489e-11 +1.4482e-11 +1.4404e-11 +1.4311e-11 +1.4292e-11 +1.4294e-11 +1.4015e-11 
-0000.00150 -1.4997e-03 -1.4997e-03 -1.4997e-03 -1.4996e-03 -1.4997e-03 -1.4997e-03 -1.4997e-03 -1.4997e-03 -1.4996e-03 