# Author: FAC idanalysis.IDKickMap
# 
# Total Length of Longitudinal Interval [m]
2
# Number of Horizontal Points
9
# Number of Vertical Points
3
# Total Horizontal 2nd Order Kick [T2m2]
START
            -0000.00400 -0000.00300 -0000.00200 -0000.00100 +0000.00000 +0000.00100 +0000.00200 +0000.00300 +0000.00400 
+0000.00150 -1.8731e-08 -1.4930e-08 -1.1498e-08 -8.2878e-09 -5.1557e-09 -1.9600e-09 +1.4392e-09 +5.1823e-09 +9.4091e-09 
+0000.00000 -1.8454e-08 -1.4769e-08 -1.1394e-08 -8.2061e-09 -5.0814e-09 -1.8951e-09 +1.4757e-09 +5.1516e-09 +9.2472e-09 
-0000.00150 -1.8836e-08 -1.5006e-08 -1.1546e-08 -8.3070e-09 -5.1468e-09 -1.9244e-09 +1.4997e-09 +5.2656e-09 +9.5130e-09 
# Total Vertical 2nd Order Kick [T2m2]
START
            -0000.00400 -0000.00300 -0000.00200 -0000.00100 +0000.00000 +0000.00100 +0000.00200 +0000.00300 +0000.00400 
+0000.00150 -1.9097e-07 -1.9127e-07 -1.9146e-07 -1.9158e-07 -1.9169e-07 -1.9178e-07 -1.9184e-07 -1.9183e-07 -1.9169e-07 
+0000.00000 +8.8250e-10 +9.1264e-10 +9.3337e-10 +9.4461e-10 +9.4643e-10 +9.3916e-10 +9.2332e-10 +8.9954e-10 +8.6855e-10 
-0000.00150 +1.9275e-07 +1.9312e-07 +1.9335e-07 +1.9350e-07 +1.9360e-07 +1.9367e-07 +1.9370e-07 +1.9364e-07 +1.9344e-07 
# Horizontal Final Position [m]
START
            -0000.00400 -0000.00300 -0000.00200 -0000.00100 +0000.00000 +0000.00100 +0000.00200 +0000.00300 +0000.00400 
+0000.00150 -4.0004e-03 -3.0004e-03 -2.0004e-03 -1.0004e-03 -3.9661e-07 +9.9960e-04 +1.9996e-03 +2.9996e-03 +3.9996e-03 
+0000.00000 -4.0004e-03 -3.0004e-03 -2.0004e-03 -1.0004e-03 -3.9397e-07 +9.9961e-04 +1.9996e-03 +2.9996e-03 +3.9996e-03 
-0000.00150 -4.0004e-03 -3.0004e-03 -2.0004e-03 -1.0004e-03 -3.9661e-07 +9.9960e-04 +1.9996e-03 +2.9996e-03 +3.9996e-03 
# Vertical Final Position [m]
START
            -0000.00400 -0000.00300 -0000.00200 -0000.00100 +0000.00000 +0000.00100 +0000.00200 +0000.00300 +0000.00400 
+0000.00150 +1.5000e-03 +1.5000e-03 +1.5000e-03 +1.5000e-03 +1.5000e-03 +1.5000e-03 +1.5000e-03 +1.5000e-03 +1.5000e-03 
+0000.00000 +3.8965e-12 +4.0037e-12 +4.0804e-12 +4.1260e-12 +4.1404e-12 +4.1237e-12 +4.0769e-12 +4.0011e-12 +3.8976e-12 
-0000.00150 -1.5000e-03 -1.5000e-03 -1.5000e-03 -1.5000e-03 -1.5000e-03 -1.5000e-03 -1.5000e-03 -1.5000e-03 -1.5000e-03 