# Author: FAC idanalysis.IDKickMap
# 
# Total Length of Longitudinal Interval [m]
2
# Number of Horizontal Points
9
# Number of Vertical Points
3
# Total Horizontal 2nd Order Kick [T2m2]
START
            -0000.00400 -0000.00300 -0000.00200 -0000.00100 +0000.00000 +0000.00100 +0000.00200 +0000.00300 +0000.00400 
+0000.00150 -2.8268e-08 -2.1552e-08 -1.6017e-08 -1.1175e-08 -6.6100e-09 -1.9475e-09 +3.1839e-09 +9.1946e-09 +1.6559e-08 
+0000.00000 -2.8080e-08 -2.1510e-08 -1.6004e-08 -1.1139e-08 -6.5332e-09 -1.8316e-09 +3.3173e-09 +9.2877e-09 +1.6493e-08 
-0000.00150 -2.8398e-08 -2.1663e-08 -1.6111e-08 -1.1255e-08 -6.6749e-09 -1.9962e-09 +3.1540e-09 +9.1870e-09 +1.6578e-08 
# Total Vertical 2nd Order Kick [T2m2]
START
            -0000.00400 -0000.00300 -0000.00200 -0000.00100 +0000.00000 +0000.00100 +0000.00200 +0000.00300 +0000.00400 
+0000.00150 -6.6007e-07 -6.6018e-07 -6.6020e-07 -6.6023e-07 -6.6032e-07 -6.6048e-07 -6.6068e-07 -6.6089e-07 -6.6098e-07 
+0000.00000 +9.9409e-10 +1.0347e-09 +1.0692e-09 +1.0983e-09 +1.1223e-09 +1.1411e-09 +1.1539e-09 +1.1598e-09 +1.1574e-09 
-0000.00150 +6.6207e-07 +6.6226e-07 +6.6235e-07 +6.6244e-07 +6.6258e-07 +6.6277e-07 +6.6300e-07 +6.6322e-07 +6.6332e-07 
# Horizontal Final Position [m]
START
            -0000.00400 -0000.00300 -0000.00200 -0000.00100 +0000.00000 +0000.00100 +0000.00200 +0000.00300 +0000.00400 
+0000.00150 -4.0004e-03 -3.0005e-03 -2.0005e-03 -1.0005e-03 -4.6558e-07 +9.9954e-04 +1.9995e-03 +2.9995e-03 +3.9996e-03 
+0000.00000 -4.0004e-03 -3.0005e-03 -2.0005e-03 -1.0005e-03 -4.6305e-07 +9.9954e-04 +1.9995e-03 +2.9995e-03 +3.9996e-03 
-0000.00150 -4.0004e-03 -3.0005e-03 -2.0005e-03 -1.0005e-03 -4.6558e-07 +9.9954e-04 +1.9995e-03 +2.9995e-03 +3.9996e-03 
# Vertical Final Position [m]
START
            -0000.00400 -0000.00300 -0000.00200 -0000.00100 +0000.00000 +0000.00100 +0000.00200 +0000.00300 +0000.00400 
+0000.00150 +1.5000e-03 +1.5000e-03 +1.5000e-03 +1.5000e-03 +1.5000e-03 +1.5000e-03 +1.5000e-03 +1.5000e-03 +1.5000e-03 
+0000.00000 +4.5952e-12 +4.7428e-12 +4.8606e-12 +4.9488e-12 +5.0076e-12 +5.0360e-12 +5.0330e-12 +4.9968e-12 +4.9257e-12 
-0000.00150 -1.5000e-03 -1.5000e-03 -1.5000e-03 -1.5000e-03 -1.5000e-03 -1.5000e-03 -1.5000e-03 -1.5000e-03 -1.5000e-03 