# Author: FAC idanalysis.IDKickMap
# 
# Total Length of Longitudinal Interval [m]
2
# Number of Horizontal Points
9
# Number of Vertical Points
3
# Total Horizontal 2nd Order Kick [T2m2]
START
            -0000.00400 -0000.00300 -0000.00200 -0000.00100 +0000.00000 +0000.00100 +0000.00200 +0000.00300 +0000.00400 
+0000.00150 +4.4977e-07 +9.7969e-07 -1.8084e-07 -1.1405e-06 -1.0128e-08 +1.1229e-06 +1.6474e-07 -9.9526e-07 -4.6658e-07 
+0000.00000 +4.7847e-08 +1.6999e-07 -5.3830e-08 -2.1555e-07 -9.1950e-09 +1.9759e-07 +3.6750e-08 -1.8610e-07 -6.2663e-08 
-0000.00150 +4.4838e-07 +9.7766e-07 -1.8276e-07 -1.1418e-06 -1.0224e-08 +1.1239e-06 +1.6629e-07 -9.9354e-07 -4.6521e-07 
# Total Vertical 2nd Order Kick [T2m2]
START
            -0000.00400 -0000.00300 -0000.00200 -0000.00100 +0000.00000 +0000.00100 +0000.00200 +0000.00300 +0000.00400 
+0000.00150 -8.0079e-05 -7.8387e-05 -7.7714e-05 -7.8801e-05 -8.0221e-05 -7.8804e-05 -7.7715e-05 -7.8387e-05 -8.0081e-05 
+0000.00000 +1.2143e-09 +1.7330e-09 +2.3327e-09 +2.8155e-09 +3.0239e-09 +2.9006e-09 +2.5204e-09 +2.0191e-09 +1.5431e-09 
-0000.00150 +8.0081e-05 +7.8390e-05 +7.7719e-05 +7.8808e-05 +8.0228e-05 +7.8810e-05 +7.7721e-05 +7.8391e-05 +8.0084e-05 
# Horizontal Final Position [m]
START
            -0000.00400 -0000.00300 -0000.00200 -0000.00100 +0000.00000 +0000.00100 +0000.00200 +0000.00300 +0000.00400 
+0000.00150 -4.0012e-03 -3.0012e-03 -2.0012e-03 -1.0012e-03 -1.1678e-06 +9.9884e-04 +1.9988e-03 +2.9988e-03 +3.9988e-03 
+0000.00000 -4.0012e-03 -3.0012e-03 -2.0012e-03 -1.0012e-03 -1.1690e-06 +9.9883e-04 +1.9988e-03 +2.9988e-03 +3.9988e-03 
-0000.00150 -4.0012e-03 -3.0012e-03 -2.0012e-03 -1.0012e-03 -1.1678e-06 +9.9884e-04 +1.9988e-03 +2.9988e-03 +3.9988e-03 
# Vertical Final Position [m]
START
            -0000.00400 -0000.00300 -0000.00200 -0000.00100 +0000.00000 +0000.00100 +0000.00200 +0000.00300 +0000.00400 
+0000.00150 +1.4998e-03 +1.4998e-03 +1.4998e-03 +1.4998e-03 +1.4998e-03 +1.4998e-03 +1.4999e-03 +1.4999e-03 +1.4999e-03 
+0000.00000 +9.4989e-12 +1.0656e-11 +1.2026e-11 +1.3187e-11 +1.3710e-11 +1.3415e-11 +1.2516e-11 +1.1388e-11 +1.0344e-11 
-0000.00150 -1.4998e-03 -1.4998e-03 -1.4998e-03 -1.4998e-03 -1.4998e-03 -1.4998e-03 -1.4999e-03 -1.4999e-03 -1.4999e-03 