# Author: FAC idanalysis.IDKickMap
# 
# Total Length of Longitudinal Interval [m]
2
# Number of Horizontal Points
9
# Number of Vertical Points
3
# Total Horizontal 2nd Order Kick [T2m2]
START
            -0000.00400 -0000.00300 -0000.00200 -0000.00100 +0000.00000 +0000.00100 +0000.00200 +0000.00300 +0000.00400 
+0000.00150 +3.0127e-08 +1.2605e-07 -3.7511e-08 -1.5885e-07 -3.3012e-09 +1.5272e-07 +3.2143e-08 -1.3094e-07 -3.4535e-08 
+0000.00000 -1.9542e-08 +7.2514e-09 -1.7393e-08 -3.4862e-08 -3.0742e-09 +2.8892e-08 +1.1882e-08 -1.2144e-08 +1.5371e-08 
-0000.00150 +2.9476e-08 +1.2528e-07 -3.8228e-08 -1.5934e-07 -3.4273e-09 +1.5297e-07 +3.2654e-08 -1.3032e-07 -3.3922e-08 
# Total Vertical 2nd Order Kick [T2m2]
START
            -0000.00400 -0000.00300 -0000.00200 -0000.00100 +0000.00000 +0000.00100 +0000.00200 +0000.00300 +0000.00400 
+0000.00150 -3.6787e-05 -3.6578e-05 -3.6464e-05 -3.6635e-05 -3.6796e-05 -3.6636e-05 -3.6465e-05 -3.6578e-05 -3.6788e-05 
+0000.00000 +1.8152e-09 +2.0428e-09 +2.2750e-09 +2.4617e-09 +2.5574e-09 +2.5410e-09 +2.4259e-09 +2.2492e-09 +2.0486e-09 
-0000.00150 +3.6791e-05 +3.6582e-05 +3.6469e-05 +3.6640e-05 +3.6802e-05 +3.6641e-05 +3.6470e-05 +3.6583e-05 +3.6792e-05 
# Horizontal Final Position [m]
START
            -0000.00400 -0000.00300 -0000.00200 -0000.00100 +0000.00000 +0000.00100 +0000.00200 +0000.00300 +0000.00400 
+0000.00150 -4.0009e-03 -3.0009e-03 -2.0009e-03 -1.0009e-03 -8.7663e-07 +9.9913e-04 +1.9991e-03 +2.9991e-03 +3.9991e-03 
+0000.00000 -4.0009e-03 -3.0009e-03 -2.0009e-03 -1.0009e-03 -8.7593e-07 +9.9912e-04 +1.9991e-03 +2.9991e-03 +3.9991e-03 
-0000.00150 -4.0009e-03 -3.0009e-03 -2.0009e-03 -1.0009e-03 -8.7663e-07 +9.9913e-04 +1.9991e-03 +2.9991e-03 +3.9991e-03 
# Vertical Final Position [m]
START
            -0000.00400 -0000.00300 -0000.00200 -0000.00100 +0000.00000 +0000.00100 +0000.00200 +0000.00300 +0000.00400 
+0000.00150 +1.4999e-03 +1.4999e-03 +1.4999e-03 +1.4999e-03 +1.4999e-03 +1.4999e-03 +1.4999e-03 +1.4999e-03 +1.4999e-03 
+0000.00000 +9.1657e-12 +9.7235e-12 +1.0276e-11 +1.0715e-11 +1.0919e-11 +1.0829e-11 +1.0495e-11 +1.0028e-11 +9.5175e-12 
-0000.00150 -1.4999e-03 -1.4999e-03 -1.4999e-03 -1.4999e-03 -1.4999e-03 -1.4999e-03 -1.4999e-03 -1.4999e-03 -1.4999e-03 