# Author: FAC idanalysis.IDKickMap
#
# Total Length of Longitudinal Interval [m]
2.77
# Number of Horizontal Points
21
# Number of Vertical Points
11
# Total Horizontal 2nd Order Kick [T2m2]
START
            -0000.00400 -0000.00360 -0000.00320 -0000.00280 -0000.00240 -0000.00200 -0000.00160 -0000.00120 -0000.00080 -0000.00040 +0000.00000 +0000.00040 +0000.00080 +0000.00120 +0000.00160 +0000.00200 +0000.00240 +0000.00280 +0000.00320 +0000.00360 +0000.00400
+0000.00250 -5.0353e-03 -5.3173e-03 -5.5536e-03 -5.7115e-03 -5.7439e-03 -5.5862e-03 -5.1573e-03 -4.3729e-03 -3.1788e-03 -1.6021e-03 +2.1174e-04 +2.0241e-03 +3.5970e-03 +4.7862e-03 +5.5661e-03 +5.9912e-03 +6.1461e-03 +6.1117e-03 +5.9525e-03 +5.7155e-03 +5.4331e-03
+0000.00200 -4.7656e-03 -4.9618e-03 -5.0943e-03 -5.1328e-03 -5.0397e-03 -4.7705e-03 -4.2792e-03 -3.5298e-03 -2.5142e-03 -1.2721e-03 +1.0209e-04 +1.4754e-03 +2.7153e-03 +3.7278e-03 +4.4738e-03 +4.9619e-03 +5.2283e-03 +5.3191e-03 +5.2788e-03 +5.1450e-03 +4.9478e-03
+0000.00150 -4.5707e-03 -4.7087e-03 -4.7736e-03 -4.7392e-03 -4.5758e-03 -4.2529e-03 -3.7445e-03 -3.0369e-03 -2.1383e-03 -1.0863e-03 +5.1385e-05 +1.1885e-03 +2.2388e-03 +3.1351e-03 +3.8400e-03 +4.3456e-03 +4.6659e-03 +4.8271e-03 +4.8597e-03 +4.7934e-03 +4.6542e-03
+0000.00100 -4.4406e-03 -4.5416e-03 -4.5651e-03 -4.4879e-03 -4.2862e-03 -3.9381e-03 -3.4279e-03 -2.7523e-03 -1.9251e-03 -9.8054e-04 +2.8068e-05 +1.0362e-03 +1.9794e-03 +2.8047e-03 +3.4780e-03 +3.9857e-03 +4.3315e-03 +4.5311e-03 +4.6065e-03 +4.5817e-03 +4.4795e-03
+0000.00050 -4.3654e-03 -4.4460e-03 -4.4472e-03 -4.3478e-03 -4.1273e-03 -3.7681e-03 -3.2599e-03 -2.6035e-03 -1.8147e-03 -9.2547e-04 +1.7896e-05 +9.6086e-04 +1.8489e-03 +2.6360e-03 +3.2903e-03 +3.7964e-03 +4.1534e-03 +4.3719e-03 +4.4696e-03 +4.4670e-03 +4.3853e-03
+0000.00000 -4.3375e-03 -4.4117e-03 -4.4059e-03 -4.2999e-03 -4.0739e-03 -3.7120e-03 -3.2051e-03 -2.5556e-03 -1.7794e-03 -9.0791e-04 +1.4787e-05 +9.3711e-04 +1.8075e-03 +2.5820e-03 +3.2297e-03 +3.7344e-03 +4.0943e-03 +4.3184e-03 +4.4228e-03 +4.4273e-03 +4.3521e-03
-0000.00050 -4.3521e-03 -4.4330e-03 -4.4345e-03 -4.3358e-03 -4.1161e-03 -3.7580e-03 -3.2513e-03 -2.5968e-03 -1.8102e-03 -9.2362e-04 +1.6991e-05 +9.5722e-04 +1.8427e-03 +2.6277e-03 +3.2802e-03 +3.7849e-03 +4.1409e-03 +4.3588e-03 +4.4561e-03 +4.4533e-03 +4.3715e-03
-0000.00100 -4.4055e-03 -4.5072e-03 -4.5316e-03 -4.4558e-03 -4.2561e-03 -3.9108e-03 -3.4045e-03 -2.7339e-03 -1.9127e-03 -9.7515e-04 +2.6013e-05 +1.0268e-03 +1.9632e-03 +2.7826e-03 +3.4513e-03 +3.9555e-03 +4.2989e-03 +4.4969e-03 +4.5712e-03 +4.5457e-03 +4.4432e-03
-0000.00150 -4.4917e-03 -4.6310e-03 -4.6978e-03 -4.6661e-03 -4.5068e-03 -4.1899e-03 -3.6899e-03 -2.9933e-03 -2.1085e-03 -1.0728e-03 +4.7554e-05 +1.1674e-03 +2.2019e-03 +3.0849e-03 +3.7794e-03 +4.2774e-03 +4.5925e-03 +4.7503e-03 +4.7808e-03 +4.7131e-03 +4.5733e-03
-0000.00200 -4.5934e-03 -4.7919e-03 -4.9279e-03 -4.9718e-03 -4.8868e-03 -4.6296e-03 -4.1556e-03 -3.4299e-03 -2.4449e-03 -1.2393e-03 +9.5068e-05 +1.4289e-03 +2.6333e-03 +3.6165e-03 +4.3403e-03 +4.8126e-03 +5.0684e-03 +5.1523e-03 +5.1077e-03 +4.9713e-03 +4.7725e-03
-0000.00250 -4.6635e-03 -4.9498e-03 -5.1927e-03 -5.3607e-03 -5.4088e-03 -5.2749e-03 -4.8813e-03 -4.1470e-03 -3.0198e-03 -1.5250e-03 +1.9815e-04 +1.9208e-03 +3.4143e-03 +4.5401e-03 +5.2733e-03 +5.6663e-03 +5.8001e-03 +5.7522e-03 +5.5845e-03 +5.3422e-03 +5.0564e-03
# Total Vertical 2nd Order Kick [T2m2]
START
            -0000.00400 -0000.00360 -0000.00320 -0000.00280 -0000.00240 -0000.00200 -0000.00160 -0000.00120 -0000.00080 -0000.00040 +0000.00000 +0000.00040 +0000.00080 +0000.00120 +0000.00160 +0000.00200 +0000.00240 +0000.00280 +0000.00320 +0000.00360 +0000.00400
+0000.00250 -5.9904e-03 -6.2897e-03 -6.6819e-03 -7.1875e-03 -7.8239e-03 -8.5971e-03 -9.4874e-03 -1.0430e-02 -1.1301e-02 -1.1931e-02 -1.2160e-02 -1.1923e-02 -1.1288e-02 -1.0414e-02 -9.4709e-03 -8.5819e-03 -7.8110e-03 -7.1771e-03 -6.6739e-03 -6.2838e-03 -5.9862e-03
+0000.00200 -4.6183e-03 -4.8354e-03 -5.1154e-03 -5.4679e-03 -5.8979e-03 -6.4001e-03 -6.9522e-03 -7.5080e-03 -7.9974e-03 -8.3376e-03 -8.4592e-03 -8.3348e-03 -7.9923e-03 -7.5016e-03 -6.9454e-03 -6.3937e-03 -5.8924e-03 -5.4634e-03 -5.1120e-03 -4.8331e-03 -4.6169e-03
+0000.00150 -3.3573e-03 -3.5057e-03 -3.6948e-03 -3.9285e-03 -4.2069e-03 -4.5229e-03 -4.8591e-03 -5.1867e-03 -5.4663e-03 -5.6561e-03 -5.7232e-03 -5.6550e-03 -5.4642e-03 -5.1840e-03 -4.8564e-03 -4.5203e-03 -4.2047e-03 -3.9269e-03 -3.6937e-03 -3.5052e-03 -3.3573e-03
+0000.00100 -2.1859e-03 -2.2777e-03 -2.3936e-03 -2.5351e-03 -2.7009e-03 -2.8855e-03 -3.0780e-03 -3.2616e-03 -3.4154e-03 -3.5184e-03 -3.5547e-03 -3.5181e-03 -3.4149e-03 -3.2609e-03 -3.0774e-03 -2.8851e-03 -2.7007e-03 -2.5351e-03 -2.3939e-03 -2.2783e-03 -2.1867e-03
+0000.00050 -1.0769e-03 -1.1206e-03 -1.1756e-03 -1.2422e-03 -1.3195e-03 -1.4047e-03 -1.4925e-03 -1.5754e-03 -1.6441e-03 -1.6899e-03 -1.7061e-03 -1.6901e-03 -1.6446e-03 -1.5760e-03 -1.4933e-03 -1.4057e-03 -1.3206e-03 -1.2434e-03 -1.1769e-03 -1.1221e-03 -1.0784e-03
+0000.00000 +1.6951e-07 +9.1006e-08 -2.8046e-08 -2.0105e-07 -4.4061e-07 -7.5490e-07 -1.1426e-06 -1.5880e-06 -2.0584e-06 -2.5067e-06 -2.8808e-06 -3.1369e-06 -3.2523e-06 -3.2306e-06 -3.0981e-06 -2.8936e-06 -2.6571e-06 -2.4211e-06 -2.2074e-06 -2.0269e-06 -1.8826e-06
-0000.00050 +1.0771e-03 +1.1207e-03 +1.1753e-03 +1.2414e-03 +1.3181e-03 +1.4025e-03 +1.4894e-03 +1.5711e-03 +1.6387e-03 +1.6834e-03 +1.6988e-03 +1.6824e-03 +1.6367e-03 +1.5684e-03 +1.4862e-03 +1.3992e-03 +1.3148e-03 +1.2382e-03 +1.1723e-03 +1.1179e-03 +1.0745e-03
-0000.00100 +2.1858e-03 +2.2772e-03 +2.3926e-03 +2.5332e-03 +2.6978e-03 +2.8810e-03 +3.0716e-03 +3.2532e-03 +3.4052e-03 +3.5066e-03 +3.5418e-03 +3.5050e-03 +3.4022e-03 +3.2493e-03 +3.0671e-03 +2.8762e-03 +2.6932e-03 +2.5288e-03 +2.3886e-03 +2.2737e-03 +2.1826e-03
-0000.00150 +3.3566e-03 +3.5043e-03 +3.6922e-03 +3.9242e-03 +4.2002e-03 +4.5130e-03 +4.8455e-03 +5.1688e-03 +5.4445e-03 +5.6312e-03 +5.6967e-03 +5.6288e-03 +5.4400e-03 +5.1630e-03 +4.8389e-03 +4.5063e-03 +4.1937e-03 +3.9183e-03 +3.6870e-03 +3.4997e-03 +3.3526e-03
-0000.00200 +4.6168e-03 +4.8324e-03 +5.1101e-03 +5.4592e-03 +5.8843e-03 +6.3798e-03 +6.9235e-03 +7.4699e-03 +7.9503e-03 +8.2838e-03 +8.4024e-03 +8.2798e-03 +7.9432e-03 +7.4607e-03 +6.9133e-03 +6.3697e-03 +5.8749e-03 +5.4508e-03 +5.1028e-03 +4.8262e-03 +4.6115e-03
-0000.00250 +5.9877e-03 +6.2845e-03 +6.6726e-03 +7.1716e-03 +7.7982e-03 +8.5574e-03 +9.4295e-03 +1.0351e-02 +1.1201e-02 +1.1814e-02 +1.2037e-02 +1.1806e-02 +1.1187e-02 +1.0333e-02 +9.4113e-03 +8.5400e-03 +7.7825e-03 +7.1581e-03 +6.6612e-03 +6.2750e-03 +5.9799e-03
# Horizontal Final Position [m]
START
            -0000.00400 -0000.00360 -0000.00320 -0000.00280 -0000.00240 -0000.00200 -0000.00160 -0000.00120 -0000.00080 -0000.00040 +0000.00000 +0000.00040 +0000.00080 +0000.00120 +0000.00160 +0000.00200 +0000.00240 +0000.00280 +0000.00320 +0000.00360 +0000.00400
+0000.00250 -4.0762e-03 -3.6810e-03 -3.2850e-03 -2.8877e-03 -2.4884e-03 -2.0858e-03 -1.6786e-03 -1.2655e-03 -8.4547e-04 -4.1899e-04 +1.1484e-05 +4.4191e-04 +8.6827e-04 +1.2881e-03 +1.7011e-03 +2.1080e-03 +2.5104e-03 +2.9097e-03 +3.3069e-03 +3.7028e-03 +4.0979e-03
+0000.00200 -4.0732e-03 -3.6765e-03 -3.2788e-03 -2.8794e-03 -2.4778e-03 -2.0733e-03 -1.6650e-03 -1.2524e-03 -8.3531e-04 -4.1446e-04 +8.5878e-06 +4.3160e-04 +8.5237e-04 +1.2693e-03 +1.6818e-03 +2.0899e-03 +2.4944e-03 +2.8958e-03 +3.2951e-03 +3.6928e-03 +4.0895e-03
+0000.00150 -4.0707e-03 -3.6730e-03 -3.2741e-03 -2.8734e-03 -2.4706e-03 -2.0652e-03 -1.6566e-03 -1.2447e-03 -8.2955e-04 -4.1189e-04 +7.1842e-06 +4.2624e-04 +8.4385e-04 +1.2589e-03 +1.6707e-03 +2.0792e-03 +2.4846e-03 +2.8873e-03 +3.2878e-03 +3.6867e-03 +4.0844e-03
+0000.00100 -4.0688e-03 -3.6705e-03 -3.2709e-03 -2.8695e-03 -2.4661e-03 -2.0602e-03 -1.6516e-03 -1.2402e-03 -8.2630e-04 -4.1044e-04 +6.4733e-06 +4.2338e-04 +8.3920e-04 +1.2531e-03 +1.6644e-03 +2.0729e-03 +2.4788e-03 +2.8822e-03 +3.2834e-03 +3.6830e-03 +4.0813e-03
+0000.00050 -4.0677e-03 -3.6691e-03 -3.2691e-03 -2.8674e-03 -2.4636e-03 -2.0575e-03 -1.6490e-03 -1.2379e-03 -8.2466e-04 -4.0973e-04 +6.0926e-06 +4.2191e-04 +8.3682e-04 +1.2500e-03 +1.6611e-03 +2.0696e-03 +2.4757e-03 +2.8794e-03 +3.2811e-03 +3.6810e-03 +4.0797e-03
+0000.00000 -4.0674e-03 -3.6686e-03 -3.2685e-03 -2.8667e-03 -2.4629e-03 -2.0568e-03 -1.6482e-03 -1.2373e-03 -8.2423e-04 -4.0960e-04 +5.8848e-06 +4.2137e-04 +8.3599e-04 +1.2490e-03 +1.6599e-03 +2.0685e-03 +2.4746e-03 +2.8784e-03 +3.2802e-03 +3.6803e-03 +4.0791e-03
-0000.00050 -4.0677e-03 -3.6691e-03 -3.2691e-03 -2.8674e-03 -2.4637e-03 -2.0577e-03 -1.6491e-03 -1.2381e-03 -8.2488e-04 -4.0999e-04 +5.8000e-06 +4.2160e-04 +8.3649e-04 +1.2497e-03 +1.6607e-03 +2.0693e-03 +2.4754e-03 +2.8791e-03 +3.2808e-03 +3.6808e-03 +4.0795e-03
-0000.00100 -4.0687e-03 -3.6704e-03 -3.2708e-03 -2.8695e-03 -2.4662e-03 -2.0604e-03 -1.6518e-03 -1.2405e-03 -8.2673e-04 -4.1097e-04 +5.8681e-06 +4.2271e-04 +8.3850e-04 +1.2523e-03 +1.6637e-03 +2.0723e-03 +2.4781e-03 +2.8815e-03 +3.2829e-03 +3.6825e-03 +4.0808e-03
-0000.00150 -4.0702e-03 -3.6726e-03 -3.2737e-03 -2.8732e-03 -2.4705e-03 -2.0652e-03 -1.6568e-03 -1.2450e-03 -8.3013e-04 -4.1267e-04 +6.2220e-06 +4.2513e-04 +8.4264e-04 +1.2576e-03 +1.6694e-03 +2.0780e-03 +2.4834e-03 +2.8861e-03 +3.2867e-03 +3.6857e-03 +4.0834e-03
-0000.00200 -4.0719e-03 -3.6753e-03 -3.2777e-03 -2.8784e-03 -2.4771e-03 -2.0727e-03 -1.6648e-03 -1.2525e-03 -8.3586e-04 -4.1544e-04 +7.1878e-06 +4.2985e-04 +8.5036e-04 +1.2671e-03 +1.6796e-03 +2.0877e-03 +2.4922e-03 +2.8937e-03 +3.2930e-03 +3.6908e-03 +4.0875e-03
-0000.00250 -4.0730e-03 -3.6779e-03 -3.2821e-03 -2.8850e-03 -2.4859e-03 -2.0837e-03 -1.6771e-03 -1.2647e-03 -8.4551e-04 -4.2000e-04 +9.5012e-06 +4.3907e-04 +8.6477e-04 +1.2842e-03 +1.6969e-03 +2.1038e-03 +2.5062e-03 +2.9055e-03 +3.3028e-03 +3.6987e-03 +4.0939e-03
# Vertical Final Position [m]
START
            -0000.00400 -0000.00360 -0000.00320 -0000.00280 -0000.00240 -0000.00200 -0000.00160 -0000.00120 -0000.00080 -0000.00040 +0000.00000 +0000.00040 +0000.00080 +0000.00120 +0000.00160 +0000.00200 +0000.00240 +0000.00280 +0000.00320 +0000.00360 +0000.00400
+0000.00250 +2.3974e-03 +2.3923e-03 +2.3856e-03 +2.3770e-03 +2.3661e-03 +2.3528e-03 +2.3376e-03 +2.3215e-03 +2.3065e-03 +2.2958e-03 +2.2920e-03 +2.2963e-03 +2.3075e-03 +2.3227e-03 +2.3392e-03 +2.3546e-03 +2.3680e-03 +2.3789e-03 +2.3876e-03 +2.3944e-03 +2.3995e-03
+0000.00200 +1.9208e-03 +1.9171e-03 +1.9124e-03 +1.9064e-03 +1.8991e-03 +1.8906e-03 +1.8812e-03 +1.8718e-03 +1.8635e-03 +1.8579e-03 +1.8559e-03 +1.8582e-03 +1.8642e-03 +1.8728e-03 +1.8824e-03 +1.8920e-03 +1.9006e-03 +1.9080e-03 +1.9141e-03 +1.9189e-03 +1.9227e-03
+0000.00150 +1.4423e-03 +1.4398e-03 +1.4366e-03 +1.4326e-03 +1.4279e-03 +1.4226e-03 +1.4170e-03 +1.4115e-03 +1.4069e-03 +1.4038e-03 +1.4028e-03 +1.4041e-03 +1.4074e-03 +1.4123e-03 +1.4180e-03 +1.4238e-03 +1.4293e-03 +1.4341e-03 +1.4382e-03 +1.4414e-03 +1.4440e-03
+0000.00100 +9.6217e-04 +9.6064e-04 +9.5871e-04 +9.5635e-04 +9.5359e-04 +9.5052e-04 +9.4734e-04 +9.4432e-04 +9.4182e-04 +9.4019e-04 +9.3970e-04 +9.4044e-04 +9.4230e-04 +9.4502e-04 +9.4824e-04 +9.5160e-04 +9.5481e-04 +9.5770e-04 +9.6016e-04 +9.6218e-04 +9.6378e-04
+0000.00050 +4.8098e-04 +4.8027e-04 +4.7938e-04 +4.7830e-04 +4.7705e-04 +4.7568e-04 +4.7427e-04 +4.7297e-04 +4.7191e-04 +4.7124e-04 +4.7109e-04 +4.7147e-04 +4.7235e-04 +4.7362e-04 +4.7511e-04 +4.7669e-04 +4.7821e-04 +4.7958e-04 +4.8077e-04 +4.8175e-04 +4.8254e-04
+0000.00000 -7.8575e-07 -7.4807e-07 -7.0303e-07 -6.4972e-07 -5.8736e-07 -5.1541e-07 -4.3376e-07 -3.4281e-07 -2.4367e-07 -1.3814e-07 -2.8666e-08 +8.1840e-08 +1.9029e-07 +2.9376e-07 +3.8982e-07 +4.7675e-07 +5.5364e-07 +6.2028e-07 +6.7707e-07 +7.2481e-07 +7.6449e-07
-0000.00050 -4.8257e-04 -4.8179e-04 -4.8081e-04 -4.7963e-04 -4.7825e-04 -4.7674e-04 -4.7517e-04 -4.7368e-04 -4.7242e-04 -4.7154e-04 -4.7116e-04 -4.7131e-04 -4.7197e-04 -4.7302e-04 -4.7432e-04 -4.7571e-04 -4.7708e-04 -4.7832e-04 -4.7939e-04 -4.8028e-04 -4.8099e-04
-0000.00100 -9.6384e-04 -9.6224e-04 -9.6022e-04 -9.5777e-04 -9.5489e-04 -9.5168e-04 -9.4833e-04 -9.4513e-04 -9.4242e-04 -9.4056e-04 -9.3982e-04 -9.4031e-04 -9.4193e-04 -9.4441e-04 -9.4741e-04 -9.5058e-04 -9.5362e-04 -9.5637e-04 -9.5872e-04 -9.6064e-04 -9.6217e-04
-0000.00150 -1.4441e-03 -1.4415e-03 -1.4382e-03 -1.4342e-03 -1.4294e-03 -1.4240e-03 -1.4182e-03 -1.4125e-03 -1.4077e-03 -1.4043e-03 -1.4030e-03 -1.4040e-03 -1.4071e-03 -1.4117e-03 -1.4171e-03 -1.4227e-03 -1.4280e-03 -1.4327e-03 -1.4366e-03 -1.4398e-03 -1.4423e-03
-0000.00200 -1.9228e-03 -1.9190e-03 -1.9142e-03 -1.9082e-03 -1.9008e-03 -1.8922e-03 -1.8827e-03 -1.8732e-03 -1.8647e-03 -1.8588e-03 -1.8565e-03 -1.8584e-03 -1.8640e-03 -1.8722e-03 -1.8815e-03 -1.8908e-03 -1.8992e-03 -1.9064e-03 -1.9124e-03 -1.9171e-03 -1.9208e-03
-0000.00250 -2.3996e-03 -2.3945e-03 -2.3878e-03 -2.3791e-03 -2.3682e-03 -2.3550e-03 -2.3397e-03 -2.3235e-03 -2.3085e-03 -2.2975e-03 -2.2933e-03 -2.2970e-03 -2.3076e-03 -2.3223e-03 -2.3382e-03 -2.3533e-03 -2.3663e-03 -2.3771e-03 -2.3857e-03 -2.3923e-03 -2.3974e-03
