# Author: FAC idanalysis.IDKickMap
#
# Total Length of Longitudinal Interval [m]
2.77
# Number of Horizontal Points
21
# Number of Vertical Points
11
# Total Horizontal 2nd Order Kick [T2m2]
START
            -0000.00400 -0000.00360 -0000.00320 -0000.00280 -0000.00240 -0000.00200 -0000.00160 -0000.00120 -0000.00080 -0000.00040 +0000.00000 +0000.00040 +0000.00080 +0000.00120 +0000.00160 +0000.00200 +0000.00240 +0000.00280 +0000.00320 +0000.00360 +0000.00400
+0000.00250 +2.4798e-04 +2.8417e-04 +3.2529e-04 +3.7046e-04 +4.1658e-04 +4.5629e-04 +4.7578e-04 +4.5419e-04 +3.6921e-04 +2.1222e-04 +5.4066e-06 -2.0046e-04 -3.5513e-04 -4.3750e-04 -4.5697e-04 -4.3609e-04 -3.9561e-04 -3.4912e-04 -3.0381e-04 -2.6268e-04 -2.2654e-04
+0000.00200 +2.2858e-04 +2.5570e-04 +2.8367e-04 +3.1057e-04 +3.3283e-04 +3.4462e-04 +3.3767e-04 +3.0254e-04 +2.3221e-04 +1.2763e-04 +1.4975e-06 -1.2435e-04 -2.2817e-04 -2.9755e-04 -3.3181e-04 -3.3808e-04 -3.2584e-04 -3.0332e-04 -2.7628e-04 -2.4826e-04 -2.2113e-04
+0000.00150 +2.1263e-04 +2.3233e-04 +2.5043e-04 +2.6492e-04 +2.7288e-04 +2.7043e-04 +2.5312e-04 +2.1697e-04 +1.6026e-04 +8.5470e-05 -2.2776e-08 -8.5402e-05 -1.5989e-04 -2.1619e-04 -2.5193e-04 -2.6889e-04 -2.7107e-04 -2.6292e-04 -2.4831e-04 -2.3015e-04 -2.1041e-04
+0000.00100 +2.0047e-04 +2.1493e-04 +2.2649e-04 +2.3339e-04 +2.3343e-04 +2.2415e-04 +2.0320e-04 +1.6904e-04 +1.2175e-04 +6.3667e-05 -5.2697e-07 -6.4666e-05 -1.2260e-04 -1.6968e-04 -2.0361e-04 -2.2434e-04 -2.3344e-04 -2.3326e-04 -2.2626e-04 -2.1463e-04 -2.0013e-04
+0000.00050 +1.9284e-04 +2.0424e-04 +2.1215e-04 +2.1504e-04 +2.1119e-04 +1.9893e-04 +1.7692e-04 +1.4461e-04 +1.0263e-04 +5.3069e-05 -6.6389e-07 -5.4363e-05 -1.0383e-04 -1.4567e-04 -1.7783e-04 -1.9968e-04 -2.1180e-04 -2.1552e-04 -2.1254e-04 -2.0457e-04 -1.9313e-04
+0000.00000 +1.9024e-04 +2.0064e-04 +2.0738e-04 +2.0903e-04 +2.0403e-04 +1.9094e-04 +1.6872e-04 +1.3709e-04 +9.6824e-05 +4.9884e-05 -6.8797e-07 -5.1232e-05 -9.8092e-05 -1.3825e-04 -1.6974e-04 -1.9181e-04 -2.0477e-04 -2.0966e-04 -2.0792e-04 -2.0112e-04 -1.9068e-04
-0000.00050 +1.9284e-04 +2.0424e-04 +2.1215e-04 +2.1504e-04 +2.1119e-04 +1.9893e-04 +1.7692e-04 +1.4461e-04 +1.0263e-04 +5.3069e-05 -6.6390e-07 -5.4363e-05 -1.0383e-04 -1.4567e-04 -1.7783e-04 -1.9968e-04 -2.1180e-04 -2.1552e-04 -2.1254e-04 -2.0457e-04 -1.9313e-04
-0000.00100 +2.0047e-04 +2.1493e-04 +2.2649e-04 +2.3339e-04 +2.3343e-04 +2.2415e-04 +2.0320e-04 +1.6904e-04 +1.2175e-04 +6.3667e-05 -5.2699e-07 -6.4666e-05 -1.2260e-04 -1.6968e-04 -2.0361e-04 -2.2434e-04 -2.3344e-04 -2.3326e-04 -2.2626e-04 -2.1463e-04 -2.0013e-04
-0000.00150 +2.1263e-04 +2.3233e-04 +2.5043e-04 +2.6492e-04 +2.7288e-04 +2.7043e-04 +2.5312e-04 +2.1697e-04 +1.6026e-04 +8.5470e-05 -2.2810e-08 -8.5402e-05 -1.5989e-04 -2.1619e-04 -2.5193e-04 -2.6889e-04 -2.7107e-04 -2.6292e-04 -2.4831e-04 -2.3015e-04 -2.1041e-04
-0000.00200 +2.2858e-04 +2.5570e-04 +2.8367e-04 +3.1057e-04 +3.3283e-04 +3.4462e-04 +3.3767e-04 +3.0254e-04 +2.3221e-04 +1.2763e-04 +1.4975e-06 -1.2435e-04 -2.2817e-04 -2.9755e-04 -3.3181e-04 -3.3808e-04 -3.2584e-04 -3.0332e-04 -2.7628e-04 -2.4826e-04 -2.2113e-04
-0000.00250 +2.4798e-04 +2.8417e-04 +3.2529e-04 +3.7046e-04 +4.1658e-04 +4.5629e-04 +4.7578e-04 +4.5419e-04 +3.6921e-04 +2.1222e-04 +5.4065e-06 -2.0046e-04 -3.5513e-04 -4.3750e-04 -4.5697e-04 -4.3609e-04 -3.9561e-04 -3.4912e-04 -3.0381e-04 -2.6268e-04 -2.2654e-04
# Total Vertical 2nd Order Kick [T2m2]
START
            -0000.00400 -0000.00360 -0000.00320 -0000.00280 -0000.00240 -0000.00200 -0000.00160 -0000.00120 -0000.00080 -0000.00040 +0000.00000 +0000.00040 +0000.00080 +0000.00120 +0000.00160 +0000.00200 +0000.00240 +0000.00280 +0000.00320 +0000.00360 +0000.00400
+0000.00250 -5.0806e-03 -5.0686e-03 -5.0471e-03 -5.0113e-03 -4.9552e-03 -4.8719e-03 -4.7567e-03 -4.6131e-03 -4.4613e-03 -4.3403e-03 -4.2941e-03 -4.3425e-03 -4.4648e-03 -4.6169e-03 -4.7599e-03 -4.8743e-03 -4.9569e-03 -5.0124e-03 -5.0477e-03 -5.0690e-03 -5.0808e-03
+0000.00200 -3.9586e-03 -3.9446e-03 -3.9226e-03 -3.8898e-03 -3.8435e-03 -3.7815e-03 -3.7046e-03 -3.6185e-03 -3.5360e-03 -3.4751e-03 -3.4527e-03 -3.4759e-03 -3.5374e-03 -3.6202e-03 -3.7062e-03 -3.7828e-03 -3.8445e-03 -3.8906e-03 -3.9231e-03 -3.9449e-03 -3.9588e-03
+0000.00150 -2.9080e-03 -2.8954e-03 -2.8770e-03 -2.8513e-03 -2.8174e-03 -2.7752e-03 -2.7265e-03 -2.6755e-03 -2.6296e-03 -2.5972e-03 -2.5856e-03 -2.5976e-03 -2.6303e-03 -2.6764e-03 -2.7273e-03 -2.7760e-03 -2.8181e-03 -2.8518e-03 -2.8773e-03 -2.8956e-03 -2.9081e-03
+0000.00100 -1.9099e-03 -1.9007e-03 -1.8879e-03 -1.8707e-03 -1.8490e-03 -1.8231e-03 -1.7946e-03 -1.7661e-03 -1.7413e-03 -1.7243e-03 -1.7183e-03 -1.7245e-03 -1.7416e-03 -1.7665e-03 -1.7951e-03 -1.8236e-03 -1.8494e-03 -1.8710e-03 -1.8881e-03 -1.9009e-03 -1.9100e-03
+0000.00050 -9.4642e-04 -9.4162e-04 -9.3507e-04 -9.2654e-04 -9.1601e-04 -9.0379e-04 -8.9065e-04 -8.7781e-04 -8.6688e-04 -8.5950e-04 -8.5691e-04 -8.5958e-04 -8.6702e-04 -8.7799e-04 -8.9085e-04 -9.0399e-04 -9.1618e-04 -9.2668e-04 -9.3518e-04 -9.4171e-04 -9.4648e-04
+0000.00000 -2.2784e-11 -4.1431e-11 -2.4779e-11 -4.0478e-11 -5.0865e-11 -3.5095e-11 -6.9553e-12 -2.0417e-11 -1.9607e-12 -3.2443e-11 -1.6719e-11 +1.2503e-11 -4.5892e-11 -2.5981e-11 +4.9261e-11 -1.5909e-11 -7.6939e-12 +1.7122e-11 +3.5922e-11 +7.4808e-12 +2.3036e-11
-0000.00050 +9.4642e-04 +9.4162e-04 +9.3507e-04 +9.2654e-04 +9.1601e-04 +9.0379e-04 +8.9065e-04 +8.7781e-04 +8.6688e-04 +8.5950e-04 +8.5691e-04 +8.5958e-04 +8.6702e-04 +8.7799e-04 +8.9085e-04 +9.0399e-04 +9.1618e-04 +9.2668e-04 +9.3518e-04 +9.4171e-04 +9.4648e-04
-0000.00100 +1.9099e-03 +1.9007e-03 +1.8879e-03 +1.8707e-03 +1.8490e-03 +1.8231e-03 +1.7946e-03 +1.7661e-03 +1.7413e-03 +1.7243e-03 +1.7183e-03 +1.7245e-03 +1.7416e-03 +1.7665e-03 +1.7951e-03 +1.8236e-03 +1.8494e-03 +1.8710e-03 +1.8881e-03 +1.9009e-03 +1.9100e-03
-0000.00150 +2.9080e-03 +2.8954e-03 +2.8770e-03 +2.8513e-03 +2.8174e-03 +2.7752e-03 +2.7265e-03 +2.6755e-03 +2.6296e-03 +2.5972e-03 +2.5856e-03 +2.5976e-03 +2.6303e-03 +2.6764e-03 +2.7273e-03 +2.7760e-03 +2.8181e-03 +2.8518e-03 +2.8773e-03 +2.8956e-03 +2.9081e-03
-0000.00200 +3.9586e-03 +3.9446e-03 +3.9226e-03 +3.8898e-03 +3.8435e-03 +3.7815e-03 +3.7046e-03 +3.6185e-03 +3.5360e-03 +3.4751e-03 +3.4527e-03 +3.4759e-03 +3.5374e-03 +3.6202e-03 +3.7062e-03 +3.7828e-03 +3.8445e-03 +3.8906e-03 +3.9231e-03 +3.9449e-03 +3.9588e-03
-0000.00250 +5.0806e-03 +5.0686e-03 +5.0471e-03 +5.0113e-03 +4.9552e-03 +4.8719e-03 +4.7567e-03 +4.6131e-03 +4.4613e-03 +4.3403e-03 +4.2941e-03 +4.3425e-03 +4.4648e-03 +4.6169e-03 +4.7599e-03 +4.8743e-03 +4.9569e-03 +5.0124e-03 +5.0477e-03 +5.0690e-03 +5.0808e-03
# Horizontal Final Position [m]
START
            -0000.00400 -0000.00360 -0000.00320 -0000.00280 -0000.00240 -0000.00200 -0000.00160 -0000.00120 -0000.00080 -0000.00040 +0000.00000 +0000.00040 +0000.00080 +0000.00120 +0000.00160 +0000.00200 +0000.00240 +0000.00280 +0000.00320 +0000.00360 +0000.00400
+0000.00250 -3.9871e-03 -3.5865e-03 -3.1858e-03 -2.7851e-03 -2.3843e-03 -1.9836e-03 -1.5833e-03 -1.1837e-03 -7.8524e-04 -3.8796e-04 +8.4851e-06 +4.0497e-04 +8.0236e-04 +1.2010e-03 +1.6007e-03 +2.0011e-03 +2.4019e-03 +2.8027e-03 +3.2035e-03 +3.6042e-03 +4.0048e-03
+0000.00200 -3.9890e-03 -3.5886e-03 -3.1881e-03 -2.7877e-03 -2.3873e-03 -1.9871e-03 -1.5873e-03 -1.1879e-03 -7.8912e-04 -3.9092e-04 +6.9229e-06 +4.0478e-04 +8.0302e-04 +1.2019e-03 +1.6013e-03 +2.0012e-03 +2.4015e-03 +2.8019e-03 +3.2023e-03 +3.6028e-03 +4.0033e-03
+0000.00150 -3.9901e-03 -3.5897e-03 -3.1894e-03 -2.7892e-03 -2.3891e-03 -1.9891e-03 -1.5894e-03 -1.1901e-03 -7.9105e-04 -3.9233e-04 +6.2081e-06 +4.0476e-04 +8.0350e-04 +1.2026e-03 +1.6020e-03 +2.0017e-03 +2.4017e-03 +2.8018e-03 +3.2021e-03 +3.6024e-03 +4.0028e-03
+0000.00100 -3.9906e-03 -3.5904e-03 -3.1902e-03 -2.7901e-03 -2.3901e-03 -1.9903e-03 -1.5906e-03 -1.1912e-03 -7.9203e-04 -3.9302e-04 +5.8882e-06 +4.0480e-04 +8.0382e-04 +1.2030e-03 +1.6025e-03 +2.0021e-03 +2.4020e-03 +2.8020e-03 +3.2021e-03 +3.6023e-03 +4.0026e-03
+0000.00050 -3.9909e-03 -3.5907e-03 -3.1906e-03 -2.7905e-03 -2.3906e-03 -1.9908e-03 -1.5912e-03 -1.1918e-03 -7.9249e-04 -3.9333e-04 +5.7545e-06 +4.0484e-04 +8.0401e-04 +1.2033e-03 +1.6028e-03 +2.0024e-03 +2.4022e-03 +2.8022e-03 +3.2022e-03 +3.6024e-03 +4.0026e-03
+0000.00000 -3.9910e-03 -3.5908e-03 -3.1907e-03 -2.7907e-03 -2.3908e-03 -1.9910e-03 -1.5914e-03 -1.1919e-03 -7.9262e-04 -3.9342e-04 +5.7181e-06 +4.0486e-04 +8.0407e-04 +1.2034e-03 +1.6029e-03 +2.0025e-03 +2.4023e-03 +2.8022e-03 +3.2023e-03 +3.6024e-03 +4.0026e-03
-0000.00050 -3.9909e-03 -3.5907e-03 -3.1906e-03 -2.7905e-03 -2.3906e-03 -1.9908e-03 -1.5912e-03 -1.1918e-03 -7.9249e-04 -3.9333e-04 +5.7545e-06 +4.0484e-04 +8.0401e-04 +1.2033e-03 +1.6028e-03 +2.0024e-03 +2.4022e-03 +2.8022e-03 +3.2022e-03 +3.6024e-03 +4.0026e-03
-0000.00100 -3.9906e-03 -3.5904e-03 -3.1902e-03 -2.7901e-03 -2.3901e-03 -1.9903e-03 -1.5906e-03 -1.1912e-03 -7.9203e-04 -3.9302e-04 +5.8882e-06 +4.0480e-04 +8.0382e-04 +1.2030e-03 +1.6025e-03 +2.0021e-03 +2.4020e-03 +2.8020e-03 +3.2021e-03 +3.6023e-03 +4.0026e-03
-0000.00150 -3.9901e-03 -3.5897e-03 -3.1894e-03 -2.7892e-03 -2.3891e-03 -1.9891e-03 -1.5894e-03 -1.1901e-03 -7.9105e-04 -3.9233e-04 +6.2081e-06 +4.0476e-04 +8.0350e-04 +1.2026e-03 +1.6020e-03 +2.0017e-03 +2.4017e-03 +2.8018e-03 +3.2021e-03 +3.6024e-03 +4.0028e-03
-0000.00200 -3.9890e-03 -3.5886e-03 -3.1881e-03 -2.7877e-03 -2.3873e-03 -1.9871e-03 -1.5873e-03 -1.1879e-03 -7.8912e-04 -3.9092e-04 +6.9229e-06 +4.0478e-04 +8.0302e-04 +1.2019e-03 +1.6013e-03 +2.0012e-03 +2.4015e-03 +2.8019e-03 +3.2023e-03 +3.6028e-03 +4.0033e-03
-0000.00250 -3.9871e-03 -3.5865e-03 -3.1858e-03 -2.7851e-03 -2.3843e-03 -1.9836e-03 -1.5833e-03 -1.1837e-03 -7.8524e-04 -3.8796e-04 +8.4851e-06 +4.0497e-04 +8.0236e-04 +1.2010e-03 +1.6007e-03 +2.0011e-03 +2.4019e-03 +2.8027e-03 +3.2035e-03 +3.6042e-03 +4.0048e-03
# Vertical Final Position [m]
START
            -0000.00400 -0000.00360 -0000.00320 -0000.00280 -0000.00240 -0000.00200 -0000.00160 -0000.00120 -0000.00080 -0000.00040 +0000.00000 +0000.00040 +0000.00080 +0000.00120 +0000.00160 +0000.00200 +0000.00240 +0000.00280 +0000.00320 +0000.00360 +0000.00400
+0000.00250 +2.4134e-03 +2.4136e-03 +2.4140e-03 +2.4146e-03 +2.4156e-03 +2.4170e-03 +2.4190e-03 +2.4215e-03 +2.4241e-03 +2.4261e-03 +2.4269e-03 +2.4260e-03 +2.4239e-03 +2.4212e-03 +2.4188e-03 +2.4168e-03 +2.4154e-03 +2.4145e-03 +2.4139e-03 +2.4135e-03 +2.4133e-03
+0000.00200 +1.9326e-03 +1.9328e-03 +1.9332e-03 +1.9338e-03 +1.9346e-03 +1.9356e-03 +1.9369e-03 +1.9384e-03 +1.9398e-03 +1.9408e-03 +1.9412e-03 +1.9408e-03 +1.9397e-03 +1.9383e-03 +1.9368e-03 +1.9355e-03 +1.9344e-03 +1.9336e-03 +1.9331e-03 +1.9327e-03 +1.9325e-03
+0000.00150 +1.4505e-03 +1.4507e-03 +1.4510e-03 +1.4515e-03 +1.4520e-03 +1.4528e-03 +1.4536e-03 +1.4545e-03 +1.4552e-03 +1.4558e-03 +1.4560e-03 +1.4557e-03 +1.4552e-03 +1.4544e-03 +1.4535e-03 +1.4527e-03 +1.4519e-03 +1.4514e-03 +1.4509e-03 +1.4506e-03 +1.4504e-03
+0000.00100 +9.6748e-04 +9.6764e-04 +9.6786e-04 +9.6815e-04 +9.6853e-04 +9.6897e-04 +9.6945e-04 +9.6994e-04 +9.7036e-04 +9.7064e-04 +9.7074e-04 +9.7062e-04 +9.7032e-04 +9.6989e-04 +9.6940e-04 +9.6891e-04 +9.6847e-04 +9.6810e-04 +9.6781e-04 +9.6759e-04 +9.6743e-04
+0000.00050 +4.8389e-04 +4.8397e-04 +4.8408e-04 +4.8423e-04 +4.8441e-04 +4.8462e-04 +4.8484e-04 +4.8506e-04 +4.8524e-04 +4.8537e-04 +4.8541e-04 +4.8536e-04 +4.8523e-04 +4.8504e-04 +4.8482e-04 +4.8459e-04 +4.8438e-04 +4.8420e-04 +4.8406e-04 +4.8395e-04 +4.8386e-04
+0000.00000 -5.9863e-13 -5.9124e-13 -5.8670e-13 -6.3214e-13 -5.7451e-13 -6.8502e-13 -4.7825e-13 -4.8031e-13 -4.1278e-13 -4.0513e-13 -3.4469e-13 -1.3004e-13 -3.9291e-13 -2.9340e-13 +2.5520e-13 +3.6315e-14 +1.3999e-14 +2.3638e-13 +3.8650e-13 +2.7591e-13 +3.7691e-13
-0000.00050 -4.8389e-04 -4.8397e-04 -4.8408e-04 -4.8423e-04 -4.8441e-04 -4.8462e-04 -4.8484e-04 -4.8506e-04 -4.8524e-04 -4.8537e-04 -4.8541e-04 -4.8536e-04 -4.8523e-04 -4.8504e-04 -4.8482e-04 -4.8459e-04 -4.8438e-04 -4.8420e-04 -4.8406e-04 -4.8395e-04 -4.8386e-04
-0000.00100 -9.6748e-04 -9.6764e-04 -9.6786e-04 -9.6815e-04 -9.6853e-04 -9.6897e-04 -9.6945e-04 -9.6994e-04 -9.7036e-04 -9.7064e-04 -9.7074e-04 -9.7062e-04 -9.7032e-04 -9.6989e-04 -9.6940e-04 -9.6891e-04 -9.6847e-04 -9.6810e-04 -9.6781e-04 -9.6759e-04 -9.6743e-04
-0000.00150 -1.4505e-03 -1.4507e-03 -1.4510e-03 -1.4515e-03 -1.4520e-03 -1.4528e-03 -1.4536e-03 -1.4545e-03 -1.4552e-03 -1.4558e-03 -1.4560e-03 -1.4557e-03 -1.4552e-03 -1.4544e-03 -1.4535e-03 -1.4527e-03 -1.4519e-03 -1.4514e-03 -1.4509e-03 -1.4506e-03 -1.4504e-03
-0000.00200 -1.9326e-03 -1.9328e-03 -1.9332e-03 -1.9338e-03 -1.9346e-03 -1.9356e-03 -1.9369e-03 -1.9384e-03 -1.9398e-03 -1.9408e-03 -1.9412e-03 -1.9408e-03 -1.9397e-03 -1.9383e-03 -1.9368e-03 -1.9355e-03 -1.9344e-03 -1.9336e-03 -1.9331e-03 -1.9327e-03 -1.9325e-03
-0000.00250 -2.4134e-03 -2.4136e-03 -2.4140e-03 -2.4146e-03 -2.4156e-03 -2.4170e-03 -2.4190e-03 -2.4215e-03 -2.4241e-03 -2.4261e-03 -2.4269e-03 -2.4260e-03 -2.4239e-03 -2.4212e-03 -2.4188e-03 -2.4168e-03 -2.4154e-03 -2.4145e-03 -2.4139e-03 -2.4135e-03 -2.4133e-03
