# Author: FAC idanalysis.IDKickMap
#
# Total Length of Longitudinal Interval [m]
2.77
# Number of Horizontal Points
21
# Number of Vertical Points
11
# Total Horizontal 2nd Order Kick [T2m2]
START
            -0000.00400 -0000.00360 -0000.00320 -0000.00280 -0000.00240 -0000.00200 -0000.00160 -0000.00120 -0000.00080 -0000.00040 +0000.00000 +0000.00040 +0000.00080 +0000.00120 +0000.00160 +0000.00200 +0000.00240 +0000.00280 +0000.00320 +0000.00360 +0000.00400
+0000.00250 -3.6365e-03 -3.8347e-03 -3.9980e-03 -4.1029e-03 -4.1160e-03 -3.9929e-03 -3.6798e-03 -3.1241e-03 -2.2970e-03 -1.2240e-03 -3.8325e-06 +1.2114e-03 +2.2719e-03 +3.0842e-03 +3.6264e-03 +3.9289e-03 +4.0441e-03 +4.0251e-03 +3.9160e-03 +3.7496e-03 +3.5493e-03
+0000.00200 -3.4422e-03 -3.5792e-03 -3.6689e-03 -3.6898e-03 -3.6152e-03 -3.4146e-03 -3.0569e-03 -2.5195e-03 -1.7994e-03 -9.2613e-04 +3.5210e-05 +9.9522e-04 +1.8650e-03 +2.5803e-03 +3.1130e-03 +3.4663e-03 +3.6633e-03 +3.7349e-03 +3.7118e-03 +3.6204e-03 +3.4821e-03
+0000.00150 -3.3026e-03 -3.3985e-03 -3.4408e-03 -3.4109e-03 -3.2878e-03 -3.0506e-03 -2.6817e-03 -2.1724e-03 -1.5299e-03 -7.8121e-04 +2.6558e-05 +8.3375e-04 +1.5808e-03 +2.2211e-03 +2.7276e-03 +3.0940e-03 +3.3288e-03 +3.4498e-03 +3.4780e-03 +3.4344e-03 +3.3375e-03
+0000.00100 -3.2101e-03 -3.2800e-03 -3.2934e-03 -3.2340e-03 -3.0847e-03 -2.8306e-03 -2.4609e-03 -1.9740e-03 -1.3802e-03 -7.0412e-04 +1.6790e-05 +7.3732e-04 +1.4123e-03 +2.0046e-03 +2.4896e-03 +2.8573e-03 +3.1096e-03 +3.2571e-03 +3.3151e-03 +3.3005e-03 +3.2297e-03
+0000.00050 -3.1570e-03 -3.2127e-03 -3.2107e-03 -3.1360e-03 -2.9739e-03 -2.7124e-03 -2.3443e-03 -1.8709e-03 -1.3035e-03 -6.6520e-04 +1.1289e-05 +6.8748e-04 +1.3249e-03 +1.8910e-03 +2.3629e-03 +2.7293e-03 +2.9892e-03 +3.1497e-03 +3.2232e-03 +3.2241e-03 +3.1676e-03
+0000.00000 -3.1380e-03 -3.1892e-03 -3.1824e-03 -3.1031e-03 -2.9373e-03 -2.6740e-03 -2.3069e-03 -1.8382e-03 -1.2795e-03 -6.5322e-04 +9.2546e-06 +6.7145e-04 +1.2969e-03 +1.8544e-03 +2.3218e-03 +2.6873e-03 +2.9492e-03 +3.1136e-03 +3.1918e-03 +3.1976e-03 +3.1457e-03
-0000.00050 -3.1502e-03 -3.2060e-03 -3.2043e-03 -3.1300e-03 -2.9684e-03 -2.7076e-03 -2.3404e-03 -1.8680e-03 -1.3019e-03 -6.6498e-04 +1.0081e-05 +6.8487e-04 +1.3210e-03 +1.8860e-03 +2.3570e-03 +2.7227e-03 +2.9822e-03 +3.1424e-03 +3.2157e-03 +3.2166e-03 +3.1601e-03
-0000.00100 -3.1932e-03 -3.2636e-03 -3.2777e-03 -3.2191e-03 -3.0711e-03 -2.8186e-03 -2.4510e-03 -1.9667e-03 -1.3760e-03 -7.0326e-04 +1.4163e-05 +7.3128e-04 +1.4032e-03 +1.9927e-03 +2.4755e-03 +2.8416e-03 +3.0928e-03 +3.2396e-03 +3.2971e-03 +3.2823e-03 +3.2114e-03
-0000.00150 -3.2719e-03 -3.3686e-03 -3.4120e-03 -3.3837e-03 -3.2630e-03 -3.0289e-03 -2.6640e-03 -2.1596e-03 -1.5226e-03 -7.7983e-04 +2.1994e-05 +8.2340e-04 +1.5651e-03 +2.2005e-03 +2.7031e-03 +3.0663e-03 +3.2990e-03 +3.4185e-03 +3.4459e-03 +3.4018e-03 +3.3047e-03
-0000.00200 -3.4118e-03 -3.5500e-03 -3.6415e-03 -3.6650e-03 -3.5943e-03 -3.3986e-03 -3.0470e-03 -2.5159e-03 -1.8013e-03 -9.3163e-04 +2.7666e-05 +9.8600e-04 +1.8531e-03 +2.5646e-03 +3.0926e-03 +3.4416e-03 +3.6353e-03 +3.7045e-03 +3.6799e-03 +3.5876e-03 +3.4490e-03
-0000.00250 -3.7480e-03 -3.9474e-03 -4.1127e-03 -4.2209e-03 -4.2385e-03 -4.1206e-03 -3.8106e-03 -3.2505e-03 -2.4038e-03 -1.2912e-03 -1.6182e-05 +1.2547e-03 +2.3569e-03 +3.1918e-03 +3.7419e-03 +4.0444e-03 +4.1572e-03 +4.1359e-03 +4.0252e-03 +3.8581e-03 +3.6575e-03
# Total Vertical 2nd Order Kick [T2m2]
START
            -0000.00400 -0000.00360 -0000.00320 -0000.00280 -0000.00240 -0000.00200 -0000.00160 -0000.00120 -0000.00080 -0000.00040 +0000.00000 +0000.00040 +0000.00080 +0000.00120 +0000.00160 +0000.00200 +0000.00240 +0000.00280 +0000.00320 +0000.00360 +0000.00400
+0000.00250 -5.7503e-03 -5.9682e-03 -6.2524e-03 -6.6167e-03 -7.0720e-03 -7.6206e-03 -8.2458e-03 -8.8996e-03 -9.4959e-03 -9.9213e-03 -1.0074e-02 -9.9131e-03 -9.4828e-03 -8.8852e-03 -8.2326e-03 -7.6096e-03 -7.0633e-03 -6.6100e-03 -6.2475e-03 -5.9647e-03 -5.7480e-03
+0000.00200 -4.4438e-03 -4.6003e-03 -4.8012e-03 -5.0528e-03 -5.3579e-03 -5.7119e-03 -6.0981e-03 -6.4841e-03 -6.8213e-03 -7.0542e-03 -7.1369e-03 -7.0517e-03 -6.8169e-03 -6.4788e-03 -6.0928e-03 -5.7071e-03 -5.3540e-03 -5.0498e-03 -4.7990e-03 -4.5989e-03 -4.4430e-03
+0000.00150 -3.2381e-03 -3.3442e-03 -3.4788e-03 -3.6444e-03 -3.8406e-03 -4.0622e-03 -4.2967e-03 -4.5240e-03 -4.7170e-03 -4.8476e-03 -4.8937e-03 -4.8468e-03 -4.7156e-03 -4.5222e-03 -4.2949e-03 -4.0605e-03 -3.8393e-03 -3.6435e-03 -3.4783e-03 -3.3442e-03 -3.2383e-03
+0000.00100 -2.1124e-03 -2.1777e-03 -2.2597e-03 -2.3594e-03 -2.4757e-03 -2.6047e-03 -2.7387e-03 -2.8659e-03 -2.9723e-03 -3.0433e-03 -3.0683e-03 -3.0432e-03 -2.9721e-03 -2.8658e-03 -2.7386e-03 -2.6048e-03 -2.4759e-03 -2.3598e-03 -2.2603e-03 -2.1785e-03 -2.1134e-03
+0000.00050 -1.0420e-03 -1.0729e-03 -1.1116e-03 -1.1584e-03 -1.2125e-03 -1.2719e-03 -1.3329e-03 -1.3903e-03 -1.4379e-03 -1.4695e-03 -1.4807e-03 -1.4698e-03 -1.4384e-03 -1.3911e-03 -1.3339e-03 -1.2730e-03 -1.2137e-03 -1.1597e-03 -1.1130e-03 -1.0743e-03 -1.0434e-03
+0000.00000 +4.1397e-07 +3.8640e-07 +3.3582e-07 +2.5160e-07 +1.2224e-07 -6.2280e-08 -3.0701e-07 -6.0785e-07 -9.4851e-07 -1.2999e-06 -1.6255e-06 -1.8887e-06 -2.0636e-06 -2.1413e-06 -2.1306e-06 -2.0527e-06 -1.9342e-06 -1.7997e-06 -1.6679e-06 -1.5506e-06 -1.4530e-06
-0000.00050 +1.0427e-03 +1.0736e-03 +1.1122e-03 +1.1587e-03 +1.2125e-03 +1.2714e-03 +1.3318e-03 +1.3885e-03 +1.4353e-03 +1.4661e-03 +1.4766e-03 +1.4652e-03 +1.4336e-03 +1.3862e-03 +1.3292e-03 +1.2686e-03 +1.2096e-03 +1.1559e-03 +1.1096e-03 +1.0712e-03 +1.0405e-03
-0000.00100 +2.1130e-03 +2.1780e-03 +2.2597e-03 +2.3590e-03 +2.4747e-03 +2.6029e-03 +2.7358e-03 +2.8620e-03 +2.9672e-03 +3.0372e-03 +3.0614e-03 +3.0359e-03 +2.9648e-03 +2.8588e-03 +2.7322e-03 +2.5991e-03 +2.4709e-03 +2.3554e-03 +2.2565e-03 +2.1751e-03 +2.1103e-03
-0000.00150 +3.2382e-03 +3.3440e-03 +3.4779e-03 +3.6425e-03 +3.8375e-03 +4.0575e-03 +4.2902e-03 +4.5156e-03 +4.7070e-03 +4.8362e-03 +4.8814e-03 +4.8343e-03 +4.7035e-03 +4.5110e-03 +4.2851e-03 +4.0523e-03 +3.8325e-03 +3.6380e-03 +3.4738e-03 +3.3403e-03 +3.2350e-03
-0000.00200 +4.4433e-03 +4.5989e-03 +4.7986e-03 +5.0484e-03 +5.3511e-03 +5.7023e-03 +6.0857e-03 +6.4692e-03 +6.8049e-03 +7.0370e-03 +7.1192e-03 +7.0336e-03 +6.7990e-03 +6.4619e-03 +6.0779e-03 +5.6947e-03 +5.3441e-03 +5.0422e-03 +4.7932e-03 +4.5943e-03 +4.4393e-03
-0000.00250 +5.7485e-03 +5.9649e-03 +6.2467e-03 +6.6077e-03 +7.0591e-03 +7.6040e-03 +8.2276e-03 +8.8843e-03 +9.4883e-03 +9.9225e-03 +1.0079e-02 +9.9143e-03 +9.4749e-03 +8.8694e-03 +8.2136e-03 +7.5917e-03 +7.0485e-03 +6.5988e-03 +6.2392e-03 +5.9586e-03 +5.7432e-03
# Horizontal Final Position [m]
START
            -0000.00400 -0000.00360 -0000.00320 -0000.00280 -0000.00240 -0000.00200 -0000.00160 -0000.00120 -0000.00080 -0000.00040 +0000.00000 +0000.00040 +0000.00080 +0000.00120 +0000.00160 +0000.00200 +0000.00240 +0000.00280 +0000.00320 +0000.00360 +0000.00400
+0000.00250 -4.0525e-03 -3.6559e-03 -3.2586e-03 -2.8604e-03 -2.4605e-03 -2.0584e-03 -1.6531e-03 -1.2437e-03 -8.2963e-04 -4.1143e-04 +9.2463e-06 +4.2982e-04 +8.4773e-04 +1.2614e-03 +1.6705e-03 +2.0755e-03 +2.4773e-03 +2.8769e-03 +3.2750e-03 +3.6721e-03 +4.0686e-03
+0000.00200 -4.0509e-03 -3.6531e-03 -3.2546e-03 -2.8549e-03 -2.4536e-03 -2.0502e-03 -1.6441e-03 -1.2349e-03 -8.2271e-04 -4.0793e-04 +8.3198e-06 +4.2452e-04 +8.3919e-04 +1.2512e-03 +1.6602e-03 +2.0661e-03 +2.4693e-03 +2.8705e-03 +3.2700e-03 +3.6685e-03 +4.0661e-03
+0000.00150 -4.0493e-03 -3.6509e-03 -3.2515e-03 -2.8510e-03 -2.4489e-03 -2.0448e-03 -1.6385e-03 -1.2299e-03 -8.1900e-04 -4.0635e-04 +7.2783e-06 +4.2088e-04 +8.3347e-04 +1.2442e-03 +1.6528e-03 +2.0589e-03 +2.4629e-03 +2.8649e-03 +3.2653e-03 +3.6646e-03 +4.0629e-03
+0000.00100 -4.0481e-03 -3.6493e-03 -3.2495e-03 -2.8484e-03 -2.4459e-03 -2.0415e-03 -1.6353e-03 -1.2270e-03 -8.1698e-04 -4.0557e-04 +6.5814e-06 +4.1872e-04 +8.3009e-04 +1.2401e-03 +1.6482e-03 +2.0544e-03 +2.4587e-03 +2.8612e-03 +3.2622e-03 +3.6619e-03 +4.0607e-03
+0000.00050 -4.0474e-03 -3.6484e-03 -3.2483e-03 -2.8470e-03 -2.4443e-03 -2.0398e-03 -1.6336e-03 -1.2256e-03 -8.1602e-04 -4.0526e-04 +6.1390e-06 +4.1753e-04 +8.2827e-04 +1.2378e-03 +1.6458e-03 +2.0520e-03 +2.4564e-03 +2.8591e-03 +3.2604e-03 +3.6604e-03 +4.0594e-03
+0000.00000 -4.0472e-03 -3.6481e-03 -3.2480e-03 -2.8466e-03 -2.4438e-03 -2.0394e-03 -1.6332e-03 -1.2253e-03 -8.1585e-04 -4.0531e-04 +5.8508e-06 +4.1701e-04 +8.2755e-04 +1.2370e-03 +1.6449e-03 +2.0511e-03 +2.4555e-03 +2.8583e-03 +3.2597e-03 +3.6598e-03 +4.0590e-03
-0000.00050 -4.0475e-03 -3.6485e-03 -3.2484e-03 -2.8472e-03 -2.4445e-03 -2.0401e-03 -1.6339e-03 -1.2259e-03 -8.1642e-04 -4.0570e-04 +5.6744e-06 +4.1705e-04 +8.2779e-04 +1.2373e-03 +1.6453e-03 +2.0516e-03 +2.4560e-03 +2.8587e-03 +3.2600e-03 +3.6601e-03 +4.0592e-03
-0000.00100 -4.0482e-03 -3.6494e-03 -3.2497e-03 -2.8487e-03 -2.4463e-03 -2.0420e-03 -1.6359e-03 -1.2277e-03 -8.1779e-04 -4.0646e-04 +5.6256e-06 +4.1773e-04 +8.2909e-04 +1.2391e-03 +1.6473e-03 +2.0535e-03 +2.4579e-03 +2.8604e-03 +3.2615e-03 +3.6613e-03 +4.0601e-03
-0000.00150 -4.0494e-03 -3.6510e-03 -3.2518e-03 -2.8514e-03 -2.4494e-03 -2.0455e-03 -1.6394e-03 -1.2310e-03 -8.2026e-04 -4.0776e-04 +5.7733e-06 +4.1933e-04 +8.3190e-04 +1.2427e-03 +1.6513e-03 +2.0575e-03 +2.4616e-03 +2.8637e-03 +3.2642e-03 +3.6636e-03 +4.0620e-03
-0000.00200 -4.0512e-03 -3.6536e-03 -3.2552e-03 -2.8557e-03 -2.4546e-03 -2.0514e-03 -1.6456e-03 -1.2367e-03 -8.2473e-04 -4.1007e-04 +6.1643e-06 +4.2243e-04 +8.3721e-04 +1.2494e-03 +1.6585e-03 +2.0645e-03 +2.4679e-03 +2.8692e-03 +3.2689e-03 +3.6674e-03 +4.0651e-03
-0000.00250 -4.0557e-03 -3.6592e-03 -3.2621e-03 -2.8641e-03 -2.4646e-03 -2.0628e-03 -1.6577e-03 -1.2485e-03 -8.3424e-04 -4.1542e-04 +6.2743e-06 +4.2801e-04 +8.4694e-04 +1.2614e-03 +1.6709e-03 +2.0762e-03 +2.4783e-03 +2.8781e-03 +3.2763e-03 +3.6736e-03 +4.0702e-03
# Vertical Final Position [m]
START
            -0000.00400 -0000.00360 -0000.00320 -0000.00280 -0000.00240 -0000.00200 -0000.00160 -0000.00120 -0000.00080 -0000.00040 +0000.00000 +0000.00040 +0000.00080 +0000.00120 +0000.00160 +0000.00200 +0000.00240 +0000.00280 +0000.00320 +0000.00360 +0000.00400
+0000.00250 +2.4011e-03 +2.3974e-03 +2.3925e-03 +2.3863e-03 +2.3785e-03 +2.3692e-03 +2.3585e-03 +2.3473e-03 +2.3372e-03 +2.3301e-03 +2.3276e-03 +2.3307e-03 +2.3383e-03 +2.3489e-03 +2.3603e-03 +2.3712e-03 +2.3807e-03 +2.3886e-03 +2.3949e-03 +2.3998e-03 +2.4035e-03
+0000.00200 +1.9235e-03 +1.9208e-03 +1.9174e-03 +1.9131e-03 +1.9080e-03 +1.9020e-03 +1.8955e-03 +1.8890e-03 +1.8833e-03 +1.8795e-03 +1.8783e-03 +1.8800e-03 +1.8842e-03 +1.8901e-03 +1.8969e-03 +1.9037e-03 +1.9098e-03 +1.9151e-03 +1.9195e-03 +1.9229e-03 +1.9256e-03
+0000.00150 +1.4440e-03 +1.4422e-03 +1.4400e-03 +1.4372e-03 +1.4339e-03 +1.4302e-03 +1.4263e-03 +1.4226e-03 +1.4194e-03 +1.4173e-03 +1.4167e-03 +1.4177e-03 +1.4201e-03 +1.4235e-03 +1.4276e-03 +1.4317e-03 +1.4355e-03 +1.4390e-03 +1.4419e-03 +1.4442e-03 +1.4460e-03
+0000.00100 +9.6318e-04 +9.6210e-04 +9.6075e-04 +9.5911e-04 +9.5720e-04 +9.5508e-04 +9.5291e-04 +9.5086e-04 +9.4918e-04 +9.4812e-04 +9.4785e-04 +9.4842e-04 +9.4978e-04 +9.5172e-04 +9.5401e-04 +9.5640e-04 +9.5869e-04 +9.6075e-04 +9.6251e-04 +9.6396e-04 +9.6511e-04
+0000.00050 +4.8137e-04 +4.8088e-04 +4.8027e-04 +4.7954e-04 +4.7869e-04 +4.7777e-04 +4.7683e-04 +4.7597e-04 +4.7530e-04 +4.7490e-04 +4.7485e-04 +4.7518e-04 +4.7585e-04 +4.7678e-04 +4.7787e-04 +4.7901e-04 +4.8011e-04 +4.8111e-04 +4.8197e-04 +4.8268e-04 +4.8325e-04
+0000.00000 -9.4415e-07 -9.0336e-07 -8.5254e-07 -7.9043e-07 -7.1597e-07 -6.2849e-07 -5.2791e-07 -4.1495e-07 -2.9122e-07 -1.5931e-07 -2.2613e-08 +1.1492e-07 +2.4923e-07 +3.7654e-07 +4.9376e-07 +5.9876e-07 +6.9039e-07 +7.6847e-07 +8.3354e-07 +8.8663e-07 +9.2910e-07
-0000.00050 -4.8328e-04 -4.8272e-04 -4.8201e-04 -4.8115e-04 -4.8015e-04 -4.7906e-04 -4.7792e-04 -4.7683e-04 -4.7590e-04 -4.7523e-04 -4.7491e-04 -4.7495e-04 -4.7534e-04 -4.7601e-04 -4.7686e-04 -4.7779e-04 -4.7871e-04 -4.7955e-04 -4.8028e-04 -4.8088e-04 -4.8137e-04
-0000.00100 -9.6517e-04 -9.6402e-04 -9.6257e-04 -9.6082e-04 -9.5876e-04 -9.5648e-04 -9.5410e-04 -9.5182e-04 -9.4988e-04 -9.4852e-04 -9.4794e-04 -9.4821e-04 -9.4926e-04 -9.5092e-04 -9.5295e-04 -9.5511e-04 -9.5721e-04 -9.5911e-04 -9.6074e-04 -9.6209e-04 -9.6316e-04
-0000.00150 -1.4461e-03 -1.4443e-03 -1.4419e-03 -1.4391e-03 -1.4357e-03 -1.4318e-03 -1.4277e-03 -1.4237e-03 -1.4203e-03 -1.4179e-03 -1.4169e-03 -1.4175e-03 -1.4195e-03 -1.4227e-03 -1.4264e-03 -1.4303e-03 -1.4339e-03 -1.4372e-03 -1.4400e-03 -1.4422e-03 -1.4440e-03
-0000.00200 -1.9257e-03 -1.9230e-03 -1.9196e-03 -1.9153e-03 -1.9100e-03 -1.9039e-03 -1.8972e-03 -1.8904e-03 -1.8844e-03 -1.8802e-03 -1.8785e-03 -1.8797e-03 -1.8836e-03 -1.8892e-03 -1.8956e-03 -1.9021e-03 -1.9080e-03 -1.9131e-03 -1.9174e-03 -1.9208e-03 -1.9234e-03
-0000.00250 -2.4036e-03 -2.3999e-03 -2.3951e-03 -2.3888e-03 -2.3810e-03 -2.3715e-03 -2.3606e-03 -2.3490e-03 -2.3383e-03 -2.3305e-03 -2.3274e-03 -2.3299e-03 -2.3372e-03 -2.3475e-03 -2.3587e-03 -2.3694e-03 -2.3787e-03 -2.3864e-03 -2.3926e-03 -2.3974e-03 -2.4011e-03
