# Author: FAC idanalysis.IDKickMap
# 
# Total Length of Longitudinal Interval [m]
2.77
# Number of Horizontal Points
21
# Number of Vertical Points
11
# Total Horizontal 2nd Order Kick [T2m2]
START
            -0000.00400 -0000.00360 -0000.00320 -0000.00280 -0000.00240 -0000.00200 -0000.00160 -0000.00120 -0000.00080 -0000.00040 +0000.00000 +0000.00040 +0000.00080 +0000.00120 +0000.00160 +0000.00200 +0000.00240 +0000.00280 +0000.00320 +0000.00360 +0000.00400 
+0000.00250 -2.2460e-04 -2.1265e-04 -1.9795e-04 -1.8052e-04 -1.6046e-04 -1.3796e-04 -1.1326e-04 -8.6699e-05 -5.8682e-05 -2.9660e-05 -1.2298e-07 +2.9416e-05 +5.8446e-05 +8.6474e-05 +1.1305e-04 +1.3776e-04 +1.6029e-04 +1.8038e-04 +1.9783e-04 +2.1256e-04 +2.2453e-04 
+0000.00200 -2.3235e-04 -2.1968e-04 -2.0421e-04 -1.8600e-04 -1.6514e-04 -1.4183e-04 -1.1634e-04 -8.9003e-05 -6.0214e-05 -3.0428e-05 -1.3298e-07 +3.0165e-05 +5.9958e-05 +8.8758e-05 +1.1611e-04 +1.4163e-04 +1.6495e-04 +1.8583e-04 +2.0408e-04 +2.1957e-04 +2.3227e-04 
+0000.00150 -2.3850e-04 -2.2525e-04 -2.0919e-04 -1.9035e-04 -1.6887e-04 -1.4493e-04 -1.1881e-04 -9.0844e-05 -6.1439e-05 -3.1043e-05 -1.4053e-07 +3.0764e-05 +6.1168e-05 +9.0585e-05 +1.1856e-04 +1.4471e-04 +1.6867e-04 +1.9018e-04 +2.0904e-04 +2.2513e-04 +2.3841e-04 
+0000.00100 -2.4293e-04 -2.2928e-04 -2.1278e-04 -1.9350e-04 -1.7156e-04 -1.4717e-04 -1.2059e-04 -9.2179e-05 -6.2328e-05 -3.1489e-05 -1.4603e-07 +3.1199e-05 +6.2046e-05 +9.1910e-05 +1.2034e-04 +1.4693e-04 +1.7135e-04 +1.9332e-04 +2.1262e-04 +2.2915e-04 +2.4283e-04 
+0000.00050 -2.4561e-04 -2.3171e-04 -2.1495e-04 -1.9540e-04 -1.7319e-04 -1.4852e-04 -1.2167e-04 -9.2987e-05 -6.2866e-05 -3.1759e-05 -1.4975e-07 +3.1462e-05 +6.2576e-05 +9.2710e-05 +1.2141e-04 +1.4828e-04 +1.7297e-04 +1.9521e-04 +2.1479e-04 +2.3157e-04 +2.4550e-04 
+0000.00000 -2.4650e-04 -2.3252e-04 -2.1567e-04 -1.9604e-04 -1.7373e-04 -1.4897e-04 -1.2203e-04 -9.3257e-05 -6.3046e-05 -3.1850e-05 -1.5187e-07 +3.1549e-05 +6.2753e-05 +9.2976e-05 +1.2177e-04 +1.4873e-04 +1.7351e-04 +1.9584e-04 +2.1551e-04 +2.3238e-04 +2.4640e-04 
-0000.00050 -2.4561e-04 -2.3171e-04 -2.1495e-04 -1.9540e-04 -1.7319e-04 -1.4852e-04 -1.2168e-04 -9.2989e-05 -6.2868e-05 -3.1762e-05 -1.5253e-07 +3.1459e-05 +6.2573e-05 +9.2707e-05 +1.2141e-04 +1.4828e-04 +1.7297e-04 +1.9521e-04 +2.1478e-04 +2.3157e-04 +2.4550e-04 
-0000.00100 -2.4294e-04 -2.2928e-04 -2.1278e-04 -1.9350e-04 -1.7157e-04 -1.4717e-04 -1.2060e-04 -9.2185e-05 -6.2333e-05 -3.1495e-05 -1.5180e-07 +3.1194e-05 +6.2040e-05 +9.1904e-05 +1.2033e-04 +1.4693e-04 +1.7135e-04 +1.9331e-04 +2.1262e-04 +2.2914e-04 +2.4283e-04 
-0000.00150 -2.3850e-04 -2.2526e-04 -2.0919e-04 -1.9036e-04 -1.6887e-04 -1.4494e-04 -1.1882e-04 -9.0853e-05 -6.1448e-05 -3.1052e-05 -1.4972e-07 +3.0755e-05 +6.1159e-05 +9.0576e-05 +1.1856e-04 +1.4470e-04 +1.6866e-04 +1.9017e-04 +2.0903e-04 +2.2512e-04 +2.3840e-04 
-0000.00200 -2.3236e-04 -2.1969e-04 -2.0422e-04 -1.8601e-04 -1.6515e-04 -1.4185e-04 -1.1636e-04 -8.9015e-05 -6.0227e-05 -3.0441e-05 -1.4631e-07 +3.0151e-05 +5.9944e-05 +8.8745e-05 +1.1610e-04 +1.4161e-04 +1.6494e-04 +1.8582e-04 +2.0407e-04 +2.1956e-04 +2.3226e-04 
-0000.00250 -2.2461e-04 -2.1267e-04 -1.9797e-04 -1.8054e-04 -1.6048e-04 -1.3797e-04 -1.1327e-04 -8.6716e-05 -5.8700e-05 -2.9678e-05 -1.4158e-07 +2.9397e-05 +5.8427e-05 +8.6456e-05 +1.1303e-04 +1.3775e-04 +1.6028e-04 +1.8036e-04 +1.9782e-04 +2.1254e-04 +2.2452e-04 
# Total Vertical 2nd Order Kick [T2m2]
START
            -0000.00400 -0000.00360 -0000.00320 -0000.00280 -0000.00240 -0000.00200 -0000.00160 -0000.00120 -0000.00080 -0000.00040 +0000.00000 +0000.00040 +0000.00080 +0000.00120 +0000.00160 +0000.00200 +0000.00240 +0000.00280 +0000.00320 +0000.00360 +0000.00400 
+0000.00250 -5.4507e-04 -5.3859e-04 -5.3277e-04 -5.2764e-04 -5.2320e-04 -5.1947e-04 -5.1644e-04 -5.1409e-04 -5.1243e-04 -5.1143e-04 -5.1110e-04 -5.1143e-04 -5.1242e-04 -5.1408e-04 -5.1642e-04 -5.1945e-04 -5.2318e-04 -5.2761e-04 -5.3274e-04 -5.3855e-04 -5.4503e-04 
+0000.00200 -4.1693e-04 -4.1161e-04 -4.0683e-04 -4.0260e-04 -3.9895e-04 -3.9586e-04 -3.9335e-04 -3.9141e-04 -3.9003e-04 -3.8920e-04 -3.8892e-04 -3.8920e-04 -3.9002e-04 -3.9140e-04 -3.9334e-04 -3.9585e-04 -3.9893e-04 -4.0258e-04 -4.0680e-04 -4.1158e-04 -4.1689e-04 
+0000.00150 -3.0187e-04 -2.9782e-04 -2.9418e-04 -2.9096e-04 -2.8817e-04 -2.8582e-04 -2.8390e-04 -2.8242e-04 -2.8136e-04 -2.8073e-04 -2.8052e-04 -2.8072e-04 -2.8136e-04 -2.8241e-04 -2.8389e-04 -2.8581e-04 -2.8816e-04 -2.9095e-04 -2.9417e-04 -2.9780e-04 -3.0184e-04 
+0000.00100 -1.9620e-04 -1.9349e-04 -1.9104e-04 -1.8888e-04 -1.8700e-04 -1.8542e-04 -1.8413e-04 -1.8313e-04 -1.8241e-04 -1.8199e-04 -1.8185e-04 -1.8199e-04 -1.8241e-04 -1.8312e-04 -1.8412e-04 -1.8541e-04 -1.8700e-04 -1.8887e-04 -1.9103e-04 -1.9348e-04 -1.9619e-04 
+0000.00050 -9.6609e-05 -9.5246e-05 -9.4018e-05 -9.2932e-05 -9.1991e-05 -9.1196e-05 -9.0548e-05 -9.0046e-05 -8.9688e-05 -8.9475e-05 -8.9404e-05 -8.9475e-05 -8.9689e-05 -9.0047e-05 -9.0549e-05 -9.1198e-05 -9.1993e-05 -9.2934e-05 -9.4020e-05 -9.5247e-05 -9.6610e-05 
+0000.00000 +1.0426e-08 +9.7625e-09 +9.0461e-09 +8.3045e-09 +7.5258e-09 +6.7257e-09 +5.8916e-09 +5.0426e-09 +4.1589e-09 +3.2787e-09 +2.4080e-09 +1.5457e-09 +6.9052e-10 -1.3232e-10 -9.1303e-10 -1.6630e-09 -2.3642e-09 -3.0366e-09 -3.6474e-09 -4.2377e-09 -4.7830e-09 
-0000.00050 +9.6630e-05 +9.5265e-05 +9.4037e-05 +9.2949e-05 +9.2006e-05 +9.1210e-05 +9.0560e-05 +9.0056e-05 +8.9697e-05 +8.9482e-05 +8.9409e-05 +8.9478e-05 +8.9691e-05 +9.0047e-05 +9.0548e-05 +9.1195e-05 +9.1988e-05 +9.2928e-05 +9.4013e-05 +9.5239e-05 +9.6600e-05 
-0000.00100 +1.9623e-04 +1.9351e-04 +1.9106e-04 +1.8889e-04 +1.8702e-04 +1.8543e-04 +1.8414e-04 +1.8314e-04 +1.8242e-04 +1.8200e-04 +1.8185e-04 +1.8199e-04 +1.8241e-04 +1.8312e-04 +1.8412e-04 +1.8541e-04 +1.8699e-04 +1.8886e-04 +1.9103e-04 +1.9347e-04 +1.9618e-04 
-0000.00150 +3.0189e-04 +2.9785e-04 +2.9420e-04 +2.9098e-04 +2.8819e-04 +2.8583e-04 +2.8391e-04 +2.8243e-04 +2.8137e-04 +2.8073e-04 +2.8052e-04 +2.8073e-04 +2.8136e-04 +2.8241e-04 +2.8389e-04 +2.8581e-04 +2.8816e-04 +2.9094e-04 +2.9416e-04 +2.9779e-04 +3.0184e-04 
-0000.00200 +4.1695e-04 +4.1163e-04 +4.0685e-04 +4.0262e-04 +3.9896e-04 +3.9588e-04 +3.9336e-04 +3.9142e-04 +3.9004e-04 +3.8921e-04 +3.8893e-04 +3.8920e-04 +3.9002e-04 +3.9140e-04 +3.9334e-04 +3.9584e-04 +3.9892e-04 +4.0257e-04 +4.0679e-04 +4.1157e-04 +4.1688e-04 
-0000.00250 +5.4510e-04 +5.3862e-04 +5.3280e-04 +5.2766e-04 +5.2322e-04 +5.1949e-04 +5.1645e-04 +5.1411e-04 +5.1244e-04 +5.1144e-04 +5.1111e-04 +5.1144e-04 +5.1243e-04 +5.1408e-04 +5.1642e-04 +5.1945e-04 +5.2318e-04 +5.2760e-04 +5.3273e-04 +5.3854e-04 +5.4502e-04 
# Horizontal Final Position [m]
START
            -0000.00400 -0000.00360 -0000.00320 -0000.00280 -0000.00240 -0000.00200 -0000.00160 -0000.00120 -0000.00080 -0000.00040 +0000.00000 +0000.00040 +0000.00080 +0000.00120 +0000.00160 +0000.00200 +0000.00240 +0000.00280 +0000.00320 +0000.00360 +0000.00400 
+0000.00250 -4.0099e-03 -3.6096e-03 -3.2092e-03 -2.8087e-03 -2.4081e-03 -2.0075e-03 -1.6068e-03 -1.2061e-03 -8.0531e-04 -4.0451e-04 -3.7056e-06 +3.9710e-04 +7.9788e-04 +1.1986e-03 +1.5994e-03 +2.0000e-03 +2.4006e-03 +2.8012e-03 +3.2016e-03 +3.6020e-03 +4.0023e-03 
+0000.00200 -4.0102e-03 -3.6098e-03 -3.2094e-03 -2.8088e-03 -2.4083e-03 -2.0076e-03 -1.6069e-03 -1.2062e-03 -8.0537e-04 -4.0456e-04 -3.7311e-06 +3.9709e-04 +7.9790e-04 +1.1987e-03 +1.5994e-03 +2.0001e-03 +2.4007e-03 +2.8013e-03 +3.2018e-03 +3.6022e-03 +4.0025e-03 
+0000.00150 -4.0103e-03 -3.6100e-03 -3.2095e-03 -2.8090e-03 -2.4084e-03 -2.0077e-03 -1.6070e-03 -1.2062e-03 -8.0543e-04 -4.0459e-04 -3.7523e-06 +3.9709e-04 +7.9791e-04 +1.1987e-03 +1.5995e-03 +2.0002e-03 +2.4008e-03 +2.8014e-03 +3.2019e-03 +3.6023e-03 +4.0027e-03 
+0000.00100 -4.0105e-03 -3.6101e-03 -3.2096e-03 -2.8091e-03 -2.4085e-03 -2.0078e-03 -1.6071e-03 -1.2063e-03 -8.0547e-04 -4.0462e-04 -3.7696e-06 +3.9708e-04 +7.9792e-04 +1.1987e-03 +1.5995e-03 +2.0002e-03 +2.4009e-03 +2.8015e-03 +3.2020e-03 +3.6024e-03 +4.0028e-03 
+0000.00050 -4.0105e-03 -3.6102e-03 -3.2097e-03 -2.8091e-03 -2.4085e-03 -2.0078e-03 -1.6071e-03 -1.2063e-03 -8.0550e-04 -4.0465e-04 -3.7836e-06 +3.9708e-04 +7.9792e-04 +1.1987e-03 +1.5995e-03 +2.0002e-03 +2.4009e-03 +2.8015e-03 +3.2020e-03 +3.6025e-03 +4.0028e-03 
+0000.00000 -4.0106e-03 -3.6102e-03 -3.2097e-03 -2.8092e-03 -2.4086e-03 -2.0079e-03 -1.6071e-03 -1.2063e-03 -8.0551e-04 -4.0466e-04 -3.7947e-06 +3.9707e-04 +7.9792e-04 +1.1987e-03 +1.5995e-03 +2.0002e-03 +2.4009e-03 +2.8015e-03 +3.2020e-03 +3.6025e-03 +4.0028e-03 
-0000.00050 -4.0106e-03 -3.6102e-03 -3.2097e-03 -2.8092e-03 -2.4085e-03 -2.0079e-03 -1.6071e-03 -1.2063e-03 -8.0551e-04 -4.0466e-04 -3.8030e-06 +3.9706e-04 +7.9790e-04 +1.1987e-03 +1.5995e-03 +2.0002e-03 +2.4009e-03 +2.8015e-03 +3.2020e-03 +3.6024e-03 +4.0028e-03 
-0000.00100 -4.0105e-03 -3.6101e-03 -3.2096e-03 -2.8091e-03 -2.4085e-03 -2.0078e-03 -1.6071e-03 -1.2063e-03 -8.0551e-04 -4.0466e-04 -3.8089e-06 +3.9704e-04 +7.9788e-04 +1.1987e-03 +1.5995e-03 +2.0002e-03 +2.4008e-03 +2.8014e-03 +3.2019e-03 +3.6024e-03 +4.0027e-03 
-0000.00150 -4.0104e-03 -3.6100e-03 -3.2096e-03 -2.8090e-03 -2.4084e-03 -2.0078e-03 -1.6071e-03 -1.2063e-03 -8.0549e-04 -4.0465e-04 -3.8124e-06 +3.9703e-04 +7.9785e-04 +1.1987e-03 +1.5994e-03 +2.0001e-03 +2.4008e-03 +2.8013e-03 +3.2018e-03 +3.6023e-03 +4.0026e-03 
-0000.00200 -4.0102e-03 -3.6099e-03 -3.2094e-03 -2.8089e-03 -2.4083e-03 -2.0077e-03 -1.6070e-03 -1.2062e-03 -8.0545e-04 -4.0464e-04 -3.8136e-06 +3.9701e-04 +7.9782e-04 +1.1986e-03 +1.5993e-03 +2.0000e-03 +2.4007e-03 +2.8012e-03 +3.2017e-03 +3.6021e-03 +4.0024e-03 
-0000.00250 -4.0100e-03 -3.6097e-03 -3.2093e-03 -2.8088e-03 -2.4082e-03 -2.0076e-03 -1.6069e-03 -1.2062e-03 -8.0541e-04 -4.0462e-04 -3.8127e-06 +3.9699e-04 +7.9778e-04 +1.1985e-03 +1.5993e-03 +1.9999e-03 +2.4005e-03 +2.8011e-03 +3.2015e-03 +3.6019e-03 +4.0022e-03 
# Vertical Final Position [m]
START
            -0000.00400 -0000.00360 -0000.00320 -0000.00280 -0000.00240 -0000.00200 -0000.00160 -0000.00120 -0000.00080 -0000.00040 +0000.00000 +0000.00040 +0000.00080 +0000.00120 +0000.00160 +0000.00200 +0000.00240 +0000.00280 +0000.00320 +0000.00360 +0000.00400 
+0000.00250 +2.4850e-03 +2.4852e-03 +2.4853e-03 +2.4855e-03 +2.4856e-03 +2.4857e-03 +2.4858e-03 +2.4859e-03 +2.4860e-03 +2.4860e-03 +2.4861e-03 +2.4861e-03 +2.4861e-03 +2.4861e-03 +2.4860e-03 +2.4860e-03 +2.4859e-03 +2.4858e-03 +2.4856e-03 +2.4855e-03 +2.4853e-03 
+0000.00200 +1.9885e-03 +1.9886e-03 +1.9888e-03 +1.9889e-03 +1.9890e-03 +1.9891e-03 +1.9892e-03 +1.9893e-03 +1.9893e-03 +1.9894e-03 +1.9894e-03 +1.9894e-03 +1.9894e-03 +1.9894e-03 +1.9894e-03 +1.9893e-03 +1.9892e-03 +1.9891e-03 +1.9890e-03 +1.9889e-03 +1.9888e-03 
+0000.00150 +1.4916e-03 +1.4918e-03 +1.4919e-03 +1.4920e-03 +1.4921e-03 +1.4921e-03 +1.4922e-03 +1.4923e-03 +1.4923e-03 +1.4923e-03 +1.4924e-03 +1.4924e-03 +1.4924e-03 +1.4924e-03 +1.4923e-03 +1.4923e-03 +1.4922e-03 +1.4922e-03 +1.4921e-03 +1.4920e-03 +1.4919e-03 
+0000.00100 +9.9455e-04 +9.9463e-04 +9.9471e-04 +9.9477e-04 +9.9484e-04 +9.9489e-04 +9.9494e-04 +9.9497e-04 +9.9501e-04 +9.9503e-04 +9.9505e-04 +9.9505e-04 +9.9506e-04 +9.9505e-04 +9.9503e-04 +9.9501e-04 +9.9498e-04 +9.9493e-04 +9.9489e-04 +9.9483e-04 +9.9476e-04 
+0000.00050 +4.9728e-04 +4.9732e-04 +4.9737e-04 +4.9740e-04 +4.9744e-04 +4.9747e-04 +4.9749e-04 +4.9752e-04 +4.9754e-04 +4.9755e-04 +4.9756e-04 +4.9757e-04 +4.9758e-04 +4.9758e-04 +4.9757e-04 +4.9756e-04 +4.9755e-04 +4.9753e-04 +4.9751e-04 +4.9749e-04 +4.9746e-04 
+0000.00000 -6.9990e-08 -6.4000e-08 -5.7723e-08 -5.1175e-08 -4.4375e-08 -3.7347e-08 -3.0122e-08 -2.2733e-08 -1.5217e-08 -7.6141e-09 +3.2406e-11 +7.6792e-09 +1.5283e-08 +2.2800e-08 +3.0192e-08 +3.7420e-08 +4.4451e-08 +5.1255e-08 +5.7808e-08 +6.4089e-08 +7.0084e-08 
-0000.00050 -4.9742e-04 -4.9745e-04 -4.9748e-04 -4.9751e-04 -4.9753e-04 -4.9754e-04 -4.9756e-04 -4.9756e-04 -4.9757e-04 -4.9757e-04 -4.9756e-04 -4.9756e-04 -4.9755e-04 -4.9753e-04 -4.9751e-04 -4.9749e-04 -4.9746e-04 -4.9743e-04 -4.9739e-04 -4.9736e-04 -4.9731e-04 
-0000.00100 -9.9469e-04 -9.9476e-04 -9.9483e-04 -9.9488e-04 -9.9493e-04 -9.9497e-04 -9.9500e-04 -9.9502e-04 -9.9504e-04 -9.9505e-04 -9.9505e-04 -9.9504e-04 -9.9502e-04 -9.9500e-04 -9.9497e-04 -9.9493e-04 -9.9488e-04 -9.9483e-04 -9.9476e-04 -9.9469e-04 -9.9462e-04 
-0000.00150 -1.4918e-03 -1.4919e-03 -1.4920e-03 -1.4921e-03 -1.4922e-03 -1.4922e-03 -1.4923e-03 -1.4923e-03 -1.4923e-03 -1.4924e-03 -1.4924e-03 -1.4924e-03 -1.4923e-03 -1.4923e-03 -1.4923e-03 -1.4922e-03 -1.4921e-03 -1.4921e-03 -1.4920e-03 -1.4919e-03 -1.4918e-03 
-0000.00200 -1.9887e-03 -1.9888e-03 -1.9889e-03 -1.9890e-03 -1.9891e-03 -1.9892e-03 -1.9893e-03 -1.9893e-03 -1.9894e-03 -1.9894e-03 -1.9894e-03 -1.9894e-03 -1.9894e-03 -1.9893e-03 -1.9893e-03 -1.9892e-03 -1.9891e-03 -1.9890e-03 -1.9889e-03 -1.9888e-03 -1.9886e-03 
-0000.00250 -2.4852e-03 -2.4853e-03 -2.4855e-03 -2.4856e-03 -2.4857e-03 -2.4858e-03 -2.4859e-03 -2.4860e-03 -2.4860e-03 -2.4861e-03 -2.4861e-03 -2.4861e-03 -2.4860e-03 -2.4860e-03 -2.4859e-03 -2.4859e-03 -2.4858e-03 -2.4856e-03 -2.4855e-03 -2.4853e-03 -2.4851e-03 