# Author: FAC idanalysis.IDKickMap
# 
# Total Length of Longitudinal Interval [m]
2.654
# Number of Horizontal Points
21
# Number of Vertical Points
11
# Total Horizontal 2nd Order Kick [T2m2]
START
            -0000.00400 -0000.00360 -0000.00320 -0000.00280 -0000.00240 -0000.00200 -0000.00160 -0000.00120 -0000.00080 -0000.00040 +0000.00000 +0000.00040 +0000.00080 +0000.00120 +0000.00160 +0000.00200 +0000.00240 +0000.00280 +0000.00320 +0000.00360 +0000.00400 
+0000.00250 -8.0847e-04 -7.2655e-04 -6.4499e-04 -5.6374e-04 -4.8276e-04 -4.0202e-04 -3.2147e-04 -2.4108e-04 -1.6081e-04 -8.0611e-05 -4.5539e-07 +7.9700e-05 +1.5989e-04 +2.4017e-04 +3.2056e-04 +4.0110e-04 +4.8184e-04 +5.6282e-04 +6.4406e-04 +7.2562e-04 +8.0753e-04 
+0000.00200 -8.0980e-04 -7.2775e-04 -6.4605e-04 -5.6467e-04 -4.8356e-04 -4.0268e-04 -3.2200e-04 -2.4148e-04 -1.6107e-04 -8.0743e-05 -4.5485e-07 +7.9834e-05 +1.6016e-04 +2.4057e-04 +3.2109e-04 +4.0177e-04 +4.8264e-04 +5.6375e-04 +6.4513e-04 +7.2682e-04 +8.0887e-04 
+0000.00150 -8.1083e-04 -7.2868e-04 -6.4688e-04 -5.6539e-04 -4.8418e-04 -4.0320e-04 -3.2241e-04 -2.4179e-04 -1.6128e-04 -8.0846e-05 -4.5444e-07 +7.9937e-05 +1.6037e-04 +2.4088e-04 +3.2150e-04 +4.0228e-04 +4.8326e-04 +5.6447e-04 +6.4595e-04 +7.2775e-04 +8.0990e-04 
+0000.00100 -8.1157e-04 -7.2934e-04 -6.4747e-04 -5.6590e-04 -4.8462e-04 -4.0356e-04 -3.2271e-04 -2.4201e-04 -1.6142e-04 -8.0919e-05 -4.5414e-07 +8.0010e-05 +1.6051e-04 +2.4110e-04 +3.2179e-04 +4.0265e-04 +4.8370e-04 +5.6498e-04 +6.4654e-04 +7.2841e-04 +8.1063e-04 
+0000.00050 -8.1201e-04 -7.2974e-04 -6.4782e-04 -5.6621e-04 -4.8488e-04 -4.0378e-04 -3.2288e-04 -2.4214e-04 -1.6151e-04 -8.0963e-05 -4.5395e-07 +8.0054e-05 +1.6060e-04 +2.4123e-04 +3.2197e-04 +4.0287e-04 +4.8396e-04 +5.6529e-04 +6.4689e-04 +7.2881e-04 +8.1108e-04 
+0000.00000 -8.1215e-04 -7.2987e-04 -6.4793e-04 -5.6631e-04 -4.8497e-04 -4.0386e-04 -3.2294e-04 -2.4218e-04 -1.6154e-04 -8.0977e-05 -4.5389e-07 +8.0069e-05 +1.6063e-04 +2.4127e-04 +3.2203e-04 +4.0294e-04 +4.8405e-04 +5.6539e-04 +6.4701e-04 +7.2894e-04 +8.1122e-04 
-0000.00050 -8.1201e-04 -7.2974e-04 -6.4782e-04 -5.6621e-04 -4.8488e-04 -4.0378e-04 -3.2288e-04 -2.4214e-04 -1.6151e-04 -8.0963e-05 -4.5395e-07 +8.0054e-05 +1.6060e-04 +2.4123e-04 +3.2197e-04 +4.0287e-04 +4.8396e-04 +5.6529e-04 +6.4689e-04 +7.2881e-04 +8.1108e-04 
-0000.00100 -8.1157e-04 -7.2934e-04 -6.4747e-04 -5.6590e-04 -4.8462e-04 -4.0356e-04 -3.2271e-04 -2.4201e-04 -1.6142e-04 -8.0919e-05 -4.5414e-07 +8.0010e-05 +1.6051e-04 +2.4110e-04 +3.2179e-04 +4.0265e-04 +4.8370e-04 +5.6498e-04 +6.4654e-04 +7.2841e-04 +8.1063e-04 
-0000.00150 -8.1083e-04 -7.2868e-04 -6.4688e-04 -5.6539e-04 -4.8418e-04 -4.0320e-04 -3.2241e-04 -2.4179e-04 -1.6128e-04 -8.0846e-05 -4.5444e-07 +7.9937e-05 +1.6037e-04 +2.4088e-04 +3.2150e-04 +4.0228e-04 +4.8326e-04 +5.6447e-04 +6.4595e-04 +7.2775e-04 +8.0990e-04 
-0000.00200 -8.0980e-04 -7.2775e-04 -6.4605e-04 -5.6467e-04 -4.8356e-04 -4.0268e-04 -3.2200e-04 -2.4148e-04 -1.6107e-04 -8.0743e-05 -4.5485e-07 +7.9834e-05 +1.6016e-04 +2.4057e-04 +3.2109e-04 +4.0177e-04 +4.8264e-04 +5.6375e-04 +6.4513e-04 +7.2682e-04 +8.0887e-04 
-0000.00250 -8.0847e-04 -7.2655e-04 -6.4499e-04 -5.6374e-04 -4.8276e-04 -4.0202e-04 -3.2147e-04 -2.4108e-04 -1.6081e-04 -8.0611e-05 -4.5538e-07 +7.9700e-05 +1.5989e-04 +2.4017e-04 +3.2056e-04 +4.0110e-04 +4.8184e-04 +5.6282e-04 +6.4406e-04 +7.2562e-04 +8.0753e-04 
# Total Vertical 2nd Order Kick [T2m2]
START
            -0000.00400 -0000.00360 -0000.00320 -0000.00280 -0000.00240 -0000.00200 -0000.00160 -0000.00120 -0000.00080 -0000.00040 +0000.00000 +0000.00040 +0000.00080 +0000.00120 +0000.00160 +0000.00200 +0000.00240 +0000.00280 +0000.00320 +0000.00360 +0000.00400 
+0000.00250 -3.3621e-03 -3.3610e-03 -3.3600e-03 -3.3591e-03 -3.3583e-03 -3.3577e-03 -3.3572e-03 -3.3567e-03 -3.3564e-03 -3.3563e-03 -3.3562e-03 -3.3563e-03 -3.3564e-03 -3.3567e-03 -3.3571e-03 -3.3577e-03 -3.3583e-03 -3.3591e-03 -3.3600e-03 -3.3610e-03 -3.3621e-03 
+0000.00200 -2.6846e-03 -2.6837e-03 -2.6829e-03 -2.6822e-03 -2.6815e-03 -2.6810e-03 -2.6806e-03 -2.6803e-03 -2.6800e-03 -2.6799e-03 -2.6798e-03 -2.6799e-03 -2.6800e-03 -2.6803e-03 -2.6806e-03 -2.6810e-03 -2.6815e-03 -2.6821e-03 -2.6829e-03 -2.6837e-03 -2.6846e-03 
+0000.00150 -2.0104e-03 -2.0098e-03 -2.0092e-03 -2.0086e-03 -2.0082e-03 -2.0078e-03 -2.0075e-03 -2.0072e-03 -2.0070e-03 -2.0069e-03 -2.0069e-03 -2.0069e-03 -2.0070e-03 -2.0072e-03 -2.0075e-03 -2.0078e-03 -2.0082e-03 -2.0086e-03 -2.0091e-03 -2.0097e-03 -2.0104e-03 
+0000.00100 -1.3389e-03 -1.3384e-03 -1.3380e-03 -1.3377e-03 -1.3374e-03 -1.3371e-03 -1.3369e-03 -1.3367e-03 -1.3366e-03 -1.3365e-03 -1.3365e-03 -1.3365e-03 -1.3366e-03 -1.3367e-03 -1.3369e-03 -1.3371e-03 -1.3374e-03 -1.3377e-03 -1.3380e-03 -1.3384e-03 -1.3389e-03 
+0000.00050 -6.6900e-04 -6.6878e-04 -6.6858e-04 -6.6840e-04 -6.6825e-04 -6.6812e-04 -6.6802e-04 -6.6793e-04 -6.6788e-04 -6.6784e-04 -6.6783e-04 -6.6784e-04 -6.6787e-04 -6.6793e-04 -6.6801e-04 -6.6812e-04 -6.6825e-04 -6.6840e-04 -6.6858e-04 -6.6878e-04 -6.6900e-04 
+0000.00000 +1.5907e-12 +1.7352e-12 +1.0080e-12 +1.2330e-12 +1.0523e-12 +1.0207e-12 +8.9172e-13 +4.6171e-13 +2.9028e-13 -9.2306e-14 -4.2955e-14 -4.1664e-14 -5.0884e-13 -5.2786e-13 -4.0178e-13 -8.0282e-13 -1.1512e-12 -1.1208e-12 -1.1242e-12 -1.7353e-12 -1.6232e-12 
-0000.00050 +6.6900e-04 +6.6878e-04 +6.6858e-04 +6.6840e-04 +6.6825e-04 +6.6812e-04 +6.6802e-04 +6.6793e-04 +6.6788e-04 +6.6784e-04 +6.6783e-04 +6.6784e-04 +6.6787e-04 +6.6793e-04 +6.6801e-04 +6.6812e-04 +6.6825e-04 +6.6840e-04 +6.6858e-04 +6.6878e-04 +6.6900e-04 
-0000.00100 +1.3389e-03 +1.3384e-03 +1.3380e-03 +1.3377e-03 +1.3374e-03 +1.3371e-03 +1.3369e-03 +1.3367e-03 +1.3366e-03 +1.3365e-03 +1.3365e-03 +1.3365e-03 +1.3366e-03 +1.3367e-03 +1.3369e-03 +1.3371e-03 +1.3374e-03 +1.3377e-03 +1.3380e-03 +1.3384e-03 +1.3389e-03 
-0000.00150 +2.0104e-03 +2.0098e-03 +2.0092e-03 +2.0086e-03 +2.0082e-03 +2.0078e-03 +2.0075e-03 +2.0072e-03 +2.0070e-03 +2.0069e-03 +2.0069e-03 +2.0069e-03 +2.0070e-03 +2.0072e-03 +2.0075e-03 +2.0078e-03 +2.0082e-03 +2.0086e-03 +2.0091e-03 +2.0097e-03 +2.0104e-03 
-0000.00200 +2.6846e-03 +2.6837e-03 +2.6829e-03 +2.6822e-03 +2.6815e-03 +2.6810e-03 +2.6806e-03 +2.6803e-03 +2.6800e-03 +2.6799e-03 +2.6798e-03 +2.6799e-03 +2.6800e-03 +2.6803e-03 +2.6806e-03 +2.6810e-03 +2.6815e-03 +2.6821e-03 +2.6829e-03 +2.6837e-03 +2.6846e-03 
-0000.00250 +3.3621e-03 +3.3610e-03 +3.3600e-03 +3.3591e-03 +3.3583e-03 +3.3577e-03 +3.3572e-03 +3.3567e-03 +3.3564e-03 +3.3563e-03 +3.3562e-03 +3.3563e-03 +3.3564e-03 +3.3567e-03 +3.3571e-03 +3.3577e-03 +3.3583e-03 +3.3591e-03 +3.3600e-03 +3.3610e-03 +3.3621e-03 
# Horizontal Final Position [m]
START
            -0000.00400 -0000.00360 -0000.00320 -0000.00280 -0000.00240 -0000.00200 -0000.00160 -0000.00120 -0000.00080 -0000.00040 +0000.00000 +0000.00040 +0000.00080 +0000.00120 +0000.00160 +0000.00200 +0000.00240 +0000.00280 +0000.00320 +0000.00360 +0000.00400 
+0000.00250 -4.0250e-03 -3.6229e-03 -3.2208e-03 -2.8188e-03 -2.4167e-03 -2.0146e-03 -1.6126e-03 -1.2105e-03 -8.0847e-04 -4.0643e-04 -4.3769e-06 +3.9767e-04 +7.9972e-04 +1.2018e-03 +1.6038e-03 +2.0059e-03 +2.4080e-03 +2.8100e-03 +3.2121e-03 +3.6142e-03 +4.0163e-03 
+0000.00200 -4.0251e-03 -3.6230e-03 -3.2209e-03 -2.8188e-03 -2.4167e-03 -2.0147e-03 -1.6126e-03 -1.2105e-03 -8.0848e-04 -4.0643e-04 -4.3760e-06 +3.9768e-04 +7.9973e-04 +1.2018e-03 +1.6038e-03 +2.0059e-03 +2.4080e-03 +2.8100e-03 +3.2121e-03 +3.6142e-03 +4.0163e-03 
+0000.00150 -4.0251e-03 -3.6230e-03 -3.2209e-03 -2.8188e-03 -2.4167e-03 -2.0147e-03 -1.6126e-03 -1.2105e-03 -8.0849e-04 -4.0643e-04 -4.3753e-06 +3.9768e-04 +7.9974e-04 +1.2018e-03 +1.6039e-03 +2.0059e-03 +2.4080e-03 +2.8101e-03 +3.2122e-03 +3.6142e-03 +4.0163e-03 
+0000.00100 -4.0251e-03 -3.6230e-03 -3.2209e-03 -2.8188e-03 -2.4167e-03 -2.0147e-03 -1.6126e-03 -1.2105e-03 -8.0849e-04 -4.0643e-04 -4.3747e-06 +3.9768e-04 +7.9974e-04 +1.2018e-03 +1.6039e-03 +2.0059e-03 +2.4080e-03 +2.8101e-03 +3.2122e-03 +3.6143e-03 +4.0164e-03 
+0000.00050 -4.0251e-03 -3.6230e-03 -3.2209e-03 -2.8188e-03 -2.4168e-03 -2.0147e-03 -1.6126e-03 -1.2106e-03 -8.0849e-04 -4.0643e-04 -4.3744e-06 +3.9768e-04 +7.9974e-04 +1.2018e-03 +1.6039e-03 +2.0059e-03 +2.4080e-03 +2.8101e-03 +3.2122e-03 +3.6143e-03 +4.0164e-03 
+0000.00000 -4.0251e-03 -3.6230e-03 -3.2209e-03 -2.8188e-03 -2.4168e-03 -2.0147e-03 -1.6126e-03 -1.2106e-03 -8.0849e-04 -4.0643e-04 -4.3743e-06 +3.9768e-04 +7.9974e-04 +1.2018e-03 +1.6039e-03 +2.0059e-03 +2.4080e-03 +2.8101e-03 +3.2122e-03 +3.6143e-03 +4.0164e-03 
-0000.00050 -4.0251e-03 -3.6230e-03 -3.2209e-03 -2.8188e-03 -2.4168e-03 -2.0147e-03 -1.6126e-03 -1.2106e-03 -8.0849e-04 -4.0643e-04 -4.3744e-06 +3.9768e-04 +7.9974e-04 +1.2018e-03 +1.6039e-03 +2.0059e-03 +2.4080e-03 +2.8101e-03 +3.2122e-03 +3.6143e-03 +4.0164e-03 
-0000.00100 -4.0251e-03 -3.6230e-03 -3.2209e-03 -2.8188e-03 -2.4167e-03 -2.0147e-03 -1.6126e-03 -1.2105e-03 -8.0849e-04 -4.0643e-04 -4.3747e-06 +3.9768e-04 +7.9974e-04 +1.2018e-03 +1.6039e-03 +2.0059e-03 +2.4080e-03 +2.8101e-03 +3.2122e-03 +3.6143e-03 +4.0164e-03 
-0000.00150 -4.0251e-03 -3.6230e-03 -3.2209e-03 -2.8188e-03 -2.4167e-03 -2.0147e-03 -1.6126e-03 -1.2105e-03 -8.0849e-04 -4.0643e-04 -4.3753e-06 +3.9768e-04 +7.9974e-04 +1.2018e-03 +1.6039e-03 +2.0059e-03 +2.4080e-03 +2.8101e-03 +3.2122e-03 +3.6142e-03 +4.0163e-03 
-0000.00200 -4.0251e-03 -3.6230e-03 -3.2209e-03 -2.8188e-03 -2.4167e-03 -2.0147e-03 -1.6126e-03 -1.2105e-03 -8.0848e-04 -4.0643e-04 -4.3760e-06 +3.9768e-04 +7.9973e-04 +1.2018e-03 +1.6038e-03 +2.0059e-03 +2.4080e-03 +2.8100e-03 +3.2121e-03 +3.6142e-03 +4.0163e-03 
-0000.00250 -4.0250e-03 -3.6229e-03 -3.2208e-03 -2.8188e-03 -2.4167e-03 -2.0146e-03 -1.6126e-03 -1.2105e-03 -8.0847e-04 -4.0643e-04 -4.3769e-06 +3.9767e-04 +7.9972e-04 +1.2018e-03 +1.6038e-03 +2.0059e-03 +2.4080e-03 +2.8100e-03 +3.2121e-03 +3.6142e-03 +4.0163e-03 
# Vertical Final Position [m]
START
            -0000.00400 -0000.00360 -0000.00320 -0000.00280 -0000.00240 -0000.00200 -0000.00160 -0000.00120 -0000.00080 -0000.00040 +0000.00000 +0000.00040 +0000.00080 +0000.00120 +0000.00160 +0000.00200 +0000.00240 +0000.00280 +0000.00320 +0000.00360 +0000.00400 
+0000.00250 +2.4139e-03 +2.4140e-03 +2.4140e-03 +2.4140e-03 +2.4140e-03 +2.4141e-03 +2.4141e-03 +2.4141e-03 +2.4141e-03 +2.4141e-03 +2.4141e-03 +2.4141e-03 +2.4141e-03 +2.4141e-03 +2.4141e-03 +2.4140e-03 +2.4140e-03 +2.4140e-03 +2.4140e-03 +2.4140e-03 +2.4139e-03 
+0000.00200 +1.9313e-03 +1.9313e-03 +1.9313e-03 +1.9313e-03 +1.9314e-03 +1.9314e-03 +1.9314e-03 +1.9314e-03 +1.9314e-03 +1.9314e-03 +1.9314e-03 +1.9314e-03 +1.9314e-03 +1.9314e-03 +1.9314e-03 +1.9314e-03 +1.9314e-03 +1.9313e-03 +1.9313e-03 +1.9313e-03 +1.9313e-03 
+0000.00150 +1.4485e-03 +1.4486e-03 +1.4486e-03 +1.4486e-03 +1.4486e-03 +1.4486e-03 +1.4486e-03 +1.4486e-03 +1.4486e-03 +1.4486e-03 +1.4486e-03 +1.4486e-03 +1.4486e-03 +1.4486e-03 +1.4486e-03 +1.4486e-03 +1.4486e-03 +1.4486e-03 +1.4486e-03 +1.4485e-03 +1.4485e-03 
+0000.00100 +9.6573e-04 +9.6574e-04 +9.6575e-04 +9.6576e-04 +9.6577e-04 +9.6577e-04 +9.6578e-04 +9.6578e-04 +9.6579e-04 +9.6579e-04 +9.6579e-04 +9.6579e-04 +9.6578e-04 +9.6578e-04 +9.6578e-04 +9.6577e-04 +9.6576e-04 +9.6576e-04 +9.6575e-04 +9.6574e-04 +9.6572e-04 
+0000.00050 +4.8288e-04 +4.8288e-04 +4.8289e-04 +4.8289e-04 +4.8289e-04 +4.8290e-04 +4.8290e-04 +4.8290e-04 +4.8290e-04 +4.8290e-04 +4.8290e-04 +4.8290e-04 +4.8290e-04 +4.8290e-04 +4.8290e-04 +4.8290e-04 +4.8289e-04 +4.8289e-04 +4.8288e-04 +4.8288e-04 +4.8287e-04 
+0000.00000 +4.1761e-14 +3.8691e-14 +3.2470e-14 +2.9592e-14 +2.5704e-14 +2.2290e-14 +1.8482e-14 +1.2335e-14 +9.4003e-15 +2.7531e-15 +2.6798e-15 -1.1757e-15 -7.9540e-15 -1.2137e-14 -1.1939e-14 -1.9716e-14 -2.3943e-14 -2.6193e-14 -2.9534e-14 -3.6883e-14 -3.8510e-14 
-0000.00050 -4.8288e-04 -4.8288e-04 -4.8289e-04 -4.8289e-04 -4.8289e-04 -4.8290e-04 -4.8290e-04 -4.8290e-04 -4.8290e-04 -4.8290e-04 -4.8290e-04 -4.8290e-04 -4.8290e-04 -4.8290e-04 -4.8290e-04 -4.8290e-04 -4.8289e-04 -4.8289e-04 -4.8288e-04 -4.8288e-04 -4.8287e-04 
-0000.00100 -9.6573e-04 -9.6574e-04 -9.6575e-04 -9.6576e-04 -9.6577e-04 -9.6577e-04 -9.6578e-04 -9.6578e-04 -9.6579e-04 -9.6579e-04 -9.6579e-04 -9.6579e-04 -9.6578e-04 -9.6578e-04 -9.6578e-04 -9.6577e-04 -9.6576e-04 -9.6576e-04 -9.6575e-04 -9.6574e-04 -9.6572e-04 
-0000.00150 -1.4485e-03 -1.4486e-03 -1.4486e-03 -1.4486e-03 -1.4486e-03 -1.4486e-03 -1.4486e-03 -1.4486e-03 -1.4486e-03 -1.4486e-03 -1.4486e-03 -1.4486e-03 -1.4486e-03 -1.4486e-03 -1.4486e-03 -1.4486e-03 -1.4486e-03 -1.4486e-03 -1.4486e-03 -1.4485e-03 -1.4485e-03 
-0000.00200 -1.9313e-03 -1.9313e-03 -1.9313e-03 -1.9313e-03 -1.9314e-03 -1.9314e-03 -1.9314e-03 -1.9314e-03 -1.9314e-03 -1.9314e-03 -1.9314e-03 -1.9314e-03 -1.9314e-03 -1.9314e-03 -1.9314e-03 -1.9314e-03 -1.9314e-03 -1.9313e-03 -1.9313e-03 -1.9313e-03 -1.9313e-03 
-0000.00250 -2.4139e-03 -2.4140e-03 -2.4140e-03 -2.4140e-03 -2.4140e-03 -2.4141e-03 -2.4141e-03 -2.4141e-03 -2.4141e-03 -2.4141e-03 -2.4141e-03 -2.4141e-03 -2.4141e-03 -2.4141e-03 -2.4141e-03 -2.4140e-03 -2.4140e-03 -2.4140e-03 -2.4140e-03 -2.4140e-03 -2.4139e-03 