# Author: FAC idanalysis.IDKickMap
# 
# Total Length of Longitudinal Interval [m]
2.654
# Number of Horizontal Points
21
# Number of Vertical Points
11
# Total Horizontal 2nd Order Kick [T2m2]
START
            -0000.00400 -0000.00360 -0000.00320 -0000.00280 -0000.00240 -0000.00200 -0000.00160 -0000.00120 -0000.00080 -0000.00040 +0000.00000 +0000.00040 +0000.00080 +0000.00120 +0000.00160 +0000.00200 +0000.00240 +0000.00280 +0000.00320 +0000.00360 +0000.00400 
+0000.00250 -8.8573e-04 -7.9580e-04 -7.0631e-04 -6.1722e-04 -5.2848e-04 -4.4003e-04 -3.5183e-04 -2.6383e-04 -1.7598e-04 -8.8225e-05 -5.2206e-07 +8.7181e-05 +1.7493e-04 +2.6278e-04 +3.5078e-04 +4.3898e-04 +5.2742e-04 +6.1616e-04 +7.0525e-04 +7.9473e-04 +8.8466e-04 
+0000.00200 -8.8760e-04 -7.9747e-04 -7.0780e-04 -6.1852e-04 -5.2959e-04 -4.4096e-04 -3.5257e-04 -2.6438e-04 -1.7635e-04 -8.8410e-05 -5.2196e-07 +8.7366e-05 +1.7530e-04 +2.6334e-04 +3.5152e-04 +4.3990e-04 +5.2853e-04 +6.1746e-04 +7.0673e-04 +7.9640e-04 +8.8652e-04 
+0000.00150 -8.8904e-04 -7.9877e-04 -7.0895e-04 -6.1953e-04 -5.3045e-04 -4.4167e-04 -3.5314e-04 -2.6481e-04 -1.7663e-04 -8.8553e-05 -5.2188e-07 +8.7509e-05 +1.7559e-04 +2.6377e-04 +3.5210e-04 +4.4062e-04 +5.2940e-04 +6.1847e-04 +7.0789e-04 +7.9770e-04 +8.8797e-04 
+0000.00100 -8.9007e-04 -7.9970e-04 -7.0977e-04 -6.2024e-04 -5.3107e-04 -4.4219e-04 -3.5355e-04 -2.6512e-04 -1.7684e-04 -8.8655e-05 -5.2182e-07 +8.7611e-05 +1.7579e-04 +2.6407e-04 +3.5251e-04 +4.4113e-04 +5.3001e-04 +6.1919e-04 +7.0871e-04 +7.9863e-04 +8.8900e-04 
+0000.00050 -8.9069e-04 -8.0025e-04 -7.1027e-04 -6.2068e-04 -5.3143e-04 -4.4249e-04 -3.5380e-04 -2.6531e-04 -1.7696e-04 -8.8716e-05 -5.2179e-07 +8.7672e-05 +1.7592e-04 +2.6426e-04 +3.5275e-04 +4.4144e-04 +5.3038e-04 +6.1962e-04 +7.0920e-04 +7.9919e-04 +8.8962e-04 
+0000.00000 -8.9090e-04 -8.0044e-04 -7.1043e-04 -6.2082e-04 -5.3156e-04 -4.4259e-04 -3.5388e-04 -2.6537e-04 -1.7700e-04 -8.8737e-05 -5.2177e-07 +8.7693e-05 +1.7596e-04 +2.6432e-04 +3.5283e-04 +4.4154e-04 +5.3050e-04 +6.1976e-04 +7.0937e-04 +7.9937e-04 +8.8982e-04 
-0000.00050 -8.9069e-04 -8.0025e-04 -7.1027e-04 -6.2068e-04 -5.3143e-04 -4.4249e-04 -3.5380e-04 -2.6531e-04 -1.7696e-04 -8.8716e-05 -5.2179e-07 +8.7672e-05 +1.7592e-04 +2.6426e-04 +3.5275e-04 +4.4144e-04 +5.3038e-04 +6.1962e-04 +7.0920e-04 +7.9919e-04 +8.8962e-04 
-0000.00100 -8.9007e-04 -7.9970e-04 -7.0977e-04 -6.2024e-04 -5.3107e-04 -4.4219e-04 -3.5355e-04 -2.6512e-04 -1.7684e-04 -8.8655e-05 -5.2182e-07 +8.7611e-05 +1.7579e-04 +2.6407e-04 +3.5251e-04 +4.4113e-04 +5.3001e-04 +6.1919e-04 +7.0871e-04 +7.9863e-04 +8.8900e-04 
-0000.00150 -8.8904e-04 -7.9877e-04 -7.0895e-04 -6.1953e-04 -5.3045e-04 -4.4167e-04 -3.5314e-04 -2.6481e-04 -1.7663e-04 -8.8553e-05 -5.2188e-07 +8.7509e-05 +1.7559e-04 +2.6377e-04 +3.5210e-04 +4.4062e-04 +5.2940e-04 +6.1847e-04 +7.0789e-04 +7.9770e-04 +8.8797e-04 
-0000.00200 -8.8760e-04 -7.9747e-04 -7.0780e-04 -6.1852e-04 -5.2959e-04 -4.4096e-04 -3.5257e-04 -2.6438e-04 -1.7635e-04 -8.8410e-05 -5.2196e-07 +8.7366e-05 +1.7530e-04 +2.6334e-04 +3.5152e-04 +4.3990e-04 +5.2853e-04 +6.1746e-04 +7.0673e-04 +7.9640e-04 +8.8652e-04 
-0000.00250 -8.8573e-04 -7.9580e-04 -7.0631e-04 -6.1722e-04 -5.2848e-04 -4.4003e-04 -3.5183e-04 -2.6383e-04 -1.7598e-04 -8.8225e-05 -5.2206e-07 +8.7181e-05 +1.7493e-04 +2.6278e-04 +3.5078e-04 +4.3898e-04 +5.2742e-04 +6.1616e-04 +7.0525e-04 +7.9473e-04 +8.8466e-04 
# Total Vertical 2nd Order Kick [T2m2]
START
            -0000.00400 -0000.00360 -0000.00320 -0000.00280 -0000.00240 -0000.00200 -0000.00160 -0000.00120 -0000.00080 -0000.00040 +0000.00000 +0000.00040 +0000.00080 +0000.00120 +0000.00160 +0000.00200 +0000.00240 +0000.00280 +0000.00320 +0000.00360 +0000.00400 
+0000.00250 -3.9868e-03 -3.9852e-03 -3.9838e-03 -3.9825e-03 -3.9815e-03 -3.9806e-03 -3.9798e-03 -3.9792e-03 -3.9788e-03 -3.9786e-03 -3.9785e-03 -3.9786e-03 -3.9788e-03 -3.9792e-03 -3.9798e-03 -3.9805e-03 -3.9814e-03 -3.9825e-03 -3.9838e-03 -3.9852e-03 -3.9867e-03 
+0000.00200 -3.1834e-03 -3.1822e-03 -3.1810e-03 -3.1800e-03 -3.1792e-03 -3.1785e-03 -3.1779e-03 -3.1774e-03 -3.1771e-03 -3.1769e-03 -3.1768e-03 -3.1769e-03 -3.1771e-03 -3.1774e-03 -3.1779e-03 -3.1785e-03 -3.1792e-03 -3.1800e-03 -3.1810e-03 -3.1821e-03 -3.1834e-03 
+0000.00150 -2.3841e-03 -2.3831e-03 -2.3823e-03 -2.3815e-03 -2.3809e-03 -2.3804e-03 -2.3799e-03 -2.3796e-03 -2.3793e-03 -2.3792e-03 -2.3791e-03 -2.3792e-03 -2.3793e-03 -2.3796e-03 -2.3799e-03 -2.3804e-03 -2.3809e-03 -2.3815e-03 -2.3823e-03 -2.3831e-03 -2.3841e-03 
+0000.00100 -1.5877e-03 -1.5871e-03 -1.5865e-03 -1.5860e-03 -1.5856e-03 -1.5853e-03 -1.5850e-03 -1.5847e-03 -1.5846e-03 -1.5845e-03 -1.5844e-03 -1.5845e-03 -1.5846e-03 -1.5847e-03 -1.5850e-03 -1.5852e-03 -1.5856e-03 -1.5860e-03 -1.5865e-03 -1.5871e-03 -1.5877e-03 
+0000.00050 -7.9336e-04 -7.9305e-04 -7.9277e-04 -7.9252e-04 -7.9231e-04 -7.9213e-04 -7.9198e-04 -7.9187e-04 -7.9178e-04 -7.9174e-04 -7.9172e-04 -7.9174e-04 -7.9178e-04 -7.9187e-04 -7.9198e-04 -7.9213e-04 -7.9231e-04 -7.9252e-04 -7.9276e-04 -7.9304e-04 -7.9336e-04 
+0000.00000 -8.9379e-13 -6.1828e-13 -4.1691e-13 -4.4837e-13 -3.0754e-13 -1.8514e-13 -2.6082e-13 -1.6410e-13 -6.3334e-14 -4.9739e-13 +9.4822e-14 +9.9070e-14 -2.7085e-13 -1.0174e-13 +4.5890e-13 +2.1909e-13 +2.3514e-13 +2.2287e-13 +3.4408e-13 +2.2456e-13 +6.5456e-13 
-0000.00050 +7.9336e-04 +7.9305e-04 +7.9277e-04 +7.9252e-04 +7.9231e-04 +7.9213e-04 +7.9198e-04 +7.9187e-04 +7.9178e-04 +7.9174e-04 +7.9172e-04 +7.9174e-04 +7.9178e-04 +7.9187e-04 +7.9198e-04 +7.9213e-04 +7.9231e-04 +7.9252e-04 +7.9276e-04 +7.9304e-04 +7.9336e-04 
-0000.00100 +1.5877e-03 +1.5871e-03 +1.5865e-03 +1.5860e-03 +1.5856e-03 +1.5853e-03 +1.5850e-03 +1.5847e-03 +1.5846e-03 +1.5845e-03 +1.5844e-03 +1.5845e-03 +1.5846e-03 +1.5847e-03 +1.5850e-03 +1.5852e-03 +1.5856e-03 +1.5860e-03 +1.5865e-03 +1.5871e-03 +1.5877e-03 
-0000.00150 +2.3841e-03 +2.3831e-03 +2.3823e-03 +2.3815e-03 +2.3809e-03 +2.3804e-03 +2.3799e-03 +2.3796e-03 +2.3793e-03 +2.3792e-03 +2.3791e-03 +2.3792e-03 +2.3793e-03 +2.3796e-03 +2.3799e-03 +2.3804e-03 +2.3809e-03 +2.3815e-03 +2.3823e-03 +2.3831e-03 +2.3841e-03 
-0000.00200 +3.1834e-03 +3.1822e-03 +3.1810e-03 +3.1800e-03 +3.1792e-03 +3.1785e-03 +3.1779e-03 +3.1774e-03 +3.1771e-03 +3.1769e-03 +3.1768e-03 +3.1769e-03 +3.1771e-03 +3.1774e-03 +3.1779e-03 +3.1785e-03 +3.1792e-03 +3.1800e-03 +3.1810e-03 +3.1821e-03 +3.1834e-03 
-0000.00250 +3.9868e-03 +3.9852e-03 +3.9838e-03 +3.9825e-03 +3.9815e-03 +3.9806e-03 +3.9798e-03 +3.9792e-03 +3.9788e-03 +3.9786e-03 +3.9785e-03 +3.9786e-03 +3.9788e-03 +3.9792e-03 +3.9798e-03 +3.9805e-03 +3.9814e-03 +3.9825e-03 +3.9838e-03 +3.9852e-03 +3.9867e-03 
# Horizontal Final Position [m]
START
            -0000.00400 -0000.00360 -0000.00320 -0000.00280 -0000.00240 -0000.00200 -0000.00160 -0000.00120 -0000.00080 -0000.00040 +0000.00000 +0000.00040 +0000.00080 +0000.00120 +0000.00160 +0000.00200 +0000.00240 +0000.00280 +0000.00320 +0000.00360 +0000.00400 
+0000.00250 -4.0272e-03 -3.6249e-03 -3.2226e-03 -2.8203e-03 -2.4181e-03 -2.0158e-03 -1.6136e-03 -1.2113e-03 -8.0906e-04 -4.0682e-04 -4.5751e-06 +3.9767e-04 +7.9991e-04 +1.2022e-03 +1.6044e-03 +2.0067e-03 +2.4089e-03 +2.8112e-03 +3.2135e-03 +3.6158e-03 +4.0181e-03 
+0000.00200 -4.0272e-03 -3.6249e-03 -3.2226e-03 -2.8204e-03 -2.4181e-03 -2.0158e-03 -1.6136e-03 -1.2113e-03 -8.0907e-04 -4.0682e-04 -4.5743e-06 +3.9767e-04 +7.9992e-04 +1.2022e-03 +1.6044e-03 +2.0067e-03 +2.4089e-03 +2.8112e-03 +3.2135e-03 +3.6158e-03 +4.0181e-03 
+0000.00150 -4.0273e-03 -3.6250e-03 -3.2227e-03 -2.8204e-03 -2.4181e-03 -2.0158e-03 -1.6136e-03 -1.2113e-03 -8.0907e-04 -4.0682e-04 -4.5738e-06 +3.9768e-04 +7.9993e-04 +1.2022e-03 +1.6044e-03 +2.0067e-03 +2.4090e-03 +2.8112e-03 +3.2135e-03 +3.6158e-03 +4.0181e-03 
+0000.00100 -4.0273e-03 -3.6250e-03 -3.2227e-03 -2.8204e-03 -2.4181e-03 -2.0159e-03 -1.6136e-03 -1.2113e-03 -8.0908e-04 -4.0683e-04 -4.5733e-06 +3.9768e-04 +7.9993e-04 +1.2022e-03 +1.6045e-03 +2.0067e-03 +2.4090e-03 +2.8113e-03 +3.2136e-03 +3.6159e-03 +4.0182e-03 
+0000.00050 -4.0273e-03 -3.6250e-03 -3.2227e-03 -2.8204e-03 -2.4181e-03 -2.0159e-03 -1.6136e-03 -1.2113e-03 -8.0908e-04 -4.0683e-04 -4.5731e-06 +3.9768e-04 +7.9994e-04 +1.2022e-03 +1.6045e-03 +2.0067e-03 +2.4090e-03 +2.8113e-03 +3.2136e-03 +3.6159e-03 +4.0182e-03 
+0000.00000 -4.0273e-03 -3.6250e-03 -3.2227e-03 -2.8204e-03 -2.4181e-03 -2.0159e-03 -1.6136e-03 -1.2113e-03 -8.0908e-04 -4.0683e-04 -4.5730e-06 +3.9768e-04 +7.9994e-04 +1.2022e-03 +1.6045e-03 +2.0067e-03 +2.4090e-03 +2.8113e-03 +3.2136e-03 +3.6159e-03 +4.0182e-03 
-0000.00050 -4.0273e-03 -3.6250e-03 -3.2227e-03 -2.8204e-03 -2.4181e-03 -2.0159e-03 -1.6136e-03 -1.2113e-03 -8.0908e-04 -4.0683e-04 -4.5731e-06 +3.9768e-04 +7.9994e-04 +1.2022e-03 +1.6045e-03 +2.0067e-03 +2.4090e-03 +2.8113e-03 +3.2136e-03 +3.6159e-03 +4.0182e-03 
-0000.00100 -4.0273e-03 -3.6250e-03 -3.2227e-03 -2.8204e-03 -2.4181e-03 -2.0159e-03 -1.6136e-03 -1.2113e-03 -8.0908e-04 -4.0683e-04 -4.5733e-06 +3.9768e-04 +7.9993e-04 +1.2022e-03 +1.6045e-03 +2.0067e-03 +2.4090e-03 +2.8113e-03 +3.2136e-03 +3.6159e-03 +4.0182e-03 
-0000.00150 -4.0273e-03 -3.6250e-03 -3.2227e-03 -2.8204e-03 -2.4181e-03 -2.0158e-03 -1.6136e-03 -1.2113e-03 -8.0907e-04 -4.0682e-04 -4.5738e-06 +3.9768e-04 +7.9993e-04 +1.2022e-03 +1.6044e-03 +2.0067e-03 +2.4090e-03 +2.8112e-03 +3.2135e-03 +3.6158e-03 +4.0181e-03 
-0000.00200 -4.0272e-03 -3.6249e-03 -3.2226e-03 -2.8204e-03 -2.4181e-03 -2.0158e-03 -1.6136e-03 -1.2113e-03 -8.0907e-04 -4.0682e-04 -4.5743e-06 +3.9767e-04 +7.9992e-04 +1.2022e-03 +1.6044e-03 +2.0067e-03 +2.4089e-03 +2.8112e-03 +3.2135e-03 +3.6158e-03 +4.0181e-03 
-0000.00250 -4.0272e-03 -3.6249e-03 -3.2226e-03 -2.8203e-03 -2.4181e-03 -2.0158e-03 -1.6136e-03 -1.2113e-03 -8.0906e-04 -4.0682e-04 -4.5751e-06 +3.9767e-04 +7.9991e-04 +1.2022e-03 +1.6044e-03 +2.0067e-03 +2.4089e-03 +2.8112e-03 +3.2135e-03 +3.6158e-03 +4.0181e-03 
# Vertical Final Position [m]
START
            -0000.00400 -0000.00360 -0000.00320 -0000.00280 -0000.00240 -0000.00200 -0000.00160 -0000.00120 -0000.00080 -0000.00040 +0000.00000 +0000.00040 +0000.00080 +0000.00120 +0000.00160 +0000.00200 +0000.00240 +0000.00280 +0000.00320 +0000.00360 +0000.00400 
+0000.00250 +2.3979e-03 +2.3980e-03 +2.3980e-03 +2.3980e-03 +2.3981e-03 +2.3981e-03 +2.3981e-03 +2.3981e-03 +2.3981e-03 +2.3981e-03 +2.3981e-03 +2.3981e-03 +2.3981e-03 +2.3981e-03 +2.3981e-03 +2.3981e-03 +2.3980e-03 +2.3980e-03 +2.3980e-03 +2.3980e-03 +2.3979e-03 
+0000.00200 +1.9185e-03 +1.9185e-03 +1.9186e-03 +1.9186e-03 +1.9186e-03 +1.9186e-03 +1.9186e-03 +1.9186e-03 +1.9187e-03 +1.9187e-03 +1.9187e-03 +1.9187e-03 +1.9186e-03 +1.9186e-03 +1.9186e-03 +1.9186e-03 +1.9186e-03 +1.9186e-03 +1.9185e-03 +1.9185e-03 +1.9185e-03 
+0000.00150 +1.4390e-03 +1.4390e-03 +1.4390e-03 +1.4390e-03 +1.4390e-03 +1.4391e-03 +1.4391e-03 +1.4391e-03 +1.4391e-03 +1.4391e-03 +1.4391e-03 +1.4391e-03 +1.4391e-03 +1.4391e-03 +1.4391e-03 +1.4390e-03 +1.4390e-03 +1.4390e-03 +1.4390e-03 +1.4390e-03 +1.4390e-03 
+0000.00100 +9.5935e-04 +9.5937e-04 +9.5938e-04 +9.5939e-04 +9.5940e-04 +9.5941e-04 +9.5942e-04 +9.5942e-04 +9.5943e-04 +9.5943e-04 +9.5943e-04 +9.5943e-04 +9.5943e-04 +9.5942e-04 +9.5942e-04 +9.5941e-04 +9.5940e-04 +9.5939e-04 +9.5938e-04 +9.5936e-04 +9.5934e-04 
+0000.00050 +4.7969e-04 +4.7970e-04 +4.7970e-04 +4.7971e-04 +4.7971e-04 +4.7972e-04 +4.7972e-04 +4.7972e-04 +4.7973e-04 +4.7973e-04 +4.7973e-04 +4.7973e-04 +4.7973e-04 +4.7972e-04 +4.7972e-04 +4.7972e-04 +4.7971e-04 +4.7971e-04 +4.7970e-04 +4.7969e-04 +4.7968e-04 
+0000.00000 -1.3991e-14 -1.2000e-14 -1.0290e-14 -8.5129e-15 -7.3146e-15 -7.4301e-15 -6.4463e-15 -6.0087e-15 -2.7288e-15 -6.5309e-15 -2.5750e-15 -1.4386e-16 -9.4888e-16 +9.6093e-16 +3.5223e-15 +2.9462e-15 +4.6831e-15 +6.3290e-15 +7.0866e-15 +7.0153e-15 +1.0258e-14 
-0000.00050 -4.7969e-04 -4.7970e-04 -4.7970e-04 -4.7971e-04 -4.7971e-04 -4.7972e-04 -4.7972e-04 -4.7972e-04 -4.7973e-04 -4.7973e-04 -4.7973e-04 -4.7973e-04 -4.7973e-04 -4.7972e-04 -4.7972e-04 -4.7972e-04 -4.7971e-04 -4.7971e-04 -4.7970e-04 -4.7969e-04 -4.7968e-04 
-0000.00100 -9.5935e-04 -9.5937e-04 -9.5938e-04 -9.5939e-04 -9.5940e-04 -9.5941e-04 -9.5942e-04 -9.5942e-04 -9.5943e-04 -9.5943e-04 -9.5943e-04 -9.5943e-04 -9.5943e-04 -9.5942e-04 -9.5942e-04 -9.5941e-04 -9.5940e-04 -9.5939e-04 -9.5938e-04 -9.5936e-04 -9.5934e-04 
-0000.00150 -1.4390e-03 -1.4390e-03 -1.4390e-03 -1.4390e-03 -1.4390e-03 -1.4391e-03 -1.4391e-03 -1.4391e-03 -1.4391e-03 -1.4391e-03 -1.4391e-03 -1.4391e-03 -1.4391e-03 -1.4391e-03 -1.4391e-03 -1.4390e-03 -1.4390e-03 -1.4390e-03 -1.4390e-03 -1.4390e-03 -1.4390e-03 
-0000.00200 -1.9185e-03 -1.9185e-03 -1.9186e-03 -1.9186e-03 -1.9186e-03 -1.9186e-03 -1.9186e-03 -1.9186e-03 -1.9187e-03 -1.9187e-03 -1.9187e-03 -1.9187e-03 -1.9186e-03 -1.9186e-03 -1.9186e-03 -1.9186e-03 -1.9186e-03 -1.9186e-03 -1.9185e-03 -1.9185e-03 -1.9185e-03 
-0000.00250 -2.3979e-03 -2.3980e-03 -2.3980e-03 -2.3980e-03 -2.3981e-03 -2.3981e-03 -2.3981e-03 -2.3981e-03 -2.3981e-03 -2.3981e-03 -2.3981e-03 -2.3981e-03 -2.3981e-03 -2.3981e-03 -2.3981e-03 -2.3981e-03 -2.3980e-03 -2.3980e-03 -2.3980e-03 -2.3980e-03 -2.3979e-03 