# Author: FAC idanalysis.IDKickMap
#
# Total Length of Longitudinal Interval [m]
0.984
# Number of Horizontal Points
23
# Number of Vertical Points
11
# Total Horizontal 2nd Order Kick [T2m2]
START
            -0000.01200 -0000.01091 -0000.00982 -0000.00873 -0000.00764 -0000.00655 -0000.00545 -0000.00436 -0000.00327 -0000.00218 -0000.00109 +0000.00000 +0000.00109 +0000.00218 +0000.00327 +0000.00436 +0000.00545 +0000.00655 +0000.00764 +0000.00873 +0000.00982 +0000.01091 +0000.01200
+0000.00500 -2.3406e-04 -2.0538e-04 -1.7584e-04 -1.4752e-04 -1.2146e-04 -9.8010e-05 -7.7108e-05 -5.8426e-05 -4.1499e-05 -2.5827e-05 -1.0968e-05 +3.4311e-06 +1.7641e-05 +3.1876e-05 +4.6323e-05 +6.1168e-05 +7.6640e-05 +9.3036e-05 +1.1071e-04 +1.2998e-04 +1.5098e-04 +1.7356e-04 +1.9719e-04
+0000.00400 -2.0398e-04 -1.8353e-04 -1.6088e-04 -1.3782e-04 -1.1552e-04 -9.4627e-05 -7.5367e-05 -5.7699e-05 -4.1411e-05 -2.6208e-05 -1.1778e-05 +2.1664e-06 +1.5876e-05 +2.9571e-05 +4.3450e-05 +5.7705e-05 +7.2534e-05 +8.8138e-05 +1.0469e-04 +1.2229e-04 +1.4083e-04 +1.5995e-04 +1.7893e-04
+0000.00300 -1.8187e-04 -1.6664e-04 -1.4865e-04 -1.2939e-04 -1.0999e-04 -9.1169e-05 -7.3338e-05 -5.6631e-05 -4.0999e-05 -2.6283e-05 -1.2266e-05 +1.2806e-06 +1.4580e-05 +2.7841e-05 +4.1257e-05 +5.5006e-05 +6.9249e-05 +8.4112e-05 +9.9658e-05 +1.1583e-04 +1.3240e-04 +1.4887e-04 +1.6449e-04
+0000.00200 -1.6690e-04 -1.5482e-04 -1.3979e-04 -1.2306e-04 -1.0565e-04 -8.8328e-05 -7.1574e-05 -5.5623e-05 -4.0529e-05 -2.6216e-05 -1.2534e-05 +7.0438e-07 +1.3696e-05 +2.6637e-05 +3.9708e-05 +5.3071e-05 +6.6855e-05 +8.1136e-05 +9.5905e-05 +1.1102e-04 +1.2617e-04 +1.4083e-04 +1.5420e-04
+0000.00100 -1.5827e-04 -1.4787e-04 -1.3447e-04 -1.1916e-04 -1.0292e-04 -8.6496e-05 -7.0402e-05 -5.4928e-05 -4.0179e-05 -2.6128e-05 -1.2661e-05 +3.8199e-07 +1.3183e-05 +2.5927e-05 +3.8785e-05 +5.1907e-05 +6.5402e-05 +7.9316e-05 +9.3601e-05 +1.0808e-04 +1.2239e-04 +1.3598e-04 +1.4808e-04
+0000.00000 -1.5546e-04 -1.4558e-04 -1.3270e-04 -1.1786e-04 -1.0199e-04 -8.5866e-05 -6.9994e-05 -5.4682e-05 -4.0052e-05 -2.6091e-05 -1.2698e-05 +2.7848e-07 +1.3015e-05 +2.5692e-05 +3.8479e-05 +5.1518e-05 +6.4914e-05 +7.8704e-05 +9.2826e-05 +1.0709e-04 +1.2112e-04 +1.3436e-04 +1.4605e-04
-0000.00100 -1.5828e-04 -1.4787e-04 -1.3447e-04 -1.1916e-04 -1.0292e-04 -8.6496e-05 -7.0402e-05 -5.4928e-05 -4.0179e-05 -2.6128e-05 -1.2661e-05 +3.8199e-07 +1.3183e-05 +2.5927e-05 +3.8785e-05 +5.1907e-05 +6.5402e-05 +7.9316e-05 +9.3601e-05 +1.0808e-04 +1.2239e-04 +1.3598e-04 +1.4808e-04
-0000.00200 -1.6690e-04 -1.5482e-04 -1.3979e-04 -1.2306e-04 -1.0565e-04 -8.8328e-05 -7.1574e-05 -5.5624e-05 -4.0529e-05 -2.6216e-05 -1.2534e-05 +7.0437e-07 +1.3696e-05 +2.6637e-05 +3.9709e-05 +5.3072e-05 +6.6856e-05 +8.1136e-05 +9.5905e-05 +1.1102e-04 +1.2618e-04 +1.4083e-04 +1.5421e-04
-0000.00300 -1.8187e-04 -1.6664e-04 -1.4865e-04 -1.2939e-04 -1.0999e-04 -9.1169e-05 -7.3338e-05 -5.6631e-05 -4.1000e-05 -2.6283e-05 -1.2266e-05 +1.2806e-06 +1.4580e-05 +2.7842e-05 +4.1258e-05 +5.5007e-05 +6.9249e-05 +8.4112e-05 +9.9659e-05 +1.1583e-04 +1.3240e-04 +1.4887e-04 +1.6449e-04
-0000.00400 -2.0398e-04 -1.8353e-04 -1.6088e-04 -1.3782e-04 -1.1552e-04 -9.4628e-05 -7.5367e-05 -5.7699e-05 -4.1412e-05 -2.6208e-05 -1.1778e-05 +2.1664e-06 +1.5877e-05 +2.9572e-05 +4.3451e-05 +5.7706e-05 +7.2534e-05 +8.8139e-05 +1.0470e-04 +1.2229e-04 +1.4083e-04 +1.5995e-04 +1.7894e-04
-0000.00500 -2.3406e-04 -2.0538e-04 -1.7584e-04 -1.4752e-04 -1.2146e-04 -9.8010e-05 -7.7109e-05 -5.8427e-05 -4.1499e-05 -2.5827e-05 -1.0968e-05 +3.4310e-06 +1.7641e-05 +3.1876e-05 +4.6324e-05 +6.1169e-05 +7.6641e-05 +9.3037e-05 +1.1071e-04 +1.2998e-04 +1.5098e-04 +1.7356e-04 +1.9719e-04
# Total Vertical 2nd Order Kick [T2m2]
START
            -0000.01200 -0000.01091 -0000.00982 -0000.00873 -0000.00764 -0000.00655 -0000.00545 -0000.00436 -0000.00327 -0000.00218 -0000.00109 +0000.00000 +0000.00109 +0000.00218 +0000.00327 +0000.00436 +0000.00545 +0000.00655 +0000.00764 +0000.00873 +0000.00982 +0000.01091 +0000.01200
+0000.00500 -5.3885e-04 -5.7050e-04 -5.9211e-04 -6.0599e-04 -6.1436e-04 -6.1901e-04 -6.2132e-04 -6.2222e-04 -6.2231e-04 -6.2189e-04 -6.2102e-04 -6.1968e-04 -6.1779e-04 -6.1528e-04 -6.1210e-04 -6.0824e-04 -6.0371e-04 -5.9842e-04 -5.9215e-04 -5.8436e-04 -5.7419e-04 -5.6051e-04 -5.4185e-04
+0000.00400 -3.7905e-04 -4.0378e-04 -4.2180e-04 -4.3424e-04 -4.4241e-04 -4.4751e-04 -4.5049e-04 -4.5208e-04 -4.5276e-04 -4.5281e-04 -4.5236e-04 -4.5145e-04 -4.5005e-04 -4.4813e-04 -4.4567e-04 -4.4262e-04 -4.3894e-04 -4.3449e-04 -4.2903e-04 -4.2212e-04 -4.1316e-04 -4.0132e-04 -3.8564e-04
+0000.00300 -2.5678e-04 -2.7462e-04 -2.8818e-04 -2.9798e-04 -3.0474e-04 -3.0920e-04 -3.1199e-04 -3.1364e-04 -3.1448e-04 -3.1474e-04 -3.1456e-04 -3.1397e-04 -3.1299e-04 -3.1161e-04 -3.0980e-04 -3.0753e-04 -3.0472e-04 -3.0127e-04 -2.9696e-04 -2.9148e-04 -2.8440e-04 -2.7519e-04 -2.6325e-04
+0000.00200 -1.5902e-04 -1.7049e-04 -1.7944e-04 -1.8609e-04 -1.9081e-04 -1.9403e-04 -1.9613e-04 -1.9742e-04 -1.9813e-04 -1.9841e-04 -1.9836e-04 -1.9801e-04 -1.9740e-04 -1.9650e-04 -1.9532e-04 -1.9380e-04 -1.9191e-04 -1.8956e-04 -1.8660e-04 -1.8284e-04 -1.7800e-04 -1.7176e-04 -1.6379e-04
+0000.00100 -7.6031e-05 -8.1625e-05 -8.6054e-05 -8.9397e-05 -9.1812e-05 -9.3486e-05 -9.4597e-05 -9.5293e-05 -9.5689e-05 -9.5860e-05 -9.5856e-05 -9.5700e-05 -9.5403e-05 -9.4964e-05 -9.4375e-05 -9.3619e-05 -9.2669e-05 -9.1479e-05 -8.9979e-05 -8.8068e-05 -8.5620e-05 -8.2487e-05 -7.8516e-05
+0000.00000 +7.1912e-10 +7.8617e-10 +8.5652e-10 +9.3093e-10 +1.0074e-09 +1.0846e-09 +1.1601e-09 +1.2227e-09 +1.2922e-09 +1.3404e-09 +1.3716e-09 +1.3830e-09 +1.3722e-09 +1.3380e-09 +1.2808e-09 +1.2022e-09 +1.1055e-09 +9.9463e-10 +8.7481e-10 +7.5065e-10 +6.2719e-10 +5.0913e-10 +3.9934e-10
-0000.00100 +7.6032e-05 +8.1627e-05 +8.6056e-05 +8.9399e-05 +9.1814e-05 +9.3488e-05 +9.4599e-05 +9.5296e-05 +9.5691e-05 +9.5863e-05 +9.5858e-05 +9.5703e-05 +9.5406e-05 +9.4966e-05 +9.4377e-05 +9.3622e-05 +9.2672e-05 +9.1481e-05 +8.9981e-05 +8.8070e-05 +8.5622e-05 +8.2488e-05 +7.8517e-05
-0000.00200 +1.5902e-04 +1.7049e-04 +1.7944e-04 +1.8609e-04 +1.9082e-04 +1.9404e-04 +1.9613e-04 +1.9742e-04 +1.9813e-04 +1.9841e-04 +1.9836e-04 +1.9802e-04 +1.9740e-04 +1.9651e-04 +1.9532e-04 +1.9381e-04 +1.9192e-04 +1.8956e-04 +1.8661e-04 +1.8284e-04 +1.7800e-04 +1.7176e-04 +1.6379e-04
-0000.00300 +2.5678e-04 +2.7463e-04 +2.8818e-04 +2.9798e-04 +3.0474e-04 +3.0920e-04 +3.1200e-04 +3.1364e-04 +3.1448e-04 +3.1475e-04 +3.1456e-04 +3.1397e-04 +3.1299e-04 +3.1161e-04 +3.0980e-04 +3.0753e-04 +3.0473e-04 +3.0127e-04 +2.9696e-04 +2.9148e-04 +2.8441e-04 +2.7519e-04 +2.6325e-04
-0000.00400 +3.7905e-04 +4.0378e-04 +4.2180e-04 +4.3424e-04 +4.4242e-04 +4.4751e-04 +4.5049e-04 +4.5208e-04 +4.5276e-04 +4.5281e-04 +4.5237e-04 +4.5145e-04 +4.5005e-04 +4.4813e-04 +4.4567e-04 +4.4262e-04 +4.3894e-04 +4.3449e-04 +4.2903e-04 +4.2213e-04 +4.1316e-04 +4.0132e-04 +3.8564e-04
-0000.00500 +5.3885e-04 +5.7050e-04 +5.9211e-04 +6.0599e-04 +6.1436e-04 +6.1902e-04 +6.2132e-04 +6.2222e-04 +6.2231e-04 +6.2189e-04 +6.2103e-04 +6.1969e-04 +6.1779e-04 +6.1528e-04 +6.1210e-04 +6.0825e-04 +6.0371e-04 +5.9843e-04 +5.9215e-04 +5.8436e-04 +5.7420e-04 +5.6051e-04 +5.4185e-04
# Horizontal Final Position [m]
START
            -0000.01200 -0000.01091 -0000.00982 -0000.00873 -0000.00764 -0000.00655 -0000.00545 -0000.00436 -0000.00327 -0000.00218 -0000.00109 +0000.00000 +0000.00109 +0000.00218 +0000.00327 +0000.00436 +0000.00545 +0000.00655 +0000.00764 +0000.00873 +0000.00982 +0000.01091 +0000.01200
+0000.00500 -1.2002e-02 -1.0911e-02 -9.8196e-03 -8.7283e-03 -7.6371e-03 -6.5459e-03 -5.4547e-03 -4.3636e-03 -3.2725e-03 -2.1814e-03 -1.0904e-03 +6.9431e-07 +1.0917e-03 +2.1828e-03 +3.2738e-03 +4.3648e-03 +5.4558e-03 +6.5468e-03 +7.6378e-03 +8.7288e-03 +9.8198e-03 +1.0911e-02 +1.2002e-02
+0000.00400 -1.2002e-02 -1.0911e-02 -9.8195e-03 -8.7283e-03 -7.6371e-03 -6.5459e-03 -5.4548e-03 -4.3636e-03 -3.2725e-03 -2.1815e-03 -1.0904e-03 +6.4606e-07 +1.0917e-03 +2.1827e-03 +3.2737e-03 +4.3647e-03 +5.4557e-03 +6.5467e-03 +7.6377e-03 +8.7287e-03 +9.8197e-03 +1.0911e-02 +1.2002e-02
+0000.00300 -1.2002e-02 -1.0910e-02 -9.8193e-03 -8.7282e-03 -7.6370e-03 -6.5459e-03 -5.4548e-03 -4.3636e-03 -3.2726e-03 -2.1815e-03 -1.0904e-03 +6.0915e-07 +1.0916e-03 +2.1827e-03 +3.2737e-03 +4.3647e-03 +5.4557e-03 +6.5467e-03 +7.6376e-03 +8.7286e-03 +9.8196e-03 +1.0911e-02 +1.2002e-02
+0000.00200 -1.2001e-02 -1.0910e-02 -9.8193e-03 -8.7281e-03 -7.6370e-03 -6.5459e-03 -5.4548e-03 -4.3637e-03 -3.2726e-03 -2.1815e-03 -1.0905e-03 +5.8322e-07 +1.0916e-03 +2.1826e-03 +3.2736e-03 +4.3646e-03 +5.4556e-03 +6.5466e-03 +7.6376e-03 +8.7286e-03 +9.8195e-03 +1.0910e-02 +1.2001e-02
+0000.00100 -1.2001e-02 -1.0910e-02 -9.8192e-03 -8.7281e-03 -7.6370e-03 -6.5459e-03 -5.4548e-03 -4.3637e-03 -3.2726e-03 -2.1815e-03 -1.0905e-03 +5.6787e-07 +1.0916e-03 +2.1826e-03 +3.2736e-03 +4.3646e-03 +5.4556e-03 +6.5466e-03 +7.6375e-03 +8.7285e-03 +9.8195e-03 +1.0910e-02 +1.2001e-02
+0000.00000 -1.2001e-02 -1.0910e-02 -9.8192e-03 -8.7281e-03 -7.6370e-03 -6.5459e-03 -5.4548e-03 -4.3637e-03 -3.2726e-03 -2.1815e-03 -1.0905e-03 +5.6278e-07 +1.0916e-03 +2.1826e-03 +3.2736e-03 +4.3646e-03 +5.4556e-03 +6.5466e-03 +7.6375e-03 +8.7285e-03 +9.8195e-03 +1.0910e-02 +1.2001e-02
-0000.00100 -1.2001e-02 -1.0910e-02 -9.8192e-03 -8.7281e-03 -7.6370e-03 -6.5459e-03 -5.4548e-03 -4.3637e-03 -3.2726e-03 -2.1815e-03 -1.0905e-03 +5.6787e-07 +1.0916e-03 +2.1826e-03 +3.2736e-03 +4.3646e-03 +5.4556e-03 +6.5466e-03 +7.6375e-03 +8.7285e-03 +9.8195e-03 +1.0910e-02 +1.2001e-02
-0000.00200 -1.2001e-02 -1.0910e-02 -9.8193e-03 -8.7281e-03 -7.6370e-03 -6.5459e-03 -5.4548e-03 -4.3637e-03 -3.2726e-03 -2.1815e-03 -1.0905e-03 +5.8322e-07 +1.0916e-03 +2.1826e-03 +3.2736e-03 +4.3646e-03 +5.4556e-03 +6.5466e-03 +7.6376e-03 +8.7286e-03 +9.8195e-03 +1.0910e-02 +1.2001e-02
-0000.00300 -1.2002e-02 -1.0910e-02 -9.8193e-03 -8.7282e-03 -7.6370e-03 -6.5459e-03 -5.4548e-03 -4.3636e-03 -3.2726e-03 -2.1815e-03 -1.0904e-03 +6.0915e-07 +1.0916e-03 +2.1827e-03 +3.2737e-03 +4.3647e-03 +5.4557e-03 +6.5467e-03 +7.6376e-03 +8.7286e-03 +9.8196e-03 +1.0911e-02 +1.2002e-02
-0000.00400 -1.2002e-02 -1.0911e-02 -9.8195e-03 -8.7283e-03 -7.6371e-03 -6.5459e-03 -5.4548e-03 -4.3636e-03 -3.2725e-03 -2.1815e-03 -1.0904e-03 +6.4606e-07 +1.0917e-03 +2.1827e-03 +3.2737e-03 +4.3647e-03 +5.4557e-03 +6.5467e-03 +7.6377e-03 +8.7287e-03 +9.8197e-03 +1.0911e-02 +1.2002e-02
-0000.00500 -1.2002e-02 -1.0911e-02 -9.8196e-03 -8.7283e-03 -7.6371e-03 -6.5459e-03 -5.4547e-03 -4.3636e-03 -3.2725e-03 -2.1814e-03 -1.0904e-03 +6.9431e-07 +1.0917e-03 +2.1828e-03 +3.2738e-03 +4.3648e-03 +5.4558e-03 +6.5468e-03 +7.6378e-03 +8.7288e-03 +9.8198e-03 +1.0911e-02 +1.2002e-02
# Vertical Final Position [m]
START
            -0000.01200 -0000.01091 -0000.00982 -0000.00873 -0000.00764 -0000.00655 -0000.00545 -0000.00436 -0000.00327 -0000.00218 -0000.00109 +0000.00000 +0000.00109 +0000.00218 +0000.00327 +0000.00436 +0000.00545 +0000.00655 +0000.00764 +0000.00873 +0000.00982 +0000.01091 +0000.01200
+0000.00500 +4.9946e-03 +4.9943e-03 +4.9941e-03 +4.9940e-03 +4.9940e-03 +4.9939e-03 +4.9939e-03 +4.9940e-03 +4.9940e-03 +4.9941e-03 +4.9941e-03 +4.9942e-03 +4.9942e-03 +4.9943e-03 +4.9944e-03 +4.9945e-03 +4.9946e-03 +4.9947e-03 +4.9948e-03 +4.9949e-03 +4.9950e-03 +4.9952e-03 +4.9954e-03
+0000.00400 +3.9962e-03 +3.9960e-03 +3.9958e-03 +3.9957e-03 +3.9956e-03 +3.9956e-03 +3.9956e-03 +3.9956e-03 +3.9956e-03 +3.9957e-03 +3.9957e-03 +3.9958e-03 +3.9958e-03 +3.9959e-03 +3.9959e-03 +3.9960e-03 +3.9961e-03 +3.9962e-03 +3.9962e-03 +3.9963e-03 +3.9965e-03 +3.9966e-03 +3.9967e-03
+0000.00300 +2.9974e-03 +2.9972e-03 +2.9971e-03 +2.9970e-03 +2.9970e-03 +2.9970e-03 +2.9969e-03 +2.9970e-03 +2.9970e-03 +2.9970e-03 +2.9970e-03 +2.9971e-03 +2.9971e-03 +2.9971e-03 +2.9972e-03 +2.9972e-03 +2.9973e-03 +2.9973e-03 +2.9974e-03 +2.9975e-03 +2.9976e-03 +2.9977e-03 +2.9978e-03
+0000.00200 +1.9984e-03 +1.9983e-03 +1.9982e-03 +1.9981e-03 +1.9981e-03 +1.9981e-03 +1.9981e-03 +1.9981e-03 +1.9981e-03 +1.9981e-03 +1.9981e-03 +1.9981e-03 +1.9982e-03 +1.9982e-03 +1.9982e-03 +1.9983e-03 +1.9983e-03 +1.9983e-03 +1.9984e-03 +1.9984e-03 +1.9985e-03 +1.9986e-03 +1.9986e-03
+0000.00100 +9.9923e-04 +9.9918e-04 +9.9914e-04 +9.9911e-04 +9.9909e-04 +9.9908e-04 +9.9907e-04 +9.9907e-04 +9.9908e-04 +9.9908e-04 +9.9909e-04 +9.9910e-04 +9.9911e-04 +9.9913e-04 +9.9914e-04 +9.9916e-04 +9.9918e-04 +9.9920e-04 +9.9922e-04 +9.9925e-04 +9.9927e-04 +9.9931e-04 +9.9935e-04
+0000.00000 +4.2752e-13 +7.9778e-13 +1.2341e-12 +1.7362e-12 +2.2929e-12 +2.8881e-12 +3.4966e-12 +4.0290e-12 +4.6276e-12 +5.0766e-12 +5.4033e-12 +5.5767e-12 +5.5802e-12 +5.4028e-12 +5.0474e-12 +4.5290e-12 +3.8746e-12 +3.1184e-12 +2.3035e-12 +1.4720e-12 +6.6630e-13 -7.6771e-14 -7.3096e-13
-0000.00100 -9.9923e-04 -9.9918e-04 -9.9914e-04 -9.9911e-04 -9.9909e-04 -9.9908e-04 -9.9907e-04 -9.9907e-04 -9.9908e-04 -9.9908e-04 -9.9909e-04 -9.9910e-04 -9.9911e-04 -9.9913e-04 -9.9914e-04 -9.9916e-04 -9.9918e-04 -9.9920e-04 -9.9922e-04 -9.9925e-04 -9.9927e-04 -9.9931e-04 -9.9935e-04
-0000.00200 -1.9984e-03 -1.9983e-03 -1.9982e-03 -1.9981e-03 -1.9981e-03 -1.9981e-03 -1.9981e-03 -1.9981e-03 -1.9981e-03 -1.9981e-03 -1.9981e-03 -1.9981e-03 -1.9982e-03 -1.9982e-03 -1.9982e-03 -1.9983e-03 -1.9983e-03 -1.9983e-03 -1.9984e-03 -1.9984e-03 -1.9985e-03 -1.9986e-03 -1.9986e-03
-0000.00300 -2.9974e-03 -2.9972e-03 -2.9971e-03 -2.9970e-03 -2.9970e-03 -2.9970e-03 -2.9969e-03 -2.9970e-03 -2.9970e-03 -2.9970e-03 -2.9970e-03 -2.9971e-03 -2.9971e-03 -2.9971e-03 -2.9972e-03 -2.9972e-03 -2.9973e-03 -2.9973e-03 -2.9974e-03 -2.9975e-03 -2.9976e-03 -2.9977e-03 -2.9978e-03
-0000.00400 -3.9962e-03 -3.9960e-03 -3.9958e-03 -3.9957e-03 -3.9956e-03 -3.9956e-03 -3.9956e-03 -3.9956e-03 -3.9956e-03 -3.9957e-03 -3.9957e-03 -3.9958e-03 -3.9958e-03 -3.9959e-03 -3.9959e-03 -3.9960e-03 -3.9961e-03 -3.9962e-03 -3.9962e-03 -3.9963e-03 -3.9965e-03 -3.9966e-03 -3.9967e-03
-0000.00500 -4.9946e-03 -4.9943e-03 -4.9941e-03 -4.9940e-03 -4.9940e-03 -4.9939e-03 -4.9939e-03 -4.9940e-03 -4.9940e-03 -4.9941e-03 -4.9941e-03 -4.9942e-03 -4.9942e-03 -4.9943e-03 -4.9944e-03 -4.9945e-03 -4.9946e-03 -4.9947e-03 -4.9948e-03 -4.9949e-03 -4.9950e-03 -4.9952e-03 -4.9954e-03
