# Author: FAC idanalysis.IDKickMap
#
# Total Length of Longitudinal Interval [m]
0.984
# Number of Horizontal Points
23
# Number of Vertical Points
11
# Total Horizontal 2nd Order Kick [T2m2]
START
            -0000.01200 -0000.01091 -0000.00982 -0000.00873 -0000.00764 -0000.00655 -0000.00545 -0000.00436 -0000.00327 -0000.00218 -0000.00109 +0000.00000 +0000.00109 +0000.00218 +0000.00327 +0000.00436 +0000.00545 +0000.00655 +0000.00764 +0000.00873 +0000.00982 +0000.01091 +0000.01200
+0000.00500 -3.6591e-05 -1.9682e-05 -5.4283e-06 +5.9783e-06 +1.4771e-05 +2.1342e-05 +2.6103e-05 +2.9446e-05 +3.1734e-05 +3.3293e-05 +3.4391e-05 +3.5224e-05 +3.5912e-05 +3.6517e-05 +3.7055e-05 +3.7525e-05 +3.7958e-05 +3.8462e-05 +3.9260e-05 +4.0674e-05 +4.3070e-05 +4.6796e-05 +5.2132e-05
+0000.00400 -1.2329e-05 -2.1186e-06 +6.3705e-06 +1.3053e-05 +1.8084e-05 +2.1718e-05 +2.4226e-05 +2.5857e-05 +2.6832e-05 +2.7339e-05 +2.7529e-05 +2.7509e-05 +2.7348e-05 +2.7080e-05 +2.6712e-05 +2.6246e-05 +2.5706e-05 +2.5156e-05 +2.4727e-05 +2.4611e-05 +2.5046e-05 +2.6281e-05 +2.8547e-05
+0000.00300 +4.5566e-06 +1.0464e-05 +1.5001e-05 +1.8240e-05 +2.0375e-05 +2.1634e-05 +2.2232e-05 +2.2347e-05 +2.2119e-05 +2.1650e-05 +2.1013e-05 +2.0253e-05 +1.9391e-05 +1.8427e-05 +1.7351e-05 +1.6150e-05 +1.4827e-05 +1.3417e-05 +1.1999e-05 +1.0704e-05 +9.7141e-06 +9.2511e-06 +9.5518e-06
+0000.00200 +1.4907e-05 +1.8067e-05 +1.9978e-05 +2.0833e-05 +2.0883e-05 +2.0374e-05 +1.9506e-05 +1.8426e-05 +1.7231e-05 +1.5975e-05 +1.4681e-05 +1.3351e-05 +1.1970e-05 +1.0510e-05 +8.9421e-06 +7.2376e-06 +5.3839e-06 +3.3952e-06 +1.3258e-06 -7.1769e-07 -2.5705e-06 -4.0104e-06 -4.7735e-06
+0000.00100 +1.9495e-05 +2.0948e-05 +2.1203e-05 +2.0527e-05 +1.9213e-05 +1.7525e-05 +1.5665e-05 +1.3769e-05 +1.1913e-05 +1.0124e-05 +8.3973e-06 +6.7083e-06 +5.0183e-06 +3.2829e-06 +1.4580e-06 -4.9395e-07 -2.5946e-06 -4.8391e-06 -7.1822e-06 -9.5255e-06 -1.1706e-05 -1.3492e-05 -1.4599e-05
+0000.00000 +1.8815e-05 +1.9322e-05 +1.8685e-05 +1.7195e-05 +1.5163e-05 +1.2860e-05 +1.0488e-05 +8.1798e-06 +6.0004e-06 +3.9674e-06 +2.0637e-06 +2.5143e-07 -1.5180e-06 -3.2962e-06 -5.1314e-06 -7.0626e-06 -9.1116e-06 -1.1273e-05 -1.3502e-05 -1.5699e-05 -1.7701e-05 -1.9272e-05 -2.0119e-05
-0000.00100 +1.3005e-05 +1.3236e-05 +1.2399e-05 +1.0768e-05 +8.6395e-06 +6.2743e-06 +3.8717e-06 +1.5612e-06 -5.8996e-07 -2.5638e-06 -4.3767e-06 -6.0660e-06 -7.6785e-06 -9.2622e-06 -1.0859e-05 -1.2500e-05 -1.4197e-05 -1.5935e-05 -1.7661e-05 -1.9272e-05 -2.0601e-05 -2.1418e-05 -2.1438e-05
-0000.00200 +1.8352e-06 +2.5347e-06 +2.2526e-06 +1.1974e-06 -3.7928e-07 -2.2390e-06 -4.1885e-06 -6.0913e-06 -7.8670e-06 -9.4822e-06 -1.0939e-05 -1.2262e-05 -1.3485e-05 -1.4643e-05 -1.5762e-05 -1.6853e-05 -1.7908e-05 -1.8891e-05 -1.9730e-05 -2.0309e-05 -2.0461e-05 -1.9961e-05 -1.8547e-05
-0000.00300 -1.5290e-05 -1.3117e-05 -1.1885e-05 -1.1510e-05 -1.1810e-05 -1.2567e-05 -1.3580e-05 -1.4684e-05 -1.5761e-05 -1.6741e-05 -1.7595e-05 -1.8324e-05 -1.8940e-05 -1.9457e-05 -1.9876e-05 -2.0181e-05 -2.0329e-05 -2.0247e-05 -1.9830e-05 -1.8933e-05 -1.7371e-05 -1.4923e-05 -1.1351e-05
-0000.00400 -3.9273e-05 -3.4112e-05 -3.0047e-05 -2.7175e-05 -2.5372e-05 -2.4410e-05 -2.4034e-05 -2.4000e-05 -2.4113e-05 -2.4231e-05 -2.4275e-05 -2.4209e-05 -2.4024e-05 -2.3708e-05 -2.3237e-05 -2.2558e-05 -2.1581e-05 -2.0178e-05 -1.8176e-05 -1.5373e-05 -1.1536e-05 -6.4201e-06 +2.1188e-07
-0000.00500 -7.1126e-05 -6.0620e-05 -5.1896e-05 -4.5214e-05 -4.0420e-05 -3.7168e-05 -3.5052e-05 -3.3669e-05 -3.2667e-05 -3.1786e-05 -3.0870e-05 -2.9849e-05 -2.8694e-05 -2.7383e-05 -2.5869e-05 -2.4066e-05 -2.1829e-05 -1.8944e-05 -1.5130e-05 -1.0061e-05 -3.4066e-06 +5.1613e-06 +1.5942e-05
# Total Vertical 2nd Order Kick [T2m2]
START
            -0000.01200 -0000.01091 -0000.00982 -0000.00873 -0000.00764 -0000.00655 -0000.00545 -0000.00436 -0000.00327 -0000.00218 -0000.00109 +0000.00000 +0000.00109 +0000.00218 +0000.00327 +0000.00436 +0000.00545 +0000.00655 +0000.00764 +0000.00873 +0000.00982 +0000.01091 +0000.01200
+0000.00500 -5.9031e-04 -6.1639e-04 -6.3421e-04 -6.4535e-04 -6.5128e-04 -6.5322e-04 -6.5216e-04 -6.4887e-04 -6.4394e-04 -6.3775e-04 -6.3051e-04 -6.2230e-04 -6.1310e-04 -6.0289e-04 -5.9162e-04 -5.7923e-04 -5.6572e-04 -5.5105e-04 -5.3509e-04 -5.1755e-04 -4.9792e-04 -4.7553e-04 -4.4956e-04
+0000.00400 -4.3317e-04 -4.5253e-04 -4.6636e-04 -4.7537e-04 -4.8036e-04 -4.8209e-04 -4.8122e-04 -4.7831e-04 -4.7382e-04 -4.6807e-04 -4.6128e-04 -4.5357e-04 -4.4500e-04 -4.3558e-04 -4.2528e-04 -4.1409e-04 -4.0195e-04 -3.8881e-04 -3.7451e-04 -3.5886e-04 -3.4154e-04 -3.2214e-04 -3.0026e-04
+0000.00300 -3.1326e-04 -3.2609e-04 -3.3528e-04 -3.4113e-04 -3.4407e-04 -3.4452e-04 -3.4293e-04 -3.3967e-04 -3.3506e-04 -3.2938e-04 -3.2280e-04 -3.1545e-04 -3.0741e-04 -2.9871e-04 -2.8935e-04 -2.7932e-04 -2.6860e-04 -2.5712e-04 -2.4479e-04 -2.3148e-04 -2.1702e-04 -2.0122e-04 -1.8388e-04
+0000.00200 -2.1786e-04 -2.2470e-04 -2.2921e-04 -2.3152e-04 -2.3185e-04 -2.3044e-04 -2.2756e-04 -2.2345e-04 -2.1836e-04 -2.1245e-04 -2.0588e-04 -1.9875e-04 -1.9115e-04 -1.8310e-04 -1.7464e-04 -1.6577e-04 -1.5648e-04 -1.4675e-04 -1.3654e-04 -1.2578e-04 -1.1442e-04 -1.0238e-04 -8.9619e-05
+0000.00100 -1.3744e-04 -1.3880e-04 -1.3877e-04 -1.3742e-04 -1.3487e-04 -1.3127e-04 -1.2677e-04 -1.2153e-04 -1.1569e-04 -1.0936e-04 -1.0265e-04 -9.5637e-05 -8.8389e-05 -8.0948e-05 -7.3346e-05 -6.5609e-05 -5.7756e-05 -4.9801e-05 -4.1756e-05 -3.3626e-05 -2.5415e-05 -1.7133e-05 -8.8020e-06
+0000.00000 -6.4392e-05 -6.0519e-05 -5.6014e-05 -5.0951e-05 -4.5406e-05 -3.9454e-05 -3.3169e-05 -2.6622e-05 -1.9882e-05 -1.3011e-05 -6.0658e-06 +9.0344e-07 +7.8516e-06 +1.4737e-05 +2.1519e-05 +2.8154e-05 +3.4593e-05 +4.0784e-05 +4.6668e-05 +5.2183e-05 +5.7267e-05 +6.1854e-05 +6.5880e-05
-0000.00100 +8.0742e-06 +1.7237e-05 +2.6273e-05 +3.5110e-05 +4.3717e-05 +5.2084e-05 +6.0218e-05 +6.8126e-05 +7.5812e-05 +8.3272e-05 +9.0495e-05 +9.7462e-05 +1.0414e-04 +1.1051e-04 +1.1651e-04 +1.2208e-04 +1.2715e-04 +1.3163e-04 +1.3540e-04 +1.3835e-04 +1.4036e-04 +1.4131e-04 +1.4109e-04
-0000.00200 +8.6721e-05 +1.0154e-04 +1.1531e-04 +1.2800e-04 +1.3967e-04 +1.5042e-04 +1.6035e-04 +1.6957e-04 +1.7816e-04 +1.8619e-04 +1.9367e-04 +2.0064e-04 +2.0706e-04 +2.1292e-04 +2.1817e-04 +2.2273e-04 +2.2650e-04 +2.2934e-04 +2.3111e-04 +2.3160e-04 +2.3062e-04 +2.2797e-04 +2.2348e-04
-0000.00300 +1.7915e-04 +2.0025e-04 +2.1902e-04 +2.3559e-04 +2.5020e-04 +2.6312e-04 +2.7464e-04 +2.8499e-04 +2.9435e-04 +3.0283e-04 +3.1052e-04 +3.1744e-04 +3.2359e-04 +3.2895e-04 +3.3347e-04 +3.3707e-04 +3.3963e-04 +3.4098e-04 +3.4089e-04 +3.3910e-04 +3.3530e-04 +3.2916e-04 +3.2036e-04
-0000.00400 +2.9482e-04 +3.2292e-04 +3.4682e-04 +3.6701e-04 +3.8413e-04 +3.9876e-04 +4.1143e-04 +4.2255e-04 +4.3241e-04 +4.4117e-04 +4.4893e-04 +4.5572e-04 +4.6155e-04 +4.6639e-04 +4.7021e-04 +4.7291e-04 +4.7438e-04 +4.7443e-04 +4.7276e-04 +4.6901e-04 +4.6273e-04 +4.5339e-04 +4.4043e-04
-0000.00500 +4.4639e-04 +4.8188e-04 +5.1044e-04 +5.3339e-04 +5.5203e-04 +5.6743e-04 +5.8046e-04 +5.9176e-04 +6.0170e-04 +6.1047e-04 +6.1814e-04 +6.2470e-04 +6.3013e-04 +6.3441e-04 +6.3751e-04 +6.3937e-04 +6.3989e-04 +6.3890e-04 +6.3609e-04 +6.3096e-04 +6.2286e-04 +6.1100e-04 +5.9447e-04
# Horizontal Final Position [m]
START
            -0000.01200 -0000.01091 -0000.00982 -0000.00873 -0000.00764 -0000.00655 -0000.00545 -0000.00436 -0000.00327 -0000.00218 -0000.00109 +0000.00000 +0000.00109 +0000.00218 +0000.00327 +0000.00436 +0000.00545 +0000.00655 +0000.00764 +0000.00873 +0000.00982 +0000.01091 +0000.01200
+0000.00500 -1.2000e-02 -1.0909e-02 -9.8178e-03 -8.7267e-03 -7.6356e-03 -6.5446e-03 -5.4536e-03 -4.3626e-03 -3.2716e-03 -2.1807e-03 -1.0897e-03 +1.1953e-06 +1.0921e-03 +2.1830e-03 +3.2739e-03 +4.3648e-03 +5.4556e-03 +6.5465e-03 +7.6373e-03 +8.7281e-03 +9.8189e-03 +1.0910e-02 +1.2001e-02
+0000.00400 -1.2000e-02 -1.0909e-02 -9.8177e-03 -8.7267e-03 -7.6356e-03 -6.5446e-03 -5.4536e-03 -4.3627e-03 -3.2717e-03 -2.1808e-03 -1.0898e-03 +1.0831e-06 +1.0920e-03 +2.1829e-03 +3.2738e-03 +4.3646e-03 +5.4555e-03 +6.5463e-03 +7.6371e-03 +8.7279e-03 +9.8187e-03 +1.0910e-02 +1.2000e-02
+0000.00300 -1.2000e-02 -1.0909e-02 -9.8177e-03 -8.7266e-03 -7.6356e-03 -6.5446e-03 -5.4537e-03 -4.3627e-03 -3.2718e-03 -2.1808e-03 -1.0899e-03 +9.8385e-07 +1.0919e-03 +2.1828e-03 +3.2736e-03 +4.3645e-03 +5.4553e-03 +6.5462e-03 +7.6370e-03 +8.7278e-03 +9.8186e-03 +1.0909e-02 +1.2000e-02
+0000.00200 -1.2000e-02 -1.0909e-02 -9.8176e-03 -8.7266e-03 -7.6356e-03 -6.5447e-03 -5.4537e-03 -4.3628e-03 -3.2718e-03 -2.1809e-03 -1.0900e-03 +8.9694e-07 +1.0918e-03 +2.1827e-03 +3.2735e-03 +4.3644e-03 +5.4552e-03 +6.5460e-03 +7.6369e-03 +8.7277e-03 +9.8185e-03 +1.0909e-02 +1.2000e-02
+0000.00100 -1.2000e-02 -1.0909e-02 -9.8176e-03 -8.7266e-03 -7.6357e-03 -6.5447e-03 -5.4538e-03 -4.3628e-03 -3.2719e-03 -2.1810e-03 -1.0901e-03 +8.2160e-07 +1.0917e-03 +2.1826e-03 +3.2734e-03 +4.3643e-03 +5.4551e-03 +6.5460e-03 +7.6368e-03 +8.7276e-03 +9.8184e-03 +1.0909e-02 +1.2000e-02
+0000.00000 -1.2000e-02 -1.0909e-02 -9.8176e-03 -8.7267e-03 -7.6357e-03 -6.5448e-03 -5.4538e-03 -4.3629e-03 -3.2720e-03 -2.1810e-03 -1.0901e-03 +7.5721e-07 +1.0916e-03 +2.1825e-03 +3.2734e-03 +4.3642e-03 +5.4551e-03 +6.5459e-03 +7.6367e-03 +8.7275e-03 +9.8183e-03 +1.0909e-02 +1.2000e-02
-0000.00100 -1.2000e-02 -1.0909e-02 -9.8177e-03 -8.7267e-03 -7.6358e-03 -6.5448e-03 -5.4539e-03 -4.3629e-03 -3.2720e-03 -2.1811e-03 -1.0902e-03 +7.0334e-07 +1.0916e-03 +2.1825e-03 +3.2733e-03 +4.3642e-03 +5.4550e-03 +6.5459e-03 +7.6367e-03 +8.7275e-03 +9.8183e-03 +1.0909e-02 +1.2000e-02
-0000.00200 -1.2000e-02 -1.0909e-02 -9.8178e-03 -8.7268e-03 -7.6358e-03 -6.5449e-03 -5.4539e-03 -4.3630e-03 -3.2721e-03 -2.1812e-03 -1.0902e-03 +6.5984e-07 +1.0916e-03 +2.1824e-03 +3.2733e-03 +4.3642e-03 +5.4550e-03 +6.5458e-03 +7.6367e-03 +8.7275e-03 +9.8183e-03 +1.0909e-02 +1.2000e-02
-0000.00300 -1.2000e-02 -1.0909e-02 -9.8179e-03 -8.7269e-03 -7.6359e-03 -6.5450e-03 -5.4540e-03 -4.3631e-03 -3.2721e-03 -2.1812e-03 -1.0903e-03 +6.2679e-07 +1.0915e-03 +2.1824e-03 +3.2733e-03 +4.3642e-03 +5.4550e-03 +6.5459e-03 +7.6367e-03 +8.7275e-03 +9.8183e-03 +1.0909e-02 +1.2000e-02
-0000.00400 -1.2000e-02 -1.0909e-02 -9.8181e-03 -8.7271e-03 -7.6361e-03 -6.5451e-03 -5.4541e-03 -4.3631e-03 -3.2722e-03 -2.1812e-03 -1.0903e-03 +6.0450e-07 +1.0915e-03 +2.1824e-03 +3.2733e-03 +4.3642e-03 +5.4550e-03 +6.5459e-03 +7.6367e-03 +8.7276e-03 +9.8184e-03 +1.0909e-02 +1.2000e-02
-0000.00500 -1.2000e-02 -1.0909e-02 -9.8183e-03 -8.7272e-03 -7.6362e-03 -6.5452e-03 -5.4542e-03 -4.3632e-03 -3.2722e-03 -2.1813e-03 -1.0903e-03 +5.9331e-07 +1.0915e-03 +2.1824e-03 +3.2733e-03 +4.3642e-03 +5.4551e-03 +6.5460e-03 +7.6368e-03 +8.7277e-03 +9.8185e-03 +1.0909e-02 +1.2000e-02
# Vertical Final Position [m]
START
            -0000.01200 -0000.01091 -0000.00982 -0000.00873 -0000.00764 -0000.00655 -0000.00545 -0000.00436 -0000.00327 -0000.00218 -0000.00109 +0000.00000 +0000.00109 +0000.00218 +0000.00327 +0000.00436 +0000.00545 +0000.00655 +0000.00764 +0000.00873 +0000.00982 +0000.01091 +0000.01200
+0000.00500 +4.9942e-03 +4.9940e-03 +4.9938e-03 +4.9938e-03 +4.9937e-03 +4.9937e-03 +4.9938e-03 +4.9939e-03 +4.9940e-03 +4.9941e-03 +4.9942e-03 +4.9943e-03 +4.9945e-03 +4.9946e-03 +4.9948e-03 +4.9949e-03 +4.9951e-03 +4.9953e-03 +4.9955e-03 +4.9957e-03 +4.9959e-03 +4.9962e-03 +4.9964e-03
+0000.00400 +3.9958e-03 +3.9956e-03 +3.9955e-03 +3.9954e-03 +3.9954e-03 +3.9954e-03 +3.9954e-03 +3.9955e-03 +3.9956e-03 +3.9957e-03 +3.9958e-03 +3.9959e-03 +3.9960e-03 +3.9961e-03 +3.9963e-03 +3.9964e-03 +3.9966e-03 +3.9967e-03 +3.9969e-03 +3.9971e-03 +3.9973e-03 +3.9975e-03 +3.9977e-03
+0000.00300 +2.9969e-03 +2.9968e-03 +2.9967e-03 +2.9967e-03 +2.9967e-03 +2.9967e-03 +2.9967e-03 +2.9968e-03 +2.9969e-03 +2.9970e-03 +2.9970e-03 +2.9971e-03 +2.9972e-03 +2.9974e-03 +2.9975e-03 +2.9976e-03 +2.9977e-03 +2.9979e-03 +2.9980e-03 +2.9982e-03 +2.9983e-03 +2.9985e-03 +2.9986e-03
+0000.00200 +1.9979e-03 +1.9978e-03 +1.9978e-03 +1.9978e-03 +1.9978e-03 +1.9978e-03 +1.9978e-03 +1.9979e-03 +1.9980e-03 +1.9980e-03 +1.9981e-03 +1.9982e-03 +1.9983e-03 +1.9984e-03 +1.9985e-03 +1.9986e-03 +1.9987e-03 +1.9988e-03 +1.9989e-03 +1.9990e-03 +1.9992e-03 +1.9993e-03 +1.9994e-03
+0000.00100 +9.9869e-04 +9.9868e-04 +9.9869e-04 +9.9870e-04 +9.9873e-04 +9.9878e-04 +9.9882e-04 +9.9888e-04 +9.9895e-04 +9.9901e-04 +9.9909e-04 +9.9916e-04 +9.9924e-04 +9.9932e-04 +9.9940e-04 +9.9948e-04 +9.9956e-04 +9.9965e-04 +9.9973e-04 +9.9981e-04 +9.9989e-04 +9.9997e-04 +1.0000e-03
+0000.00000 -5.6363e-07 -5.2523e-07 -4.8128e-07 -4.3246e-07 -3.7949e-07 -3.2304e-07 -2.6378e-07 -2.0234e-07 -1.3933e-07 -7.5295e-08 -1.0757e-08 +5.3833e-08 +1.1807e-07 +1.8156e-07 +2.4393e-07 +3.0478e-07 +3.6363e-07 +4.1999e-07 +4.7330e-07 +5.2297e-07 +5.6840e-07 +6.0896e-07 +6.4408e-07
-0000.00100 -9.9982e-04 -9.9974e-04 -9.9965e-04 -9.9957e-04 -9.9949e-04 -9.9942e-04 -9.9935e-04 -9.9929e-04 -9.9922e-04 -9.9916e-04 -9.9911e-04 -9.9905e-04 -9.9900e-04 -9.9895e-04 -9.9891e-04 -9.9887e-04 -9.9883e-04 -9.9880e-04 -9.9878e-04 -9.9876e-04 -9.9875e-04 -9.9874e-04 -9.9875e-04
-0000.00200 -1.9990e-03 -1.9989e-03 -1.9988e-03 -1.9986e-03 -1.9985e-03 -1.9985e-03 -1.9984e-03 -1.9983e-03 -1.9982e-03 -1.9982e-03 -1.9981e-03 -1.9981e-03 -1.9981e-03 -1.9980e-03 -1.9980e-03 -1.9980e-03 -1.9980e-03 -1.9980e-03 -1.9980e-03 -1.9980e-03 -1.9980e-03 -1.9980e-03 -1.9981e-03
-0000.00300 -2.9981e-03 -2.9979e-03 -2.9977e-03 -2.9976e-03 -2.9974e-03 -2.9973e-03 -2.9973e-03 -2.9972e-03 -2.9971e-03 -2.9971e-03 -2.9970e-03 -2.9970e-03 -2.9970e-03 -2.9970e-03 -2.9969e-03 -2.9969e-03 -2.9970e-03 -2.9970e-03 -2.9970e-03 -2.9971e-03 -2.9971e-03 -2.9972e-03 -2.9973e-03
-0000.00400 -3.9969e-03 -3.9967e-03 -3.9964e-03 -3.9963e-03 -3.9961e-03 -3.9960e-03 -3.9959e-03 -3.9959e-03 -3.9958e-03 -3.9958e-03 -3.9957e-03 -3.9957e-03 -3.9957e-03 -3.9957e-03 -3.9957e-03 -3.9957e-03 -3.9958e-03 -3.9958e-03 -3.9959e-03 -3.9959e-03 -3.9960e-03 -3.9961e-03 -3.9963e-03
-0000.00500 -4.9954e-03 -4.9951e-03 -4.9948e-03 -4.9946e-03 -4.9945e-03 -4.9944e-03 -4.9943e-03 -4.9942e-03 -4.9942e-03 -4.9942e-03 -4.9941e-03 -4.9941e-03 -4.9941e-03 -4.9941e-03 -4.9942e-03 -4.9942e-03 -4.9943e-03 -4.9943e-03 -4.9944e-03 -4.9945e-03 -4.9946e-03 -4.9948e-03 -4.9949e-03
