# Author: FAC idanalysis.IDKickMap
#
# Total Length of Longitudinal Interval [m]
2
# Number of Horizontal Points
11
# Number of Vertical Points
3
# Total Horizontal 2nd Order Kick [T2m2]
START
            -0000.01000 -0000.00800 -0000.00600 -0000.00400 -0000.00200 +0000.00000 +0000.00200 +0000.00400 +0000.00600 +0000.00800 +0000.01000
+0000.00175 -5.7646e-02 -3.4423e-02 -5.5397e-02 -1.9404e-04 -7.5682e-05 -1.4722e-04 +4.3122e-02 -4.7577e-05 +1.8817e-03 +3.3830e-04 -4.4835e-04
+0000.00000 +2.4719e-04 +5.6315e-05 -5.7754e-05 -1.3392e-04 -1.0203e-04 -4.9755e-05 -6.6393e-05 -1.2071e-04 -4.1021e-05 +4.6057e-05 +2.7284e-04
-0000.00175 -5.9185e-08 -5.9183e-08 -5.9180e-08 -5.9178e-08 -5.9176e-08 -5.9173e-08 -5.9171e-08 -5.9166e-08 -5.9168e-08 -5.9170e-08 -5.9172e-08
# Total Vertical 2nd Order Kick [T2m2]
START
            -0000.01000 -0000.00800 -0000.00600 -0000.00400 -0000.00200 +0000.00000 +0000.00200 +0000.00400 +0000.00600 +0000.00800 +0000.01000
+0000.00175 +3.6987e-04 +1.6509e-04 +2.1719e-04 -3.8883e-05 -1.4662e-04 +1.8055e-06 +5.0036e-05 +1.0429e-06 +2.1009e-05 +1.6756e-05 +1.2977e-05
+0000.00000 -5.8227e-07 +1.5719e-05 +1.5087e-05 +2.6757e-05 -1.1752e-05 -3.0973e-05 +1.2185e-05 +3.2790e-05 -9.3223e-06 -1.9510e-05 +3.5907e-05
-0000.00175 -1.4931e-10 -1.5163e-10 -1.5395e-10 -1.5626e-10 -1.5858e-10 -1.6090e-10 -1.6322e-10 -1.1063e-10 -1.0664e-10 -1.0264e-10 -9.8654e-11
# Horizontal Final Position [m]
START
            -0000.01000 -0000.00800 -0000.00600 -0000.00400 -0000.00200 +0000.00000 +0000.00200 +0000.00400 +0000.00600 +0000.00800 +0000.01000
+0000.00175 -1.0530e-02 -8.3130e-03 -6.5090e-03 -4.0019e-03 -2.0008e-03 -2.5764e-06 +2.4749e-03 +3.9991e-03 +6.0187e-03 +8.0014e-03 +9.9924e-03
+0000.00000 -9.9975e-03 -7.9994e-03 -6.0006e-03 -4.0013e-03 -2.0011e-03 -4.8667e-07 +1.9994e-03 +3.9988e-03 +5.9996e-03 +8.0005e-03 +1.0003e-02
-0000.00175 -1.0000e-02 -8.0000e-03 -6.0000e-03 -4.0000e-03 -2.0000e-03 -1.1817e-09 +2.0000e-03 +4.0000e-03 +6.0000e-03 +8.0000e-03 +1.0000e-02
# Vertical Final Position [m]
START
            -0000.01000 -0000.00800 -0000.00600 -0000.00400 -0000.00200 +0000.00000 +0000.00200 +0000.00400 +0000.00600 +0000.00800 +0000.01000
+0000.00175 +1.7535e-03 +1.7515e-03 +1.7521e-03 +1.7496e-03 +1.7486e-03 +1.7500e-03 +1.7505e-03 +1.7500e-03 +1.7502e-03 +1.7502e-03 +1.7501e-03
+0000.00000 -2.9714e-08 +1.4259e-07 +1.3839e-07 +2.6286e-07 -8.0000e-08 -3.5609e-07 +1.1062e-07 +3.2436e-07 -9.7621e-08 -1.9124e-07 +3.5683e-07
-0000.00175 -1.7500e-03 -1.7500e-03 -1.7500e-03 -1.7500e-03 -1.7500e-03 -1.7500e-03 -1.7500e-03 -1.7500e-03 -1.7500e-03 -1.7500e-03 -1.7500e-03
