# Author: FAC idanalysis.IDKickMap
#
# Total Length of Longitudinal Interval [m]
2
# Number of Horizontal Points
11
# Number of Vertical Points
3
# Total Horizontal 2nd Order Kick [T2m2]
START
            -0000.01000 -0000.00800 -0000.00600 -0000.00400 -0000.00200 +0000.00000 +0000.00200 +0000.00400 +0000.00600 +0000.00800 +0000.01000
+0000.00175 -1.4196e-02 -1.0005e-02 -6.6241e-03 -3.6289e-03 +8.3213e-05 -2.1728e-03 +1.0130e+00 -7.0145e-04 +2.3944e-02 +4.2209e-03 -6.0597e-03
+0000.00000 -1.4081e-02 -1.0358e-02 -6.6361e-03 -3.6674e-03 -1.1058e-03 +1.8364e-04 -1.0840e-03 -3.3434e-03 -5.7021e-03 -8.7851e-03 -1.2897e-02
-0000.00175 -8.7260e-07 -8.7256e-07 -8.7253e-07 -8.7249e-07 -8.7246e-07 -8.7242e-07 -8.7238e-07 -8.7231e-07 -8.7234e-07 -8.7237e-07 -8.7240e-07
# Total Vertical 2nd Order Kick [T2m2]
START
            -0000.01000 -0000.00800 -0000.00600 -0000.00400 -0000.00200 +0000.00000 +0000.00200 +0000.00400 +0000.00600 +0000.00800 +0000.01000
+0000.00175 -5.1693e-03 -4.8392e-03 -4.2647e-03 -3.9407e-03 -3.7312e-03 +2.6795e-05 +1.0106e-03 +1.5469e-05 +2.9681e-04 +2.3389e-04 +1.8445e-04
+0000.00000 +6.6311e-04 +8.2269e-04 +7.8181e-04 +5.8105e-04 +7.1525e-04 +1.0561e-03 +6.9050e-04 +7.6435e-04 +6.7827e-04 +4.4946e-04 +9.1210e-04
-0000.00175 -2.2022e-09 -2.2365e-09 -2.2708e-09 -2.3051e-09 -2.3395e-09 -2.3738e-09 -2.4081e-09 -1.6276e-09 -1.5684e-09 -1.5093e-09 -1.4501e-09
# Horizontal Final Position [m]
START
            -0000.01000 -0000.00800 -0000.00600 -0000.00400 -0000.00200 +0000.00000 +0000.00200 +0000.00400 +0000.00600 +0000.00800 +0000.01000
+0000.00175 -1.0142e-02 -8.1000e-03 -6.0661e-03 -4.0365e-03 -1.9999e-03 -3.8023e-05 +1.2894e-02 +3.9867e-03 +6.2353e-03 +8.0126e-03 +9.8957e-03
+0000.00000 -1.0141e-02 -8.1037e-03 -6.0665e-03 -4.0370e-03 -2.0119e-03 +1.7394e-06 +1.9896e-03 +3.9669e-03 +5.9434e-03 +7.9126e-03 +9.8715e-03
-0000.00175 -1.0000e-02 -8.0000e-03 -6.0000e-03 -4.0000e-03 -2.0000e-03 -1.7423e-08 +2.0000e-03 +4.0000e-03 +6.0000e-03 +8.0000e-03 +1.0000e-02
# Vertical Final Position [m]
START
            -0000.01000 -0000.00800 -0000.00600 -0000.00400 -0000.00200 +0000.00000 +0000.00200 +0000.00400 +0000.00600 +0000.00800 +0000.01000
+0000.00175 +1.6984e-03 +1.7015e-03 +1.7075e-03 +1.7112e-03 +1.7133e-03 +1.7504e-03 +1.7604e-03 +1.7503e-03 +1.7533e-03 +1.7527e-03 +1.7521e-03
+0000.00000 +6.5086e-06 +8.1228e-06 +7.7113e-06 +5.8068e-06 +7.7068e-06 +9.8359e-06 +6.7157e-06 +7.4804e-06 +6.6640e-06 +4.4594e-06 +9.0339e-06
-0000.00175 -1.7500e-03 -1.7500e-03 -1.7500e-03 -1.7500e-03 -1.7500e-03 -1.7500e-03 -1.7500e-03 -1.7500e-03 -1.7500e-03 -1.7500e-03 -1.7500e-03
