# Author: FAC idanalysis.IDKickMap
#
# Total Length of Longitudinal Interval [m]
2
# Number of Horizontal Points
11
# Number of Vertical Points
3
# Total Horizontal 2nd Order Kick [T2m2]
START
            -0000.01000 -0000.00800 -0000.00600 -0000.00400 -0000.00200 +0000.00000 +0000.00200 +0000.00400 +0000.00600 +0000.00800 +0000.01000
+0000.00175 -5.3974e-03 -4.5233e-03 -3.7529e-03 -2.6285e-03 -4.6109e-04 -1.5000e-03 +5.3374e-01 -4.8204e-04 +2.2174e-02 +5.4867e-03 -2.7874e-03
+0000.00000 -5.0163e-03 -4.4660e-03 -3.3741e-03 -2.3980e-03 -1.0864e-03 -1.7628e-04 -9.4435e-04 -2.0742e-03 -2.4002e-03 -3.2148e-03 -4.0046e-03
-0000.00175 -5.9917e-07 -5.9914e-07 -5.9912e-07 -5.9909e-07 -5.9907e-07 -5.9904e-07 -5.9902e-07 -5.9897e-07 -5.9899e-07 -5.9901e-07 -5.9903e-07
# Total Vertical 2nd Order Kick [T2m2]
START
            -0000.01000 -0000.00800 -0000.00600 -0000.00400 -0000.00200 +0000.00000 +0000.00200 +0000.00400 +0000.00600 +0000.00800 +0000.01000
+0000.00175 -1.6065e-03 -1.6496e-03 -1.5269e-03 -2.0318e-03 -2.2470e-03 +1.8868e-05 +3.8348e-04 +1.0686e-05 +2.2813e-04 +1.8169e-04 +1.4478e-04
+0000.00000 +1.0236e-04 +3.5413e-04 +3.8489e-04 +1.9097e-04 +2.3948e-04 +5.0872e-04 +2.4189e-04 +2.4164e-04 +2.8442e-04 -3.4062e-05 +4.4827e-04
-0000.00175 -1.5573e-09 -1.5811e-09 -1.6050e-09 -1.6288e-09 -1.6527e-09 -1.6766e-09 -1.7004e-09 -1.1600e-09 -1.1196e-09 -1.0793e-09 -1.0389e-09
# Horizontal Final Position [m]
START
            -0000.01000 -0000.00800 -0000.00600 -0000.00400 -0000.00200 +0000.00000 +0000.00200 +0000.00400 +0000.00600 +0000.00800 +0000.01000
+0000.00175 -1.0054e-02 -8.0451e-03 -6.0372e-03 -4.0263e-03 -2.0050e-03 -2.6235e-05 +7.8268e-03 +3.9908e-03 +6.2250e-03 +8.0373e-03 +9.9436e-03
+0000.00000 -1.0050e-02 -8.0446e-03 -6.0337e-03 -4.0241e-03 -2.0114e-03 -1.7335e-06 +1.9909e-03 +3.9796e-03 +5.9763e-03 +7.9681e-03 +9.9602e-03
-0000.00175 -1.0000e-02 -8.0000e-03 -6.0000e-03 -4.0000e-03 -2.0000e-03 -1.1963e-08 +2.0000e-03 +4.0000e-03 +6.0000e-03 +8.0000e-03 +1.0000e-02
# Vertical Final Position [m]
START
            -0000.01000 -0000.00800 -0000.00600 -0000.00400 -0000.00200 +0000.00000 +0000.00200 +0000.00400 +0000.00600 +0000.00800 +0000.01000
+0000.00175 +1.7339e-03 +1.7333e-03 +1.7347e-03 +1.7301e-03 +1.7280e-03 +1.7503e-03 +1.7539e-03 +1.7502e-03 +1.7526e-03 +1.7521e-03 +1.7516e-03
+0000.00000 +8.0399e-07 +3.3817e-06 +3.7048e-06 +1.8693e-06 +2.7829e-06 +4.5826e-06 +2.2698e-06 +2.3063e-06 +2.7677e-06 -3.4476e-07 +4.4181e-06
-0000.00175 -1.7500e-03 -1.7500e-03 -1.7500e-03 -1.7500e-03 -1.7500e-03 -1.7500e-03 -1.7500e-03 -1.7500e-03 -1.7500e-03 -1.7500e-03 -1.7500e-03
