# Author: FAC idanalysis.IDKickMap
#
# Total Length of Longitudinal Interval [m]
2
# Number of Horizontal Points
11
# Number of Vertical Points
3
# Total Horizontal 2nd Order Kick [T2m2]
START
            -0000.01000 -0000.00800 -0000.00600 -0000.00400 -0000.00200 +0000.00000 +0000.00200 +0000.00400 +0000.00600 +0000.00800 +0000.01000
+0000.00175 -6.9599e-03 -6.0541e-03 -7.0217e-03 -3.1775e-04 -3.0747e-04 -1.5960e-05 +4.9940e-03 -5.1571e-06 +2.0598e-04 +3.5867e-05 -4.8828e-05
+0000.00000 -2.4381e-04 -2.7411e-04 -2.9430e-04 -3.0955e-04 -3.0950e-04 -3.0496e-04 -3.0560e-04 -3.0893e-04 -2.9427e-04 -2.7814e-04 -2.4234e-04
-0000.00175 -6.4155e-09 -6.4152e-09 -6.4150e-09 -6.4147e-09 -6.4144e-09 -6.4142e-09 -6.4139e-09 -6.4134e-09 -6.4136e-09 -6.4138e-09 -6.4140e-09
# Total Vertical 2nd Order Kick [T2m2]
START
            -0000.01000 -0000.00800 -0000.00600 -0000.00400 -0000.00200 +0000.00000 +0000.00200 +0000.00400 +0000.00600 +0000.00800 +0000.01000
+0000.00175 +5.1675e-05 +2.7506e-05 +3.3435e-05 -6.3137e-07 -1.5607e-05 +1.9598e-07 +5.6114e-06 +1.1314e-07 +2.2872e-06 +1.8033e-06 +1.3958e-06
+0000.00000 -4.1884e-07 +1.9777e-06 +1.5466e-06 +2.4206e-06 -2.8317e-06 -6.2088e-06 +3.0003e-07 +3.3924e-06 -1.9946e-06 -2.6913e-06 +4.2158e-06
-0000.00175 -1.6167e-11 -1.6419e-11 -1.6670e-11 -1.6921e-11 -1.7173e-11 -1.7424e-11 -1.7676e-11 -1.1970e-11 -1.1537e-11 -1.1105e-11 -1.0672e-11
# Horizontal Final Position [m]
START
            -0000.01000 -0000.00800 -0000.00600 -0000.00400 -0000.00200 +0000.00000 +0000.00200 +0000.00400 +0000.00600 +0000.00800 +0000.01000
+0000.00175 -1.0064e-02 -8.0558e-03 -6.0650e-03 -4.0032e-03 -2.0031e-03 -2.7930e-07 +2.0548e-03 +3.9999e-03 +6.0021e-03 +8.0001e-03 +9.9992e-03
+0000.00000 -1.0002e-02 -8.0027e-03 -6.0029e-03 -4.0031e-03 -2.0031e-03 -3.0442e-06 +1.9970e-03 +3.9969e-03 +5.9971e-03 +7.9972e-03 +9.9976e-03
-0000.00175 -1.0000e-02 -8.0000e-03 -6.0000e-03 -4.0000e-03 -2.0000e-03 -1.2809e-10 +2.0000e-03 +4.0000e-03 +6.0000e-03 +8.0000e-03 +1.0000e-02
# Vertical Final Position [m]
START
            -0000.01000 -0000.00800 -0000.00600 -0000.00400 -0000.00200 +0000.00000 +0000.00200 +0000.00400 +0000.00600 +0000.00800 +0000.01000
+0000.00175 +1.7505e-03 +1.7503e-03 +1.7503e-03 +1.7500e-03 +1.7498e-03 +1.7500e-03 +1.7501e-03 +1.7500e-03 +1.7500e-03 +1.7500e-03 +1.7500e-03
+0000.00000 -6.8178e-09 +1.8249e-08 +1.4145e-08 +2.3730e-08 -2.4218e-08 -6.7098e-08 +1.7646e-09 +3.3671e-08 -2.0414e-08 -2.6401e-08 +4.1953e-08
-0000.00175 -1.7500e-03 -1.7500e-03 -1.7500e-03 -1.7500e-03 -1.7500e-03 -1.7500e-03 -1.7500e-03 -1.7500e-03 -1.7500e-03 -1.7500e-03 -1.7500e-03
