# Author: FAC idanalysis.IDKickMap
#
# Total Length of Longitudinal Interval [m]
2
# Number of Horizontal Points
11
# Number of Vertical Points
3
# Total Horizontal 2nd Order Kick [T2m2]
START
            -0000.01000 -0000.00800 -0000.00600 -0000.00400 -0000.00200 +0000.00000 +0000.00200 +0000.00400 +0000.00600 +0000.00800 +0000.01000
+0000.00175 -1.0760e-02 -7.7994e-03 -5.3774e-03 -3.0729e-03 +1.5822e-04 -1.9599e-03 +8.9884e-01 -6.3105e-04 +2.8170e-02 +8.0813e-03 -2.6504e-03
+0000.00000 -1.0531e-02 -8.0125e-03 -5.2503e-03 -3.0009e-03 -8.4315e-04 +3.3416e-04 -7.8253e-04 -2.6617e-03 -4.2496e-03 -6.4944e-03 -9.3779e-03
-0000.00175 -7.8438e-07 -7.8434e-07 -7.8431e-07 -7.8428e-07 -7.8425e-07 -7.8421e-07 -7.8418e-07 -7.8412e-07 -7.8414e-07 -7.8417e-07 -7.8420e-07
# Total Vertical 2nd Order Kick [T2m2]
START
            -0000.01000 -0000.00800 -0000.00600 -0000.00400 -0000.00200 +0000.00000 +0000.00200 +0000.00400 +0000.00600 +0000.00800 +0000.01000
+0000.00175 -3.8835e-03 -3.6804e-03 -3.2937e-03 -3.3084e-03 -3.2870e-03 +2.4466e-05 +7.7547e-04 +1.4016e-05 +3.0035e-04 +2.4508e-04 +1.9705e-04
+0000.00000 +4.4428e-04 +6.5352e-04 +6.4019e-04 +4.1057e-04 +5.2776e-04 +8.6295e-04 +5.0970e-04 +5.4687e-04 +5.2054e-04 +2.3878e-04 +7.2571e-04
-0000.00175 -2.0219e-09 -2.0531e-09 -2.0842e-09 -2.1153e-09 -2.1464e-09 -2.1776e-09 -2.2087e-09 -1.5021e-09 -1.4491e-09 -1.3961e-09 -1.3431e-09
# Horizontal Final Position [m]
START
            -0000.01000 -0000.00800 -0000.00600 -0000.00400 -0000.00200 +0000.00000 +0000.00200 +0000.00400 +0000.00600 +0000.00800 +0000.01000
+0000.00175 -1.0107e-02 -8.0779e-03 -6.0535e-03 -4.0308e-03 -1.9990e-03 -3.4286e-05 +1.1674e-02 +3.9880e-03 +6.2857e-03 +8.0596e-03 +9.9379e-03
+0000.00000 -1.0105e-02 -8.0802e-03 -6.0526e-03 -4.0302e-03 -2.0092e-03 +3.2998e-06 +1.9926e-03 +3.9737e-03 +5.9579e-03 +7.9354e-03 +9.9066e-03
-0000.00175 -1.0000e-02 -8.0000e-03 -6.0000e-03 -4.0000e-03 -2.0000e-03 -1.5661e-08 +2.0000e-03 +4.0000e-03 +6.0000e-03 +8.0000e-03 +1.0000e-02
# Vertical Final Position [m]
START
            -0000.01000 -0000.00800 -0000.00600 -0000.00400 -0000.00200 +0000.00000 +0000.00200 +0000.00400 +0000.00600 +0000.00800 +0000.01000
+0000.00175 +1.7112e-03 +1.7130e-03 +1.7171e-03 +1.7174e-03 +1.7177e-03 +1.7504e-03 +1.7579e-03 +1.7503e-03 +1.7534e-03 +1.7528e-03 +1.7522e-03
+0000.00000 +4.2631e-06 +6.3933e-06 +6.2673e-06 +4.0829e-06 +5.7827e-06 +7.9742e-06 +4.9168e-06 +5.3241e-06 +5.1028e-06 +2.3661e-06 +7.1750e-06
-0000.00175 -1.7500e-03 -1.7500e-03 -1.7500e-03 -1.7500e-03 -1.7500e-03 -1.7500e-03 -1.7500e-03 -1.7500e-03 -1.7500e-03 -1.7500e-03 -1.7500e-03
