# Author: FAC idanalysis.IDKickMap
#
# Total Length of Longitudinal Interval [m]
2
# Number of Horizontal Points
11
# Number of Vertical Points
3
# Total Horizontal 2nd Order Kick [T2m2]
START
            -0000.01000 -0000.00800 -0000.00600 -0000.00400 -0000.00200 +0000.00000 +0000.00200 +0000.00400 +0000.00600 +0000.00800 +0000.01000
+0000.00175 -6.7847e-03 -5.3073e-03 -4.0519e-03 -2.5583e-03 -2.9633e-05 -1.6484e-03 +6.8959e-01 -5.3075e-04 +2.1786e-02 +5.1508e-03 -3.6690e-03
+0000.00000 -6.4285e-03 -5.3322e-03 -3.7251e-03 -2.3717e-03 -7.6729e-04 +2.5295e-04 -6.6769e-04 -2.0531e-03 -2.7036e-03 -3.9660e-03 -5.3647e-03
-0000.00175 -6.5970e-07 -6.5968e-07 -6.5965e-07 -6.5962e-07 -6.5959e-07 -6.5957e-07 -6.5954e-07 -6.5949e-07 -6.5951e-07 -6.5953e-07 -6.5955e-07
# Total Vertical 2nd Order Kick [T2m2]
START
            -0000.01000 -0000.00800 -0000.00600 -0000.00400 -0000.00200 +0000.00000 +0000.00200 +0000.00400 +0000.00600 +0000.00800 +0000.01000
+0000.00175 -2.3371e-03 -2.2381e-03 -2.0402e-03 -2.4526e-03 -2.5774e-03 +2.0587e-05 +5.2644e-04 +1.1782e-05 +2.4046e-04 +1.9456e-04 +1.5365e-04
+0000.00000 +1.7029e-04 +4.5382e-04 +4.8628e-04 +2.4219e-04 +3.3019e-04 +6.5569e-04 +3.1839e-04 +3.0399e-04 +3.7696e-04 +2.7566e-05 +5.3059e-04
-0000.00175 -1.7034e-09 -1.7296e-09 -1.7558e-09 -1.7819e-09 -1.8081e-09 -1.8343e-09 -1.8605e-09 -1.2668e-09 -1.2223e-09 -1.1778e-09 -1.1333e-09
# Horizontal Final Position [m]
START
            -0000.01000 -0000.00800 -0000.00600 -0000.00400 -0000.00200 +0000.00000 +0000.00200 +0000.00400 +0000.00600 +0000.00800 +0000.01000
+0000.00175 -1.0068e-02 -8.0529e-03 -6.0402e-03 -4.0256e-03 -2.0007e-03 -2.8836e-05 +9.4553e-03 +3.9899e-03 +6.2184e-03 +8.0311e-03 +9.9311e-03
+0000.00000 -1.0064e-02 -8.0533e-03 -6.0373e-03 -4.0238e-03 -2.0082e-03 +2.5396e-06 +1.9937e-03 +3.9798e-03 +5.9733e-03 +7.9606e-03 +9.9466e-03
-0000.00175 -1.0000e-02 -8.0000e-03 -6.0000e-03 -4.0000e-03 -2.0000e-03 -1.3172e-08 +2.0000e-03 +4.0000e-03 +6.0000e-03 +8.0000e-03 +1.0000e-02
# Vertical Final Position [m]
START
            -0000.01000 -0000.00800 -0000.00600 -0000.00400 -0000.00200 +0000.00000 +0000.00200 +0000.00400 +0000.00600 +0000.00800 +0000.01000
+0000.00175 +1.7266e-03 +1.7274e-03 +1.7296e-03 +1.7259e-03 +1.7247e-03 +1.7503e-03 +1.7554e-03 +1.7502e-03 +1.7527e-03 +1.7522e-03 +1.7517e-03
+0000.00000 +1.4975e-06 +4.3891e-06 +4.7255e-06 +2.3961e-06 +3.7407e-06 +6.0097e-06 +3.0279e-06 +2.9211e-06 +3.6902e-06 +2.7366e-07 +5.2404e-06
-0000.00175 -1.7500e-03 -1.7500e-03 -1.7500e-03 -1.7500e-03 -1.7500e-03 -1.7500e-03 -1.7500e-03 -1.7500e-03 -1.7500e-03 -1.7500e-03 -1.7500e-03
