# Author: FAC idanalysis.IDKickMap
#
# Total Length of Longitudinal Interval [m]
2
# Number of Horizontal Points
11
# Number of Vertical Points
3
# Total Horizontal 2nd Order Kick [T2m2]
START
            -0000.01000 -0000.00800 -0000.00600 -0000.00400 -0000.00200 +0000.00000 +0000.00200 +0000.00400 +0000.00600 +0000.00800 +0000.01000
+0000.00175 -3.2755e-03 -2.9252e-03 -2.5867e-03 -1.7839e-03 +2.8243e-05 -1.3494e-03 +2.9979e-01 -4.3432e-04 +2.0754e-02 +5.7383e-03 -2.1963e-03
+0000.00000 -2.8938e-03 -2.8095e-03 -2.1724e-03 -1.5335e-03 -5.0834e-04 +2.8350e-04 -3.3531e-04 -1.2353e-03 -1.2850e-03 -1.7125e-03 -1.9765e-03
-0000.00175 -5.3984e-07 -5.3982e-07 -5.3980e-07 -5.3978e-07 -5.3975e-07 -5.3973e-07 -5.3971e-07 -5.3966e-07 -5.3968e-07 -5.3970e-07 -5.3972e-07
# Total Vertical 2nd Order Kick [T2m2]
START
            -0000.01000 -0000.00800 -0000.00600 -0000.00400 -0000.00200 +0000.00000 +0000.00200 +0000.00400 +0000.00600 +0000.00800 +0000.01000
+0000.00175 -9.8034e-04 -1.1422e-03 -1.0746e-03 -1.6524e-03 -1.9325e-03 +1.6847e-05 +1.9220e-04 +9.6203e-06 +2.0657e-04 +1.6880e-04 +1.3329e-04
+0000.00000 +3.0749e-05 +2.4913e-04 +2.7414e-04 +1.3995e-04 +1.4477e-04 +3.5858e-04 +1.6525e-04 +1.8650e-04 +1.8864e-04 -9.2975e-05 +3.6370e-04
-0000.00175 -1.3996e-09 -1.4211e-09 -1.4426e-09 -1.4642e-09 -1.4857e-09 -1.5072e-09 -1.5287e-09 -1.0419e-09 -1.0055e-09 -9.6921e-10 -9.3287e-10
# Horizontal Final Position [m]
START
            -0000.01000 -0000.00800 -0000.00600 -0000.00400 -0000.00200 +0000.00000 +0000.00200 +0000.00400 +0000.00600 +0000.00800 +0000.01000
+0000.00175 -1.0033e-02 -8.0291e-03 -6.0256e-03 -4.0178e-03 -2.0000e-03 -2.3604e-05 +5.4158e-03 +3.9918e-03 +6.2113e-03 +8.0425e-03 +9.9527e-03
+0000.00000 -1.0029e-02 -8.0280e-03 -6.0217e-03 -4.0154e-03 -2.0055e-03 +2.8992e-06 +1.9970e-03 +3.9879e-03 +5.9875e-03 +7.9831e-03 +9.9805e-03
-0000.00175 -1.0000e-02 -8.0000e-03 -6.0000e-03 -4.0000e-03 -2.0000e-03 -1.0779e-08 +2.0000e-03 +4.0000e-03 +6.0000e-03 +8.0000e-03 +1.0000e-02
# Vertical Final Position [m]
START
            -0000.01000 -0000.00800 -0000.00600 -0000.00400 -0000.00200 +0000.00000 +0000.00200 +0000.00400 +0000.00600 +0000.00800 +0000.01000
+0000.00175 +1.7401e-03 +1.7383e-03 +1.7392e-03 +1.7338e-03 +1.7310e-03 +1.7503e-03 +1.7519e-03 +1.7502e-03 +1.7523e-03 +1.7519e-03 +1.7515e-03
+0000.00000 +8.3826e-08 +2.3299e-06 +2.5987e-06 +1.3505e-06 +1.7871e-06 +3.1295e-06 +1.5163e-06 +1.7685e-06 +1.8186e-06 -9.2922e-07 +3.5827e-06
-0000.00175 -1.7500e-03 -1.7500e-03 -1.7500e-03 -1.7500e-03 -1.7500e-03 -1.7500e-03 -1.7500e-03 -1.7500e-03 -1.7500e-03 -1.7500e-03 -1.7500e-03
