# Author: FAC idanalysis.IDKickMap
#
# Total Length of Longitudinal Interval [m]
2
# Number of Horizontal Points
11
# Number of Vertical Points
3
# Total Horizontal 2nd Order Kick [T2m2]
START
            -0000.01000 -0000.00800 -0000.00600 -0000.00400 -0000.00200 +0000.00000 +0000.00200 +0000.00400 +0000.00600 +0000.00800 +0000.01000
+0000.00175 -2.3306e-01 -1.4668e-01 -2.1386e-01 +1.7651e-04 +6.5982e-04 -6.3729e-04 +5.2556e-03 -2.0598e-04 +7.7996e-03 +1.2592e-03 -2.0685e-03
+0000.00000 +2.3416e-03 +1.3792e-03 +8.1244e-04 +4.3984e-04 +5.0839e-04 +7.6060e-04 +6.4029e-04 +5.1281e-04 +1.0872e-03 +1.6188e-03 +2.6367e-03
-0000.00175 -2.5624e-07 -2.5623e-07 -2.5622e-07 -2.5621e-07 -2.5620e-07 -2.5619e-07 -2.5617e-07 -2.5615e-07 -2.5616e-07 -2.5617e-07 -2.5618e-07
# Total Vertical 2nd Order Kick [T2m2]
START
            -0000.01000 -0000.00800 -0000.00600 -0000.00400 -0000.00200 +0000.00000 +0000.00200 +0000.00400 +0000.00600 +0000.00800 +0000.01000
+0000.00175 +1.3793e-03 +7.0761e-04 +7.7873e-04 -2.9041e-04 -6.7217e-04 +7.8150e-06 +1.5108e-04 +4.5141e-06 +8.9201e-05 +7.1229e-05 +5.5207e-05
+0000.00000 -4.9165e-05 +5.1000e-05 +2.9573e-05 +4.0515e-05 -8.5584e-05 -9.8571e-05 -2.0564e-05 +7.2765e-05 -2.5789e-05 -1.1428e-04 +1.5597e-04
-0000.00175 -6.4352e-10 -6.5354e-10 -6.6356e-10 -6.7359e-10 -6.8361e-10 -6.9363e-10 -7.0365e-10 -4.7647e-10 -4.5920e-10 -4.4192e-10 -4.2464e-10
# Horizontal Final Position [m]
START
            -0000.01000 -0000.00800 -0000.00600 -0000.00400 -0000.00200 +0000.00000 +0000.00200 +0000.00400 +0000.00600 +0000.00800 +0000.01000
+0000.00175 -1.2140e-02 -9.3333e-03 -7.9596e-03 -3.9982e-03 -1.9936e-03 -1.1153e-05 +2.0351e-03 +3.9961e-03 +6.0771e-03 +8.0035e-03 +9.9658e-03
+0000.00000 -9.9766e-03 -7.9862e-03 -5.9919e-03 -3.9956e-03 -1.9951e-03 +7.6283e-06 +2.0065e-03 +4.0052e-03 +6.0110e-03 +8.0162e-03 +1.0026e-02
-0000.00175 -1.0000e-02 -8.0000e-03 -6.0000e-03 -4.0000e-03 -2.0000e-03 -5.1162e-09 +2.0000e-03 +4.0000e-03 +6.0000e-03 +8.0000e-03 +1.0000e-02
# Vertical Final Position [m]
START
            -0000.01000 -0000.00800 -0000.00600 -0000.00400 -0000.00200 +0000.00000 +0000.00200 +0000.00400 +0000.00600 +0000.00800 +0000.01000
+0000.00175 +1.7631e-03 +1.7565e-03 +1.7573e-03 +1.7473e-03 +1.7434e-03 +1.7501e-03 +1.7512e-03 +1.7501e-03 +1.7510e-03 +1.7508e-03 +1.7506e-03
+0000.00000 -5.9267e-07 +4.4628e-07 +2.4111e-07 +3.8660e-07 -6.9425e-07 -1.1843e-06 -2.5250e-07 +7.0647e-07 -2.7516e-07 -1.1233e-06 +1.5513e-06
-0000.00175 -1.7500e-03 -1.7500e-03 -1.7500e-03 -1.7500e-03 -1.7500e-03 -1.7500e-03 -1.7500e-03 -1.7500e-03 -1.7500e-03 -1.7500e-03 -1.7500e-03
