# Author: FAC idanalysis.IDKickMap
#
# Total Length of Longitudinal Interval [m]
2
# Number of Horizontal Points
11
# Number of Vertical Points
3
# Total Horizontal 2nd Order Kick [T2m2]
START
            -0000.01000 -0000.00800 -0000.00600 -0000.00400 -0000.00200 +0000.00000 +0000.00200 +0000.00400 +0000.00600 +0000.00800 +0000.01000
+0000.00175 -1.1517e-01 -4.3150e-02 -1.0098e-01 -1.4239e-04 +1.3062e-04 -3.1198e-04 +6.5862e-02 -1.0082e-04 +3.8617e-03 +6.0454e-04 -1.0369e-03
+0000.00000 +8.4359e-04 +4.1769e-04 +1.7240e-04 +8.3927e-06 +7.4743e-05 +1.9195e-04 +1.4953e-04 +5.8042e-05 +2.6474e-04 +4.6976e-04 +9.4613e-04
-0000.00175 -1.2543e-07 -1.2542e-07 -1.2542e-07 -1.2541e-07 -1.2540e-07 -1.2540e-07 -1.2539e-07 -1.2538e-07 -1.2539e-07 -1.2539e-07 -1.2540e-07
# Total Vertical 2nd Order Kick [T2m2]
START
            -0000.01000 -0000.00800 -0000.00600 -0000.00400 -0000.00200 +0000.00000 +0000.00200 +0000.00400 +0000.00600 +0000.00800 +0000.01000
+0000.00175 +6.6964e-04 +2.5384e-04 +3.6072e-04 -1.5039e-04 -3.9659e-04 +3.8270e-06 +7.4969e-05 +2.2104e-06 +4.3905e-05 +3.4703e-05 +2.6674e-05
+0000.00000 -5.3223e-05 -1.0597e-05 -1.9902e-05 -1.3708e-05 -9.4635e-05 -1.2282e-04 -3.5668e-05 +1.7409e-05 -4.9684e-05 -7.2919e-05 +5.8772e-05
-0000.00175 -3.1578e-10 -3.2069e-10 -3.2560e-10 -3.3051e-10 -3.3542e-10 -3.4033e-10 -3.4524e-10 -2.3376e-10 -2.2530e-10 -2.1684e-10 -2.0838e-10
# Horizontal Final Position [m]
START
            -0000.01000 -0000.00800 -0000.00600 -0000.00400 -0000.00200 +0000.00000 +0000.00200 +0000.00400 +0000.00600 +0000.00800 +0000.01000
+0000.00175 -1.1058e-02 -8.3904e-03 -6.9241e-03 -4.0014e-03 -1.9988e-03 -5.4597e-06 +2.7486e-03 +3.9981e-03 +6.0382e-03 +8.0016e-03 +9.9830e-03
+0000.00000 -9.9916e-03 -7.9958e-03 -5.9983e-03 -3.9999e-03 -1.9993e-03 +1.9411e-06 +2.0016e-03 +4.0006e-03 +6.0027e-03 +8.0047e-03 +1.0009e-02
-0000.00175 -1.0000e-02 -8.0000e-03 -6.0000e-03 -4.0000e-03 -2.0000e-03 -2.5043e-09 +2.0000e-03 +4.0000e-03 +6.0000e-03 +8.0000e-03 +1.0000e-02
# Vertical Final Position [m]
START
            -0000.01000 -0000.00800 -0000.00600 -0000.00400 -0000.00200 +0000.00000 +0000.00200 +0000.00400 +0000.00600 +0000.00800 +0000.01000
+0000.00175 +1.7563e-03 +1.7523e-03 +1.7534e-03 +1.7486e-03 +1.7461e-03 +1.7501e-03 +1.7508e-03 +1.7500e-03 +1.7505e-03 +1.7504e-03 +1.7503e-03
+0000.00000 -5.8081e-07 -1.3543e-07 -2.2429e-07 -1.4515e-07 -8.6530e-07 -1.3243e-06 -3.7862e-07 +1.6703e-07 -5.0423e-07 -7.1876e-07 +5.8481e-07
-0000.00175 -1.7500e-03 -1.7500e-03 -1.7500e-03 -1.7500e-03 -1.7500e-03 -1.7500e-03 -1.7500e-03 -1.7500e-03 -1.7500e-03 -1.7500e-03 -1.7500e-03
