# Author: FAC idanalysis.IDKickMap
#
# Total Length of Longitudinal Interval [m]
2
# Number of Horizontal Points
11
# Number of Vertical Points
3
# Total Horizontal 2nd Order Kick [T2m2]
START
            -0000.01000 -0000.00800 -0000.00600 -0000.00400 -0000.00200 +0000.00000 +0000.00200 +0000.00400 +0000.00600 +0000.00800 +0000.01000
+0000.00175 -1.6725e-03 -1.7689e-03 -1.8125e-03 -1.2959e-03 +1.6564e-04 -1.1959e-03 +2.3655e-01 -3.8501e-04 +1.6782e-02 +3.8104e-03 -2.6966e-03
+0000.00000 -1.2842e-03 -1.5911e-03 -1.3525e-03 -1.0233e-03 -2.7068e-04 +3.9996e-04 -7.9825e-05 -7.6725e-04 -5.8466e-04 -6.8227e-04 -4.9329e-04
-0000.00175 -4.7856e-07 -4.7854e-07 -4.7852e-07 -4.7850e-07 -4.7848e-07 -4.7846e-07 -4.7844e-07 -4.7840e-07 -4.7842e-07 -4.7844e-07 -4.7845e-07
# Total Vertical 2nd Order Kick [T2m2]
START
            -0000.01000 -0000.00800 -0000.00600 -0000.00400 -0000.00200 +0000.00000 +0000.00200 +0000.00400 +0000.00600 +0000.00800 +0000.01000
+0000.00175 -4.2004e-04 -6.7877e-04 -6.4538e-04 -1.2836e-03 -1.6055e-03 +1.4918e-05 +1.8227e-04 +8.5202e-06 +1.7653e-04 +1.4178e-04 +1.1267e-04
+0000.00000 -1.1737e-05 +1.7437e-04 +1.9113e-04 +1.1158e-04 +7.3959e-05 +2.3011e-04 +1.0684e-04 +1.4985e-04 +1.1712e-04 -1.1994e-04 +3.0856e-04
-0000.00175 -1.2367e-09 -1.2556e-09 -1.2745e-09 -1.2934e-09 -1.3123e-09 -1.3312e-09 -1.3501e-09 -9.2037e-10 -8.8809e-10 -8.5581e-10 -8.2353e-10
# Horizontal Final Position [m]
START
            -0000.01000 -0000.00800 -0000.00600 -0000.00400 -0000.00200 +0000.00000 +0000.00200 +0000.00400 +0000.00600 +0000.00800 +0000.01000
+0000.00175 -1.0017e-02 -8.0175e-03 -6.0179e-03 -4.0129e-03 -1.9986e-03 -2.0919e-05 +4.7277e-03 +3.9927e-03 +6.1691e-03 +8.0232e-03 +9.9495e-03
+0000.00000 -1.0013e-02 -8.0159e-03 -6.0135e-03 -4.0103e-03 -2.0031e-03 +4.0637e-06 +1.9995e-03 +3.9926e-03 +5.9944e-03 +7.9934e-03 +9.9953e-03
-0000.00175 -1.0000e-02 -8.0000e-03 -6.0000e-03 -4.0000e-03 -2.0000e-03 -9.5552e-09 +2.0000e-03 +4.0000e-03 +6.0000e-03 +8.0000e-03 +1.0000e-02
# Vertical Final Position [m]
START
            -0000.01000 -0000.00800 -0000.00600 -0000.00400 -0000.00200 +0000.00000 +0000.00200 +0000.00400 +0000.00600 +0000.00800 +0000.01000
+0000.00175 +1.7457e-03 +1.7430e-03 +1.7435e-03 +1.7375e-03 +1.7343e-03 +1.7502e-03 +1.7518e-03 +1.7502e-03 +1.7520e-03 +1.7516e-03 +1.7513e-03
+0000.00000 -3.1899e-07 +1.6029e-06 +1.7881e-06 +1.0736e-06 +1.0428e-06 +1.9066e-06 +9.5940e-07 +1.4264e-06 +1.1233e-06 -1.1848e-06 +3.0509e-06
-0000.00175 -1.7500e-03 -1.7500e-03 -1.7500e-03 -1.7500e-03 -1.7500e-03 -1.7500e-03 -1.7500e-03 -1.7500e-03 -1.7500e-03 -1.7500e-03 -1.7500e-03
