# Author: FAC idanalysis.IDKickMap
#
# Total Length of Longitudinal Interval [m]
2
# Number of Horizontal Points
11
# Number of Vertical Points
3
# Total Horizontal 2nd Order Kick [T2m2]
START
            -0000.01000 -0000.00800 -0000.00600 -0000.00400 -0000.00200 +0000.00000 +0000.00200 +0000.00400 +0000.00600 +0000.00800 +0000.01000
+0000.00175 -1.7218e-02 -1.1829e-02 -7.5120e-03 -3.8266e-03 +3.2538e-04 -2.3643e-03 +1.0928e+00 -7.6334e-04 +2.5689e-02 +4.9603e-03 -6.1974e-03
+0000.00000 -1.7226e-02 -1.2339e-02 -7.6769e-03 -4.0005e-03 -1.0525e-03 +3.4889e-04 -1.0606e-03 -3.6849e-03 -6.7877e-03 -1.0689e-02 -1.5991e-02
-0000.00175 -9.4959e-07 -9.4955e-07 -9.4951e-07 -9.4947e-07 -9.4943e-07 -9.4939e-07 -9.4935e-07 -9.4927e-07 -9.4931e-07 -9.4934e-07 -9.4937e-07
# Total Vertical 2nd Order Kick [T2m2]
START
            -0000.01000 -0000.00800 -0000.00600 -0000.00400 -0000.00200 +0000.00000 +0000.00200 +0000.00400 +0000.00600 +0000.00800 +0000.01000
+0000.00175 -6.3841e-03 -5.9154e-03 -5.1789e-03 -4.5603e-03 -4.1497e-03 +2.9112e-05 +1.1298e-03 +1.6829e-05 +3.1953e-04 +2.5443e-04 +2.0050e-04
+0000.00000 +9.0321e-04 +1.0099e-03 +9.4404e-04 +7.4285e-04 +8.7403e-04 +1.1860e-03 +8.1030e-04 +8.9796e-04 +7.6613e-04 +5.7770e-04 +1.0248e-03
-0000.00175 -2.3989e-09 -2.4364e-09 -2.4740e-09 -2.5115e-09 -2.5491e-09 -2.5866e-09 -2.6242e-09 -1.7692e-09 -1.7050e-09 -1.6408e-09 -1.5767e-09
# Horizontal Final Position [m]
START
            -0000.01000 -0000.00800 -0000.00600 -0000.00400 -0000.00200 +0000.00000 +0000.00200 +0000.00400 +0000.00600 +0000.00800 +0000.01000
+0000.00175 -1.0172e-02 -8.1183e-03 -6.0750e-03 -4.0386e-03 -1.9975e-03 -4.1374e-05 +1.3755e-02 +3.9855e-03 +6.2524e-03 +8.0182e-03 +9.8913e-03
+0000.00000 -1.0172e-02 -8.1236e-03 -6.0770e-03 -4.0403e-03 -2.0115e-03 +3.3638e-06 +1.9899e-03 +3.9636e-03 +5.9326e-03 +7.8936e-03 +9.8406e-03
-0000.00175 -1.0000e-02 -8.0000e-03 -6.0000e-03 -4.0000e-03 -2.0000e-03 -1.8960e-08 +2.0000e-03 +4.0000e-03 +6.0000e-03 +8.0000e-03 +1.0000e-02
# Vertical Final Position [m]
START
            -0000.01000 -0000.00800 -0000.00600 -0000.00400 -0000.00200 +0000.00000 +0000.00200 +0000.00400 +0000.00600 +0000.00800 +0000.01000
+0000.00175 +1.6863e-03 +1.6908e-03 +1.6984e-03 +1.7050e-03 +1.7091e-03 +1.7505e-03 +1.7617e-03 +1.7503e-03 +1.7536e-03 +1.7529e-03 +1.7523e-03
+0000.00000 +8.9657e-06 +1.0028e-05 +9.3515e-06 +7.4213e-06 +9.3124e-06 +1.1062e-05 +7.8957e-06 +8.7926e-06 +7.5193e-06 +5.7179e-06 +1.0140e-05
-0000.00175 -1.7500e-03 -1.7500e-03 -1.7500e-03 -1.7500e-03 -1.7500e-03 -1.7500e-03 -1.7500e-03 -1.7500e-03 -1.7500e-03 -1.7500e-03 -1.7500e-03
