# Author: FAC idanalysis.IDKickMap
#
# Total Length of Longitudinal Interval [m]
2
# Number of Horizontal Points
11
# Number of Vertical Points
3
# Total Horizontal 2nd Order Kick [T2m2]
START
            -0000.01000 -0000.00800 -0000.00600 -0000.00400 -0000.00200 +0000.00000 +0000.00200 +0000.00400 +0000.00600 +0000.00800 +0000.01000
+0000.00175 -2.1023e-03 -7.4326e-04 -1.1290e-03 -8.7852e-04 +2.3944e-04 -1.0331e-03 +1.0033e-01 -3.3294e-04 +1.4716e-02 +3.3870e-03 -2.2929e-03
+0000.00000 +1.0854e-04 -5.2983e-04 -6.4652e-04 -6.0527e-04 -1.1158e-04 +4.3125e-04 +8.1797e-05 -4.0273e-04 -2.0575e-05 +1.7096e-04 +7.5739e-04
-0000.00175 -4.1383e-07 -4.1381e-07 -4.1380e-07 -4.1378e-07 -4.1376e-07 -4.1375e-07 -4.1373e-07 -4.1370e-07 -4.1371e-07 -4.1372e-07 -4.1374e-07
# Total Vertical 2nd Order Kick [T2m2]
START
            -0000.01000 -0000.00800 -0000.00600 -0000.00400 -0000.00200 +0000.00000 +0000.00200 +0000.00400 +0000.00600 +0000.00800 +0000.01000
+0000.00175 +2.2005e-04 -2.6567e-04 -2.5100e-04 -9.3766e-04 -1.2863e-03 +1.2843e-05 +1.1586e-04 +7.3599e-06 +1.5347e-04 +1.2345e-04 +9.8134e-05
+0000.00000 -4.5133e-05 +1.1195e-04 +1.1632e-04 +8.3981e-05 +8.7479e-06 +1.0892e-04 +5.3251e-05 +1.1722e-04 +5.3057e-05 -1.3925e-04 +2.5129e-04
-0000.00175 -1.0634e-09 -1.0797e-09 -1.0959e-09 -1.1122e-09 -1.1284e-09 -1.1447e-09 -1.1609e-09 -7.9355e-10 -7.6560e-10 -7.3765e-10 -7.0970e-10
# Horizontal Final Position [m]
START
            -0000.01000 -0000.00800 -0000.00600 -0000.00400 -0000.00200 +0000.00000 +0000.00200 +0000.00400 +0000.00600 +0000.00800 +0000.01000
+0000.00175 -1.0036e-02 -8.0073e-03 -6.0111e-03 -4.0087e-03 -1.9978e-03 -1.8074e-05 +3.3063e-03 +3.9937e-03 +6.1484e-03 +8.0211e-03 +9.9568e-03
+0000.00000 -9.9989e-03 -8.0053e-03 -6.0064e-03 -4.0061e-03 -2.0014e-03 +4.3643e-06 +2.0011e-03 +3.9962e-03 +6.0000e-03 +8.0019e-03 +1.0008e-02
-0000.00175 -1.0000e-02 -8.0000e-03 -6.0000e-03 -4.0000e-03 -2.0000e-03 -8.2628e-09 +2.0000e-03 +4.0000e-03 +6.0000e-03 +8.0000e-03 +1.0000e-02
# Vertical Final Position [m]
START
            -0000.01000 -0000.00800 -0000.00600 -0000.00400 -0000.00200 +0000.00000 +0000.00200 +0000.00400 +0000.00600 +0000.00800 +0000.01000
+0000.00175 +1.7519e-03 +1.7472e-03 +1.7475e-03 +1.7409e-03 +1.7374e-03 +1.7502e-03 +1.7512e-03 +1.7501e-03 +1.7517e-03 +1.7514e-03 +1.7511e-03
+0000.00000 -6.2179e-07 +1.0033e-06 +1.0622e-06 +8.0481e-07 +3.5012e-07 +7.5488e-07 +4.4569e-07 +1.1193e-06 +4.9481e-07 -1.3728e-06 +2.4893e-06
-0000.00175 -1.7500e-03 -1.7500e-03 -1.7500e-03 -1.7500e-03 -1.7500e-03 -1.7500e-03 -1.7500e-03 -1.7500e-03 -1.7500e-03 -1.7500e-03 -1.7500e-03
