# Author: FAC idanalysis.IDKickMap
#
# Total Length of Longitudinal Interval [m]
2
# Number of Horizontal Points
11
# Number of Vertical Points
3
# Total Horizontal 2nd Order Kick [T2m2]
START
            -0000.01000 -0000.00800 -0000.00600 -0000.00400 -0000.00200 +0000.00000 +0000.00200 +0000.00400 +0000.00600 +0000.00800 +0000.01000
+0000.00175 -2.2186e-01 +6.2073e-03 -8.4737e-02 -4.6454e-04 +3.2916e-04 -8.5332e-04 +6.7838e-03 -2.7542e-04 +1.1606e-02 +2.3482e-03 -2.3093e-03
+0000.00000 +1.3315e-03 +4.3564e-04 +2.0226e-05 -1.9051e-04 +7.0452e-05 +4.7873e-04 +2.5263e-04 -3.7864e-05 +4.9987e-04 +9.2525e-04 +1.8283e-03
-0000.00175 -3.4234e-07 -3.4233e-07 -3.4232e-07 -3.4230e-07 -3.4229e-07 -3.4227e-07 -3.4226e-07 -3.4223e-07 -3.4224e-07 -3.4225e-07 -3.4227e-07
# Total Vertical 2nd Order Kick [T2m2]
START
            -0000.01000 -0000.00800 -0000.00600 -0000.00400 -0000.00200 +0000.00000 +0000.00200 +0000.00400 +0000.00600 +0000.00800 +0000.01000
+0000.00175 +1.2133e-03 +1.2193e-04 +4.5530e-04 -6.1817e-04 -9.8734e-04 +1.0546e-05 +2.2383e-04 +6.0898e-06 +1.2463e-04 +9.9440e-05 +7.7625e-05
+0000.00000 -6.0059e-05 +6.7149e-05 +5.5550e-05 +5.4406e-05 -5.5280e-05 -1.3495e-05 +1.4153e-06 +8.7407e-05 +1.8486e-06 -1.3973e-04 +2.0249e-04
-0000.00175 -8.7117e-10 -8.8461e-10 -8.9805e-10 -9.1149e-10 -9.2493e-10 -9.3837e-10 -9.5181e-10 -6.4667e-10 -6.2359e-10 -6.0051e-10 -5.7743e-10
# Horizontal Final Position [m]
START
            -0000.01000 -0000.00800 -0000.00600 -0000.00400 -0000.00200 +0000.00000 +0000.00200 +0000.00400 +0000.00600 +0000.00800 +0000.01000
+0000.00175 -1.2020e-02 -7.9606e-03 -6.7677e-03 -4.0046e-03 -1.9969e-03 -1.4930e-05 +2.0440e-03 +3.9948e-03 +6.1163e-03 +8.0123e-03 +9.9595e-03
+0000.00000 -9.9867e-03 -7.9956e-03 -5.9998e-03 -4.0019e-03 -1.9996e-03 +4.8243e-06 +2.0027e-03 +3.9998e-03 +6.0052e-03 +8.0094e-03 +1.0018e-02
-0000.00175 -1.0000e-02 -8.0000e-03 -6.0000e-03 -4.0000e-03 -2.0000e-03 -6.8354e-09 +2.0000e-03 +4.0000e-03 +6.0000e-03 +8.0000e-03 +1.0000e-02
# Vertical Final Position [m]
START
            -0000.01000 -0000.00800 -0000.00600 -0000.00400 -0000.00200 +0000.00000 +0000.00200 +0000.00400 +0000.00600 +0000.00800 +0000.01000
+0000.00175 +1.7613e-03 +1.7510e-03 +1.7541e-03 +1.7440e-03 +1.7403e-03 +1.7502e-03 +1.7519e-03 +1.7501e-03 +1.7514e-03 +1.7511e-03 +1.7509e-03
+0000.00000 -7.3756e-07 +5.8190e-07 +4.7867e-07 +5.1839e-07 -3.3362e-07 -4.0431e-07 -5.1214e-08 +8.3955e-07 -5.3297e-09 -1.3733e-06 +2.0127e-06
-0000.00175 -1.7500e-03 -1.7500e-03 -1.7500e-03 -1.7500e-03 -1.7500e-03 -1.7500e-03 -1.7500e-03 -1.7500e-03 -1.7500e-03 -1.7500e-03 -1.7500e-03
