# Author: FAC idanalysis.IDKickMap
# 
# Total Length of Longitudinal Interval [m]
1.3
# Number of Horizontal Points
23
# Number of Vertical Points
11
# Total Horizontal 2nd Order Kick [T2m2]
START
            -0000.01200 -0000.01091 -0000.00982 -0000.00873 -0000.00764 -0000.00655 -0000.00545 -0000.00436 -0000.00327 -0000.00218 -0000.00109 +0000.00000 +0000.00109 +0000.00218 +0000.00327 +0000.00436 +0000.00545 +0000.00655 +0000.00764 +0000.00873 +0000.00982 +0000.01091 +0000.01200 
+0000.00500 -4.2267e-03 -4.4651e-03 -4.4538e-03 -4.4471e-03 -4.4452e-03 -4.4464e-03 -4.4779e-03 -4.4617e-03 -4.4531e-03 -4.4517e-03 -4.4570e-03 -4.4644e-03 -4.4583e-03 -4.4531e-03 -4.4547e-03 -4.4634e-03 -4.4806e-03 -4.4540e-03 -4.4543e-03 -4.4590e-03 -4.4717e-03 -4.4974e-03 -4.6918e-03 
+0000.00400 -3.2442e-03 -2.3427e-03 -2.3101e-03 -2.2904e-03 -2.2821e-03 -2.2936e-03 -2.3107e-03 -2.2904e-03 -2.2834e-03 -2.2770e-03 -2.2805e-03 -1.0614e-03 -1.0272e-04 -8.9968e-05 -8.8050e-05 -9.4109e-05 -1.1406e-04 -1.0791e-04 -8.0966e-05 -7.4476e-05 -1.0454e-04 -8.8528e-05 -1.2621e-03 
+0000.00300 -7.0685e-05 -8.1607e-05 -7.7703e-05 -7.5246e-05 -7.7716e-05 -8.7419e-05 -9.2697e-05 -8.4122e-05 -7.8589e-05 -7.8634e-05 -8.4659e-05 -9.2108e-05 -8.5567e-05 -7.9440e-05 -7.9144e-05 -8.4170e-05 -9.2576e-05 -9.0047e-05 -7.9664e-05 -7.5743e-05 -7.6865e-05 -8.0299e-05 -7.8838e-05 
+0000.00200 -6.3589e-05 -6.5555e-05 -6.3807e-05 -6.2216e-05 -6.3031e-05 -6.5943e-05 -6.7059e-05 -6.4611e-05 -6.2245e-05 -6.2230e-05 -6.4473e-05 -6.6273e-05 -6.4761e-05 -6.2521e-05 -6.2319e-05 -6.4306e-05 -6.6414e-05 -6.4914e-05 -6.0570e-05 -5.7055e-05 -5.4666e-05 -5.0851e-05 -4.0243e-05 
+0000.00100 -5.4311e-05 -5.1362e-05 -4.8456e-05 -4.6325e-05 -4.5537e-05 -4.5689e-05 -4.5547e-05 -4.4589e-05 -4.3657e-05 -4.3554e-05 -4.4201e-05 -4.4677e-05 -4.4272e-05 -4.3559e-05 -4.3400e-05 -4.3852e-05 -4.4053e-05 -4.2924e-05 -4.0526e-05 -3.7639e-05 -3.4144e-05 -2.8582e-05 -1.8523e-05 
+0000.00000 -4.2790e-05 -3.6247e-05 -3.1756e-05 -2.8754e-05 -2.6799e-05 -2.5588e-05 -2.4880e-05 -2.4465e-05 -2.4215e-05 -2.4081e-05 -2.4039e-05 -2.4054e-05 -2.4063e-05 -2.4001e-05 -2.3834e-05 -2.3541e-05 -2.3067e-05 -2.2284e-05 -2.0979e-05 -1.8911e-05 -1.5773e-05 -1.1117e-05 -4.3785e-06 
-0000.00100 -2.8292e-05 -1.8610e-05 -1.3299e-05 -9.9608e-06 -7.1846e-06 -4.8968e-06 -3.8836e-06 -4.1647e-06 -4.6472e-06 -4.4950e-06 -3.7933e-06 -3.4193e-06 -3.9113e-06 -4.5286e-06 -4.3673e-06 -3.3785e-06 -2.3858e-06 -2.2071e-06 -2.2747e-06 -1.3641e-06 +8.9076e-07 +3.8969e-06 +6.9352e-06 
-0000.00200 -6.1310e-06 +3.8312e-06 +7.3159e-06 +9.5517e-06 +1.2987e-05 +1.7208e-05 +1.8490e-05 +1.6271e-05 +1.4291e-05 +1.4538e-05 +1.6791e-05 +1.8209e-05 +1.6338e-05 +1.4159e-05 +1.4287e-05 +1.6745e-05 +1.9182e-05 +1.8009e-05 +1.5198e-05 +1.4559e-05 +1.6299e-05 +1.8096e-05 +1.6079e-05 
-0000.00300 +3.2688e-05 +3.3303e-05 +2.9584e-05 +2.8369e-05 +3.2321e-05 +4.2686e-05 +4.4539e-05 +3.6071e-05 +3.1153e-05 +3.1587e-05 +3.7862e-05 +4.4072e-05 +3.6402e-05 +3.0583e-05 +3.0750e-05 +3.6492e-05 +4.5029e-05 +3.9263e-05 +2.9873e-05 +2.7711e-05 +3.0416e-05 +3.4407e-05 +2.2681e-05 
-0000.00400 -2.7440e-03 -2.2334e-03 -2.2290e-03 -2.2224e-03 -2.2114e-03 -2.1841e-03 -2.1709e-03 -2.1920e-03 -2.1993e-03 -2.1984e-03 -2.1862e-03 -1.1530e-03 -1.7420e-05 -1.8342e-05 -1.3980e-05 -4.1445e-06 +8.9284e-06 -1.5226e-06 -1.8732e-05 -1.3096e-05 -2.1692e-03 -2.1530e-03 -2.9017e-03 
-0000.00500 -4.0798e-03 -4.2926e-03 -4.3180e-03 -4.3307e-03 -4.3352e-03 -4.3358e-03 -4.3071e-03 -4.3243e-03 -4.3329e-03 -4.3343e-03 -4.3291e-03 -4.3231e-03 -4.3306e-03 -4.3358e-03 -4.3342e-03 -4.3254e-03 -4.3091e-03 -4.3433e-03 -4.3445e-03 -4.3424e-03 -4.3355e-03 -4.3240e-03 -4.5868e-03 
# Total Vertical 2nd Order Kick [T2m2]
START
            -0000.01200 -0000.01091 -0000.00982 -0000.00873 -0000.00764 -0000.00655 -0000.00545 -0000.00436 -0000.00327 -0000.00218 -0000.00109 +0000.00000 +0000.00109 +0000.00218 +0000.00327 +0000.00436 +0000.00545 +0000.00655 +0000.00764 +0000.00873 +0000.00982 +0000.01091 +0000.01200 
+0000.00500 -8.3402e-05 -8.0749e-05 -8.2430e-05 -8.4874e-05 -8.4295e-05 -7.5950e-05 -7.5240e-05 -7.0710e-05 -7.2732e-05 -7.5141e-05 -7.4363e-05 -6.8152e-05 -5.8695e-05 -5.7925e-05 -6.1079e-05 -6.4679e-05 -6.3617e-05 -6.4713e-05 -5.7058e-05 -6.0272e-05 -6.9330e-05 -8.2657e-05 -1.2019e-04 
+0000.00400 -1.6463e-03 -8.4848e-04 -9.1069e-04 -8.7497e-04 -7.7321e-04 -8.4567e-04 -2.2102e-04 -2.1296e-04 -2.4213e-04 -3.0118e-04 -4.3352e-04 -4.8277e-04 -5.9711e-04 -6.0656e-04 -6.1678e-04 -6.2858e-04 -6.4490e-04 -7.2698e-04 -7.3223e-04 -7.4380e-04 -1.1313e-03 -2.0758e-03 -4.2988e-03 
+0000.00300 -8.4732e-05 -1.0621e-04 -1.2375e-04 -1.3724e-04 -1.5019e-04 -1.6808e-04 -2.0104e-04 -2.2775e-04 -2.4599e-04 -2.6215e-04 -2.8060e-04 -3.0942e-04 -3.3929e-04 -3.5858e-04 -3.7540e-04 -3.9414e-04 -4.2046e-04 -4.5611e-04 -4.8014e-04 -4.9944e-04 -5.2161e-04 -5.5203e-04 -5.9854e-04 
+0000.00200 +5.9070e-05 +4.5244e-05 +2.8345e-05 +1.1604e-05 -5.9852e-06 -2.6876e-05 -5.1766e-05 -7.5888e-05 -9.7008e-05 -1.1697e-04 -1.3837e-04 -1.6288e-04 -1.8762e-04 -2.0944e-04 -2.2985e-04 -2.5144e-04 -2.7627e-04 -3.0300e-04 -3.2714e-04 -3.4910e-04 -3.7199e-04 -3.9842e-04 -4.2901e-04 
+0000.00100 +1.5704e-04 +1.4245e-04 +1.2499e-04 +1.0638e-04 +8.6613e-05 +6.5034e-05 +4.1894e-05 +1.8805e-05 -3.2377e-06 -2.4774e-05 -4.6926e-05 -7.0121e-05 -9.3385e-05 -1.1570e-04 -1.3747e-04 -1.5982e-04 -1.8342e-04 -2.0749e-04 -2.3058e-04 -2.5250e-04 -2.7420e-04 -2.9616e-04 -3.1695e-04 
+0000.00000 +2.3462e-04 +2.1804e-04 +1.9892e-04 +1.7875e-04 +1.5768e-04 +1.3544e-04 +1.1232e-04 +8.9292e-05 +6.6935e-05 +4.4928e-05 +2.2566e-05 -3.5885e-07 -2.3272e-05 -4.5617e-05 -6.7625e-05 -9.0002e-05 -1.1305e-04 -1.3614e-04 -1.5833e-04 -1.7932e-04 -1.9941e-04 -2.1836e-04 -2.3463e-04 
-0000.00100 +3.1662e-04 +2.9558e-04 +2.7353e-04 +2.5179e-04 +2.2983e-04 +2.0669e-04 +1.8261e-04 +1.5906e-04 +1.3675e-04 +1.1500e-04 +9.2662e-05 +6.9390e-05 +4.6229e-05 +2.4119e-05 +2.5932e-06 -1.9470e-05 -4.2572e-05 -6.5666e-05 -8.7156e-05 -1.0683e-04 -1.2534e-04 -1.4262e-04 -1.5688e-04 
-0000.00200 +4.2791e-04 +3.9738e-04 +3.7107e-04 +3.4825e-04 +3.2629e-04 +3.0206e-04 +2.7533e-04 +2.5064e-04 +2.2915e-04 +2.0876e-04 +1.8687e-04 +1.6209e-04 +1.3768e-04 +1.1638e-04 +9.6439e-05 +7.5266e-05 +5.1077e-05 +2.6287e-05 +5.5772e-06 -1.1890e-05 -2.8536e-05 -4.5276e-05 -5.8652e-05 
-0000.00300 +5.9589e-04 +5.5032e-04 +5.2039e-04 +4.9847e-04 +4.7923e-04 +4.5489e-04 +4.1927e-04 +3.9336e-04 +3.7477e-04 +3.5798e-04 +3.3853e-04 +3.0833e-04 +2.7995e-04 +2.6169e-04 +2.4556e-04 +2.2721e-04 +2.0013e-04 +1.6753e-04 +1.5004e-04 +1.3722e-04 +1.2382e-04 +1.0630e-04 +8.5458e-05 
-0000.00400 +8.2105e-04 +1.0698e-03 +1.0439e-03 +1.0248e-03 +1.0083e-03 +9.9610e-04 +6.9601e-04 +6.9369e-04 +6.7828e-04 +6.4403e-04 +6.2209e-04 +4.1496e-04 +5.1241e-04 +5.0345e-04 +5.6081e-04 +4.0596e-04 +2.1311e-04 +9.3299e-04 +1.2404e-03 +1.1179e-03 +4.0436e-04 +3.9206e-04 +1.3680e-03 
-0000.00500 +4.9247e-05 +4.8645e-05 +3.5347e-05 +2.6408e-05 +2.3381e-05 +3.1390e-05 +5.7885e-05 +5.8768e-05 +5.5187e-05 +5.2121e-05 +5.3091e-05 +6.8835e-05 +8.0528e-05 +8.1239e-05 +7.8865e-05 +7.6957e-05 +8.1827e-05 +1.1034e-04 +1.1851e-04 +1.1905e-04 +1.1666e-04 +1.1518e-04 +1.5702e-04 
# Horizontal Final Position [m]
START
            -0000.01200 -0000.01091 -0000.00982 -0000.00873 -0000.00764 -0000.00655 -0000.00545 -0000.00436 -0000.00327 -0000.00218 -0000.00109 +0000.00000 +0000.00109 +0000.00218 +0000.00327 +0000.00436 +0000.00545 +0000.00655 +0000.00764 +0000.00873 +0000.00982 +0000.01091 +0000.01200 
+0000.00500 -1.1979e-02 -1.0890e-02 -9.7995e-03 -8.7090e-03 -7.6185e-03 -6.5279e-03 -5.4374e-03 -4.3466e-03 -3.2558e-03 -2.1650e-03 -1.0742e-03 +1.6690e-05 +1.1077e-03 +2.1987e-03 +3.2897e-03 +4.3807e-03 +5.4717e-03 +6.5629e-03 +7.6542e-03 +8.7455e-03 +9.8368e-03 +1.0928e-02 +1.2020e-02 
+0000.00400 -1.1984e-02 -1.0890e-02 -9.7995e-03 -8.7088e-03 -7.6181e-03 -6.5275e-03 -5.4368e-03 -4.3459e-03 -3.2551e-03 -2.1642e-03 -1.0734e-03 +2.2087e-05 +1.1167e-03 +2.2077e-03 +3.2987e-03 +4.3896e-03 +5.4806e-03 +6.5717e-03 +7.6629e-03 +8.7541e-03 +9.8452e-03 +1.0936e-02 +1.2024e-02 
+0000.00300 -1.1966e-02 -1.0875e-02 -9.7840e-03 -8.6931e-03 -7.6023e-03 -6.5115e-03 -5.4207e-03 -4.3298e-03 -3.2390e-03 -2.1481e-03 -1.0573e-03 +3.3593e-05 +1.1245e-03 +2.2155e-03 +3.3065e-03 +4.3974e-03 +5.4884e-03 +6.5794e-03 +7.6704e-03 +8.7614e-03 +9.8523e-03 +1.0943e-02 +1.2034e-02 
+0000.00200 -1.1968e-02 -1.0876e-02 -9.7846e-03 -8.6935e-03 -7.6025e-03 -6.5116e-03 -5.4207e-03 -4.3298e-03 -3.2389e-03 -2.1481e-03 -1.0572e-03 +3.3704e-05 +1.1246e-03 +2.2156e-03 +3.3065e-03 +4.3975e-03 +5.4884e-03 +6.5794e-03 +7.6703e-03 +8.7611e-03 +9.8518e-03 +1.0942e-02 +1.2032e-02 
+0000.00100 -1.1969e-02 -1.0877e-02 -9.7850e-03 -8.6937e-03 -7.6026e-03 -6.5116e-03 -5.4207e-03 -4.3298e-03 -3.2389e-03 -2.1480e-03 -1.0571e-03 +3.3782e-05 +1.1247e-03 +2.2156e-03 +3.3066e-03 +4.3975e-03 +5.4884e-03 +6.5793e-03 +7.6702e-03 +8.7609e-03 +9.8514e-03 +1.0942e-02 +1.2031e-02 
+0000.00000 -1.1969e-02 -1.0877e-02 -9.7851e-03 -8.6937e-03 -7.6026e-03 -6.5116e-03 -5.4206e-03 -4.3297e-03 -3.2388e-03 -2.1479e-03 -1.0571e-03 +3.3842e-05 +1.1248e-03 +2.2157e-03 +3.3066e-03 +4.3976e-03 +5.4885e-03 +6.5794e-03 +7.6702e-03 +8.7608e-03 +9.8513e-03 +1.0941e-02 +1.2031e-02 
-0000.00100 -1.1969e-02 -1.0877e-02 -9.7849e-03 -8.6936e-03 -7.6025e-03 -6.5115e-03 -5.4206e-03 -4.3297e-03 -3.2388e-03 -2.1479e-03 -1.0570e-03 +3.3887e-05 +1.1248e-03 +2.2157e-03 +3.3067e-03 +4.3976e-03 +5.4885e-03 +6.5794e-03 +7.6703e-03 +8.7610e-03 +9.8515e-03 +1.0942e-02 +1.2031e-02 
-0000.00200 -1.1968e-02 -1.0876e-02 -9.7844e-03 -8.6933e-03 -7.6023e-03 -6.5113e-03 -5.4205e-03 -4.3296e-03 -3.2387e-03 -2.1479e-03 -1.0570e-03 +3.3919e-05 +1.1248e-03 +2.2158e-03 +3.3067e-03 +4.3977e-03 +5.4886e-03 +6.5796e-03 +7.6705e-03 +8.7613e-03 +9.8519e-03 +1.0942e-02 +1.2032e-02 
-0000.00300 -1.1966e-02 -1.0875e-02 -9.7838e-03 -8.6928e-03 -7.6020e-03 -6.5112e-03 -5.4204e-03 -4.3295e-03 -3.2387e-03 -2.1478e-03 -1.0570e-03 +3.3939e-05 +1.1249e-03 +2.2158e-03 +3.3068e-03 +4.3978e-03 +5.4887e-03 +6.5797e-03 +7.6707e-03 +8.7617e-03 +9.8526e-03 +1.0943e-02 +1.2034e-02 
-0000.00400 -1.1983e-02 -1.0890e-02 -9.7995e-03 -8.7089e-03 -7.6182e-03 -6.5275e-03 -5.4367e-03 -4.3459e-03 -3.2551e-03 -2.1643e-03 -1.0734e-03 +2.1275e-05 +1.1168e-03 +2.2078e-03 +3.2988e-03 +4.3899e-03 +5.4809e-03 +6.5719e-03 +7.6631e-03 +8.7542e-03 +9.8425e-03 +1.0934e-02 +1.2022e-02 
-0000.00500 -1.1979e-02 -1.0890e-02 -9.7996e-03 -8.7092e-03 -7.6187e-03 -6.5282e-03 -5.4374e-03 -4.3467e-03 -3.2560e-03 -2.1652e-03 -1.0743e-03 +1.6562e-05 +1.1075e-03 +2.1985e-03 +3.2895e-03 +4.3805e-03 +5.4717e-03 +6.5627e-03 +7.6540e-03 +8.7453e-03 +9.8367e-03 +1.0928e-02 +1.2020e-02 
# Vertical Final Position [m]
START
            -0000.01200 -0000.01091 -0000.00982 -0000.00873 -0000.00764 -0000.00655 -0000.00545 -0000.00436 -0000.00327 -0000.00218 -0000.00109 +0000.00000 +0000.00109 +0000.00218 +0000.00327 +0000.00436 +0000.00545 +0000.00655 +0000.00764 +0000.00873 +0000.00982 +0000.01091 +0000.01200 
+0000.00500 +4.9963e-03 +4.9976e-03 +4.9984e-03 +4.9989e-03 +4.9993e-03 +4.9996e-03 +4.9998e-03 +4.9999e-03 +4.9999e-03 +4.9999e-03 +4.9998e-03 +4.9998e-03 +4.9998e-03 +4.9998e-03 +4.9997e-03 +4.9998e-03 +4.9998e-03 +5.0001e-03 +5.0004e-03 +5.0007e-03 +5.0013e-03 +5.0021e-03 +5.0033e-03 
+0000.00400 +3.9909e-03 +3.9954e-03 +3.9962e-03 +3.9970e-03 +3.9977e-03 +3.9978e-03 +3.9996e-03 +3.9996e-03 +3.9996e-03 +3.9994e-03 +3.9991e-03 +3.9988e-03 +3.9984e-03 +3.9983e-03 +3.9983e-03 +3.9983e-03 +3.9983e-03 +3.9980e-03 +3.9982e-03 +3.9986e-03 +3.9984e-03 +3.9965e-03 +3.9905e-03 
+0000.00300 +2.9963e-03 +2.9977e-03 +2.9986e-03 +2.9991e-03 +2.9995e-03 +2.9996e-03 +2.9996e-03 +2.9995e-03 +2.9995e-03 +2.9994e-03 +2.9994e-03 +2.9992e-03 +2.9991e-03 +2.9990e-03 +2.9990e-03 +2.9989e-03 +2.9989e-03 +2.9989e-03 +2.9990e-03 +2.9993e-03 +2.9999e-03 +3.0007e-03 +3.0021e-03 
+0000.00200 +1.9972e-03 +1.9984e-03 +1.9991e-03 +1.9996e-03 +1.9998e-03 +1.9999e-03 +1.9999e-03 +1.9999e-03 +1.9998e-03 +1.9998e-03 +1.9997e-03 +1.9996e-03 +1.9995e-03 +1.9994e-03 +1.9994e-03 +1.9993e-03 +1.9993e-03 +1.9993e-03 +1.9994e-03 +1.9996e-03 +2.0000e-03 +2.0007e-03 +2.0019e-03 
+0000.00100 +9.9879e-04 +9.9942e-04 +9.9979e-04 +9.9999e-04 +1.0001e-03 +1.0001e-03 +1.0001e-03 +1.0001e-03 +1.0000e-03 +9.9997e-04 +9.9990e-04 +9.9983e-04 +9.9976e-04 +9.9969e-04 +9.9964e-04 +9.9959e-04 +9.9955e-04 +9.9953e-04 +9.9956e-04 +9.9966e-04 +9.9986e-04 +1.0002e-03 +1.0009e-03 
+0000.00000 +6.0351e-07 +5.6210e-07 +5.1383e-07 +4.6271e-07 +4.0926e-07 +3.5280e-07 +2.9413e-07 +2.3566e-07 +1.7893e-07 +1.2311e-07 +6.6411e-08 +8.3012e-09 -4.9769e-08 -1.0638e-07 -1.6210e-07 -2.1875e-07 -2.7707e-07 -3.3552e-07 -3.9167e-07 -4.4482e-07 -4.9571e-07 -5.4392e-07 -5.8568e-07 
-0000.00100 -9.9756e-04 -9.9829e-04 -9.9876e-04 -9.9907e-04 -9.9927e-04 -9.9942e-04 -9.9952e-04 -9.9960e-04 -9.9967e-04 -9.9972e-04 -9.9977e-04 -9.9981e-04 -9.9986e-04 -9.9990e-04 -9.9996e-04 -1.0000e-03 -1.0001e-03 -1.0002e-03 -1.0003e-03 -1.0006e-03 -1.0009e-03 -1.0013e-03 -1.0020e-03 
-0000.00200 -1.9960e-03 -1.9973e-03 -1.9981e-03 -1.9986e-03 -1.9989e-03 -1.9992e-03 -1.9993e-03 -1.9994e-03 -1.9995e-03 -1.9995e-03 -1.9995e-03 -1.9996e-03 -1.9996e-03 -1.9996e-03 -1.9997e-03 -1.9997e-03 -1.9998e-03 -2.0000e-03 -2.0002e-03 -2.0005e-03 -2.0010e-03 -2.0018e-03 -2.0031e-03 
-0000.00300 -2.9949e-03 -2.9965e-03 -2.9975e-03 -2.9982e-03 -2.9986e-03 -2.9988e-03 -2.9990e-03 -2.9991e-03 -2.9991e-03 -2.9992e-03 -2.9992e-03 -2.9992e-03 -2.9992e-03 -2.9992e-03 -2.9993e-03 -2.9993e-03 -2.9994e-03 -2.9996e-03 -2.9998e-03 -3.0002e-03 -3.0008e-03 -3.0018e-03 -3.0034e-03 
-0000.00400 -3.9942e-03 -3.9949e-03 -3.9959e-03 -3.9966e-03 -3.9970e-03 -3.9973e-03 -3.9982e-03 -3.9983e-03 -3.9983e-03 -3.9984e-03 -3.9985e-03 -3.9989e-03 -3.9985e-03 -3.9985e-03 -3.9983e-03 -3.9988e-03 -3.9993e-03 -3.9968e-03 -3.9959e-03 -3.9970e-03 -4.0004e-03 -4.0014e-03 -4.0000e-03 
-0000.00500 -4.9964e-03 -4.9976e-03 -4.9985e-03 -4.9991e-03 -4.9994e-03 -4.9997e-03 -4.9998e-03 -4.9999e-03 -5.0000e-03 -4.9999e-03 -4.9999e-03 -4.9998e-03 -4.9998e-03 -4.9997e-03 -4.9997e-03 -4.9997e-03 -4.9998e-03 -5.0000e-03 -5.0002e-03 -5.0006e-03 -5.0011e-03 -5.0020e-03 -5.0032e-03 