# Author: FAC idanalysis.IDKickMap
# 
# Total Length of Longitudinal Interval [m]
1.2
# Number of Horizontal Points
11
# Number of Vertical Points
7
# Total Horizontal 2nd Order Kick [T2m2]
START
            -0000.00400 -0000.00320 -0000.00240 -0000.00160 -0000.00080 +0000.00000 +0000.00080 +0000.00160 +0000.00240 +0000.00320 +0000.00400 
+0000.00250 +7.4003e-04 +4.5259e-04 +1.3494e-04 -2.4323e-04 -7.0280e-04 -1.2572e-03 -1.9136e-03 -2.6768e-03 -3.5563e-03 -4.5736e-03 -5.7673e-03 
+0000.00167 +2.8534e-04 +1.3544e-04 -8.4646e-05 -3.8626e-04 -7.7882e-04 -1.2706e-03 -1.8691e-03 -2.5835e-03 -3.4287e-03 -4.4325e-03 -5.6430e-03 
+0000.00083 -3.6010e-05 -7.6490e-05 -2.2590e-04 -4.7593e-04 -8.2604e-04 -1.2800e-03 -1.8444e-03 -2.5298e-03 -3.3544e-03 -4.3498e-03 -5.5706e-03 
+0000.00000 -1.5354e-04 -1.5150e-04 -2.7483e-04 -5.0657e-04 -8.4210e-04 -1.2833e-03 -1.8364e-03 -2.5123e-03 -3.3300e-03 -4.3225e-03 -5.5465e-03 
-0000.00083 -3.5767e-05 -7.6288e-05 -2.2573e-04 -4.7581e-04 -8.2596e-04 -1.2799e-03 -1.8444e-03 -2.5299e-03 -3.3545e-03 -4.3500e-03 -5.5708e-03 
-0000.00167 +2.8574e-04 +1.3579e-04 -8.4351e-05 -3.8603e-04 -7.7868e-04 -1.2706e-03 -1.8692e-03 -2.5836e-03 -3.4290e-03 -4.4329e-03 -5.6435e-03 
-0000.00250 +7.4048e-04 +4.5302e-04 +1.3531e-04 -2.4294e-04 -7.0262e-04 -1.2572e-03 -1.9137e-03 -2.6771e-03 -3.5568e-03 -4.5742e-03 -5.7680e-03 
# Total Vertical 2nd Order Kick [T2m2]
START
            -0000.00400 -0000.00320 -0000.00240 -0000.00160 -0000.00080 +0000.00000 +0000.00080 +0000.00160 +0000.00240 +0000.00320 +0000.00400 
+0000.00250 -2.7484e-03 -2.3412e-03 -2.0497e-03 -1.8486e-03 -1.7253e-03 -1.6755e-03 -1.6959e-03 -1.7792e-03 -1.9112e-03 -2.0710e-03 -2.2304e-03 
+0000.00167 -1.8948e-03 -1.5772e-03 -1.3617e-03 -1.2186e-03 -1.1329e-03 -1.0978e-03 -1.1089e-03 -1.1608e-03 -1.2448e-03 -1.3479e-03 -1.4505e-03 
+0000.00083 -9.7482e-04 -7.9710e-04 -6.8120e-04 -6.0615e-04 -5.6189e-04 -5.4356e-04 -5.4832e-04 -5.7329e-04 -6.1428e-04 -6.6492e-04 -7.1557e-04 
+0000.00000 +1.3727e-07 +1.7875e-07 +2.0258e-07 +2.1517e-07 +2.2154e-07 +2.2685e-07 +2.3640e-07 +2.5474e-07 +2.8432e-07 +3.2439e-07 +3.7192e-07 
-0000.00083 +9.7508e-04 +7.9745e-04 +6.8160e-04 +6.0658e-04 +5.6234e-04 +5.4403e-04 +5.4881e-04 +5.7382e-04 +6.1487e-04 +6.6559e-04 +7.1635e-04 
-0000.00167 +1.8950e-03 +1.5775e-03 +1.3621e-03 +1.2190e-03 +1.1334e-03 +1.0983e-03 +1.1094e-03 +1.1614e-03 +1.2455e-03 +1.3487e-03 +1.4514e-03 
-0000.00250 +2.7487e-03 +2.3415e-03 +2.0501e-03 +1.8490e-03 +1.7258e-03 +1.6760e-03 +1.6965e-03 +1.7799e-03 +1.9120e-03 +2.0719e-03 +2.2315e-03 
# Horizontal Final Position [m]
START
            -0000.00400 -0000.00320 -0000.00240 -0000.00160 -0000.00080 +0000.00000 +0000.00080 +0000.00160 +0000.00240 +0000.00320 +0000.00400 
+0000.00250 -3.9920e-03 -3.1952e-03 -2.3988e-03 -1.6031e-03 -8.0832e-04 -1.4583e-05 +7.7801e-04 +1.5694e-03 +2.3595e-03 +3.1480e-03 +3.9346e-03 
+0000.00167 -3.9970e-03 -3.1987e-03 -2.4012e-03 -1.6046e-03 -8.0904e-04 -1.4598e-05 +7.7865e-04 +1.5706e-03 +2.3611e-03 +3.1497e-03 +3.9361e-03 
+0000.00083 -4.0005e-03 -3.2010e-03 -2.4027e-03 -1.6055e-03 -8.0945e-04 -1.4571e-05 +7.7906e-04 +1.5713e-03 +2.3620e-03 +3.1508e-03 +3.9370e-03 
+0000.00000 -4.0017e-03 -3.2017e-03 -2.4031e-03 -1.6057e-03 -8.0950e-04 -1.4478e-05 +7.7928e-04 +1.5717e-03 +2.3624e-03 +3.1512e-03 +3.9374e-03 
-0000.00083 -4.0003e-03 -3.2007e-03 -2.4024e-03 -1.6052e-03 -8.0919e-04 -1.4309e-05 +7.7932e-04 +1.5716e-03 +2.3623e-03 +3.1510e-03 +3.9372e-03 
-0000.00167 -3.9966e-03 -3.1982e-03 -2.4007e-03 -1.6041e-03 -8.0852e-04 -1.4071e-05 +7.7917e-04 +1.5711e-03 +2.3616e-03 +3.1502e-03 +3.9365e-03 
-0000.00250 -3.9913e-03 -3.1945e-03 -2.3981e-03 -1.6024e-03 -8.0753e-04 -1.3785e-05 +7.7880e-04 +1.5702e-03 +2.3602e-03 +3.1487e-03 +3.9352e-03 
# Vertical Final Position [m]
START
            -0000.00400 -0000.00320 -0000.00240 -0000.00160 -0000.00080 +0000.00000 +0000.00080 +0000.00160 +0000.00240 +0000.00320 +0000.00400 
+0000.00250 +2.4688e-03 +2.4733e-03 +2.4764e-03 +2.4785e-03 +2.4798e-03 +2.4802e-03 +2.4798e-03 +2.4787e-03 +2.4771e-03 +2.4751e-03 +2.4732e-03 
+0000.00167 +1.6451e-03 +1.6485e-03 +1.6508e-03 +1.6523e-03 +1.6531e-03 +1.6533e-03 +1.6530e-03 +1.6523e-03 +1.6512e-03 +1.6499e-03 +1.6486e-03 
+0000.00083 +8.2210e-04 +8.2396e-04 +8.2511e-04 +8.2581e-04 +8.2615e-04 +8.2620e-04 +8.2599e-04 +8.2556e-04 +8.2496e-04 +8.2425e-04 +8.2356e-04 
+0000.00000 -2.4552e-07 -3.9059e-07 -5.4102e-07 -6.9517e-07 -8.5112e-07 -1.0067e-06 -1.1596e-06 -1.3078e-06 -1.4491e-06 -1.5815e-06 -1.7021e-06 
-0000.00083 -8.2257e-04 -8.2472e-04 -8.2618e-04 -8.2718e-04 -8.2784e-04 -8.2820e-04 -8.2830e-04 -8.2816e-04 -8.2784e-04 -8.2740e-04 -8.2694e-04 
-0000.00167 -1.6455e-03 -1.6492e-03 -1.6518e-03 -1.6536e-03 -1.6547e-03 -1.6553e-03 -1.6553e-03 -1.6548e-03 -1.6540e-03 -1.6530e-03 -1.6520e-03 
-0000.00250 -2.4692e-03 -2.4739e-03 -2.4773e-03 -2.4798e-03 -2.4813e-03 -2.4820e-03 -2.4820e-03 -2.4812e-03 -2.4798e-03 -2.4781e-03 -2.4764e-03 