# Author: FAC idanalysis.IDKickMap
# Termination_kicks [T2m2]: +0.0000e+00 +0.0000e+00 +0.0000e+00 +0.0000e+00 
# Total Length of Longitudinal Interval [m]
1.2
# Number of Horizontal Points
11
# Number of Vertical Points
7
# Total Horizontal 2nd Order Kick [T2m2]
START
            -0000.00400 -0000.00320 -0000.00240 -0000.00160 -0000.00080 +0000.00000 +0000.00080 +0000.00160 +0000.00240 +0000.00320 +0000.00400 
+0000.00250 +3.5976e-03 +2.8111e-03 +2.0861e-03 +1.3868e-03 +6.9321e-04 -1.6000e-06 -6.9616e-04 -1.3890e-03 -2.0870e-03 -2.8103e-03 -3.5943e-03 
+0000.00167 +3.3391e-03 +2.5825e-03 +1.8974e-03 +1.2505e-03 +6.2149e-04 -7.4000e-07 -6.2270e-04 -1.2508e-03 -1.8963e-03 -2.5794e-03 -3.3333e-03 
+0000.00083 +3.1799e-03 +2.4485e-03 +1.7903e-03 +1.1748e-03 +5.8233e-04 -2.0000e-07 -5.8244e-04 -1.1740e-03 -1.7880e-03 -2.4439e-03 -3.1724e-03 
+0000.00000 +3.1252e-03 +2.4041e-03 +1.7555e-03 +1.1505e-03 +5.6986e-04 +0.0000e+00 -5.6955e-04 -1.1493e-03 -1.7527e-03 -2.3990e-03 -3.1171e-03 
-0000.00083 +3.1800e-03 +2.4486e-03 +1.7904e-03 +1.1749e-03 +5.8240e-04 -1.3000e-07 -5.8236e-04 -1.1739e-03 -1.7879e-03 -2.4438e-03 -3.1723e-03 
-0000.00167 +3.3393e-03 +2.5827e-03 +1.8975e-03 +1.2506e-03 +6.2164e-04 -5.8000e-07 -6.2252e-04 -1.2506e-03 -1.8961e-03 -2.5791e-03 -3.3330e-03 
-0000.00250 +3.5979e-03 +2.8114e-03 +2.0863e-03 +1.3871e-03 +6.9346e-04 -1.3300e-06 -6.9587e-04 -1.3887e-03 -2.0866e-03 -2.8099e-03 -3.5940e-03 
# Total Vertical 2nd Order Kick [T2m2]
START
            -0000.00400 -0000.00320 -0000.00240 -0000.00160 -0000.00080 +0000.00000 +0000.00080 +0000.00160 +0000.00240 +0000.00320 +0000.00400 
+0000.00250 -9.4220e-04 -6.5819e-04 -4.0974e-04 -2.1274e-04 -8.4811e-05 -4.0798e-05 -8.6601e-05 -2.1638e-04 -4.1538e-04 -6.6607e-04 -9.5268e-04 
+0000.00167 -6.1568e-04 -4.2874e-04 -2.7192e-04 -1.5151e-04 -7.5166e-05 -4.9278e-05 -7.6368e-05 -1.5397e-04 -2.7575e-04 -4.3410e-04 -6.2282e-04 
+0000.00083 -3.0710e-04 -2.1260e-04 -1.3612e-04 -7.8658e-05 -4.2740e-05 -3.0654e-05 -4.3318e-05 -7.9845e-05 -1.3797e-04 -2.1522e-04 -3.1060e-04 
+0000.00000 -1.2641e-07 -1.1089e-07 -9.0160e-08 -6.4046e-08 -3.3349e-08 +0.0000e+00 +3.3292e-08 +6.3813e-08 +8.9832e-08 +1.1161e-07 +1.3213e-07 
-0000.00083 +3.0686e-04 +2.1239e-04 +1.3594e-04 +7.8534e-05 +4.2675e-05 +3.0655e-05 +4.3384e-05 +7.9969e-05 +1.3815e-04 +2.1543e-04 +3.1085e-04 
-0000.00167 +6.1549e-04 +4.2856e-04 +2.7177e-04 +1.5140e-04 +7.5110e-05 +4.9284e-05 +7.6434e-05 +1.5409e-04 +2.7590e-04 +4.3427e-04 +6.2301e-04 
-0000.00250 +9.4210e-04 +6.5807e-04 +4.0963e-04 +2.1265e-04 +8.4775e-05 +4.0813e-05 +8.6664e-05 +2.1648e-04 +4.1549e-04 +6.6617e-04 +9.5276e-04 
# Horizontal Final Position [m]
START
            -0000.00400 -0000.00320 -0000.00240 -0000.00160 -0000.00080 +0000.00000 +0000.00080 +0000.00160 +0000.00240 +0000.00320 +0000.00400 
+0000.00250 -3.9577e-03 -3.1667e-03 -2.3749e-03 -1.5828e-03 -7.9066e-04 +1.4658e-06 +7.9360e-04 +1.5858e-03 +2.3779e-03 +3.1697e-03 +3.9608e-03 
+0000.00167 -3.9608e-03 -3.1693e-03 -2.3771e-03 -1.5844e-03 -7.9158e-04 +1.3720e-06 +7.9433e-04 +1.5872e-03 +2.3799e-03 +3.1722e-03 +3.9636e-03 
+0000.00083 -3.9627e-03 -3.1710e-03 -2.3784e-03 -1.5854e-03 -7.9212e-04 +1.2729e-06 +7.9467e-04 +1.5880e-03 +2.3810e-03 +3.1736e-03 +3.9653e-03 
+0000.00000 -3.9634e-03 -3.1715e-03 -2.3789e-03 -1.5858e-03 -7.9236e-04 +1.1691e-06 +7.9471e-04 +1.5881e-03 +2.3813e-03 +3.1739e-03 +3.9658e-03 
-0000.00083 -3.9628e-03 -3.1711e-03 -2.3786e-03 -1.5856e-03 -7.9232e-04 +1.0615e-06 +7.9445e-04 +1.5877e-03 +2.3808e-03 +3.1733e-03 +3.9650e-03 
-0000.00167 -3.9611e-03 -3.1697e-03 -2.3775e-03 -1.5848e-03 -7.9198e-04 +9.5123e-07 +7.9388e-04 +1.5867e-03 +2.3794e-03 +3.1716e-03 +3.9630e-03 
-0000.00250 -3.9583e-03 -3.1672e-03 -2.3754e-03 -1.5834e-03 -7.9126e-04 +8.3924e-07 +7.9294e-04 +1.5851e-03 +2.3771e-03 +3.1689e-03 +3.9599e-03 
# Vertical Final Position [m]
START
            -0000.00400 -0000.00320 -0000.00240 -0000.00160 -0000.00080 +0000.00000 +0000.00080 +0000.00160 +0000.00240 +0000.00320 +0000.00400 
+0000.00250 +2.4891e-03 +2.4924e-03 +2.4953e-03 +2.4976e-03 +2.4992e-03 +2.4998e-03 +2.4993e-03 +2.4980e-03 +2.4958e-03 +2.4931e-03 +2.4900e-03 
+0000.00167 +1.6595e-03 +1.6617e-03 +1.6635e-03 +1.6650e-03 +1.6659e-03 +1.6663e-03 +1.6661e-03 +1.6654e-03 +1.6641e-03 +1.6624e-03 +1.6604e-03 
+0000.00083 +8.2963e-04 +8.3078e-04 +8.3173e-04 +8.3247e-04 +8.3297e-04 +8.3320e-04 +8.3316e-04 +8.3286e-04 +8.3233e-04 +8.3158e-04 +8.3064e-04 
+0000.00000 -2.2660e-07 -1.4380e-07 -6.0990e-08 +2.5098e-08 +1.1662e-07 +2.1505e-07 +3.2142e-07 +4.3650e-07 +5.6101e-07 +6.9584e-07 +8.4212e-07 
-0000.00083 -8.3007e-04 -8.3106e-04 -8.3185e-04 -8.3241e-04 -8.3273e-04 -8.3277e-04 -8.3252e-04 -8.3199e-04 -8.3121e-04 -8.3020e-04 -8.2897e-04 
-0000.00167 -1.6599e-03 -1.6619e-03 -1.6636e-03 -1.6649e-03 -1.6657e-03 -1.6659e-03 -1.6655e-03 -1.6645e-03 -1.6630e-03 -1.6611e-03 -1.6588e-03 
-0000.00250 -2.4895e-03 -2.4926e-03 -2.4954e-03 -2.4975e-03 -2.4989e-03 -2.4993e-03 -2.4987e-03 -2.4971e-03 -2.4947e-03 -2.4918e-03 -2.4884e-03 