# Author: FAC idanalysis.IDKickMap
# Termination_kicks [T2m2]: +0.0000e+00 +0.0000e+00 +0.0000e+00 +0.0000e+00 
# Total Length of Longitudinal Interval [m]
1.2
# Number of Horizontal Points
11
# Number of Vertical Points
7
# Total Horizontal 2nd Order Kick [T2m2]
START
            -0000.00400 -0000.00320 -0000.00240 -0000.00160 -0000.00080 +0000.00000 +0000.00080 +0000.00160 +0000.00240 +0000.00320 +0000.00400 
+0000.00250 +2.0233e-03 +1.7359e-03 +1.4182e-03 +1.0401e-03 +5.8050e-04 +2.6100e-05 -6.3030e-04 -1.3935e-03 -2.2730e-03 -3.2903e-03 -4.4840e-03 
+0000.00167 +1.5686e-03 +1.4187e-03 +1.1987e-03 +8.9704e-04 +5.0448e-04 +1.2700e-05 -5.8580e-04 -1.3002e-03 -2.1454e-03 -3.1492e-03 -4.3597e-03 
+0000.00083 +1.2473e-03 +1.2068e-03 +1.0574e-03 +8.0737e-04 +4.5726e-04 +3.3000e-06 -5.6110e-04 -1.2465e-03 -2.0711e-03 -3.0665e-03 -4.2873e-03 
+0000.00000 +1.1298e-03 +1.1318e-03 +1.0085e-03 +7.7673e-04 +4.4120e-04 +0.0000e+00 -5.5310e-04 -1.2290e-03 -2.0467e-03 -3.0392e-03 -4.2632e-03 
-0000.00083 +1.2475e-03 +1.2070e-03 +1.0576e-03 +8.0749e-04 +4.5734e-04 +3.4000e-06 -5.6110e-04 -1.2466e-03 -2.0712e-03 -3.0667e-03 -4.2875e-03 
-0000.00167 +1.5690e-03 +1.4191e-03 +1.1989e-03 +8.9727e-04 +5.0462e-04 +1.2700e-05 -5.8590e-04 -1.3003e-03 -2.1457e-03 -3.1496e-03 -4.3602e-03 
-0000.00250 +2.0238e-03 +1.7363e-03 +1.4186e-03 +1.0404e-03 +5.8068e-04 +2.6100e-05 -6.3040e-04 -1.3938e-03 -2.2735e-03 -3.2909e-03 -4.4847e-03 
# Total Vertical 2nd Order Kick [T2m2]
START
            -0000.00400 -0000.00320 -0000.00240 -0000.00160 -0000.00080 +0000.00000 +0000.00080 +0000.00160 +0000.00240 +0000.00320 +0000.00400 
+0000.00250 -2.7486e-03 -2.3414e-03 -2.0499e-03 -1.8488e-03 -1.7255e-03 -1.6757e-03 -1.6961e-03 -1.7794e-03 -1.9114e-03 -2.0712e-03 -2.2306e-03 
+0000.00167 -1.8950e-03 -1.5774e-03 -1.3619e-03 -1.2188e-03 -1.1331e-03 -1.0980e-03 -1.1091e-03 -1.1610e-03 -1.2450e-03 -1.3481e-03 -1.4507e-03 
+0000.00083 -9.7505e-04 -7.9733e-04 -6.8143e-04 -6.0638e-04 -5.6212e-04 -5.4379e-04 -5.4855e-04 -5.7352e-04 -6.1451e-04 -6.6515e-04 -7.1580e-04 
+0000.00000 -8.9580e-08 -4.8100e-08 -2.4270e-08 -1.1680e-08 -5.3100e-09 +0.0000e+00 +9.5500e-09 +2.7890e-08 +5.7470e-08 +9.7540e-08 +1.4507e-07 
-0000.00083 +9.7485e-04 +7.9722e-04 +6.8137e-04 +6.0635e-04 +5.6211e-04 +5.4380e-04 +5.4858e-04 +5.7359e-04 +6.1464e-04 +6.6536e-04 +7.1612e-04 
-0000.00167 +1.8948e-03 +1.5773e-03 +1.3619e-03 +1.2188e-03 +1.1332e-03 +1.0981e-03 +1.1092e-03 +1.1612e-03 +1.2453e-03 +1.3485e-03 +1.4512e-03 
-0000.00250 +2.7485e-03 +2.3413e-03 +2.0499e-03 +1.8488e-03 +1.7256e-03 +1.6758e-03 +1.6963e-03 +1.7797e-03 +1.9118e-03 +2.0717e-03 +2.2313e-03 
# Horizontal Final Position [m]
START
            -0000.00400 -0000.00320 -0000.00240 -0000.00160 -0000.00080 +0000.00000 +0000.00080 +0000.00160 +0000.00240 +0000.00320 +0000.00400 
+0000.00250 -3.9920e-03 -3.1952e-03 -2.3988e-03 -1.6031e-03 -8.0832e-04 -1.4583e-05 +7.7801e-04 +1.5694e-03 +2.3595e-03 +3.1480e-03 +3.9346e-03 
+0000.00167 -3.9970e-03 -3.1987e-03 -2.4012e-03 -1.6046e-03 -8.0904e-04 -1.4598e-05 +7.7865e-04 +1.5706e-03 +2.3611e-03 +3.1497e-03 +3.9361e-03 
+0000.00083 -4.0005e-03 -3.2010e-03 -2.4027e-03 -1.6055e-03 -8.0945e-04 -1.4571e-05 +7.7906e-04 +1.5713e-03 +2.3620e-03 +3.1508e-03 +3.9370e-03 
+0000.00000 -4.0017e-03 -3.2017e-03 -2.4031e-03 -1.6057e-03 -8.0950e-04 -1.4478e-05 +7.7928e-04 +1.5717e-03 +2.3624e-03 +3.1512e-03 +3.9374e-03 
-0000.00083 -4.0003e-03 -3.2007e-03 -2.4024e-03 -1.6052e-03 -8.0919e-04 -1.4309e-05 +7.7932e-04 +1.5716e-03 +2.3623e-03 +3.1510e-03 +3.9372e-03 
-0000.00167 -3.9966e-03 -3.1982e-03 -2.4007e-03 -1.6041e-03 -8.0852e-04 -1.4071e-05 +7.7917e-04 +1.5711e-03 +2.3616e-03 +3.1502e-03 +3.9365e-03 
-0000.00250 -3.9913e-03 -3.1945e-03 -2.3981e-03 -1.6024e-03 -8.0753e-04 -1.3785e-05 +7.7880e-04 +1.5702e-03 +2.3602e-03 +3.1487e-03 +3.9352e-03 
# Vertical Final Position [m]
START
            -0000.00400 -0000.00320 -0000.00240 -0000.00160 -0000.00080 +0000.00000 +0000.00080 +0000.00160 +0000.00240 +0000.00320 +0000.00400 
+0000.00250 +2.4688e-03 +2.4733e-03 +2.4764e-03 +2.4785e-03 +2.4798e-03 +2.4802e-03 +2.4798e-03 +2.4787e-03 +2.4771e-03 +2.4751e-03 +2.4732e-03 
+0000.00167 +1.6451e-03 +1.6485e-03 +1.6508e-03 +1.6523e-03 +1.6531e-03 +1.6533e-03 +1.6530e-03 +1.6523e-03 +1.6512e-03 +1.6499e-03 +1.6486e-03 
+0000.00083 +8.2210e-04 +8.2396e-04 +8.2511e-04 +8.2581e-04 +8.2615e-04 +8.2620e-04 +8.2599e-04 +8.2556e-04 +8.2496e-04 +8.2425e-04 +8.2356e-04 
+0000.00000 -2.4552e-07 -3.9059e-07 -5.4102e-07 -6.9517e-07 -8.5112e-07 -1.0067e-06 -1.1596e-06 -1.3078e-06 -1.4491e-06 -1.5815e-06 -1.7021e-06 
-0000.00083 -8.2257e-04 -8.2472e-04 -8.2618e-04 -8.2718e-04 -8.2784e-04 -8.2820e-04 -8.2830e-04 -8.2816e-04 -8.2784e-04 -8.2740e-04 -8.2694e-04 
-0000.00167 -1.6455e-03 -1.6492e-03 -1.6518e-03 -1.6536e-03 -1.6547e-03 -1.6553e-03 -1.6553e-03 -1.6548e-03 -1.6540e-03 -1.6530e-03 -1.6520e-03 
-0000.00250 -2.4692e-03 -2.4739e-03 -2.4773e-03 -2.4798e-03 -2.4813e-03 -2.4820e-03 -2.4820e-03 -2.4812e-03 -2.4798e-03 -2.4781e-03 -2.4764e-03 