# Author: FAC idanalysis.IDKickMap
# Termination_kicks [T2m2]: +0.0000e+00 +0.0000e+00 +0.0000e+00 +0.0000e+00 
# Total Length of Longitudinal Interval [m]
1.2
# Number of Horizontal Points
11
# Number of Vertical Points
7
# Total Horizontal 2nd Order Kick [T2m2]
START
            -0000.00400 -0000.00320 -0000.00240 -0000.00160 -0000.00080 +0000.00000 +0000.00080 +0000.00160 +0000.00240 +0000.00320 +0000.00400 
+0000.00250 +4.7213e-03 +3.5571e-03 +2.5273e-03 +1.5962e-03 +7.4544e-04 -3.0510e-05 -7.3143e-04 -1.3589e-03 -1.9215e-03 -2.4376e-03 -2.9379e-03 
+0000.00167 +4.5770e-03 +3.4085e-03 +2.3987e-03 +1.5049e-03 +7.0404e-04 -1.4340e-05 -6.5444e-04 -1.2194e-03 -1.7149e-03 -2.1514e-03 -2.5455e-03 
+0000.00083 +4.4881e-03 +3.3184e-03 +2.3217e-03 +1.4510e-03 +6.8024e-04 -3.7100e-06 -6.0678e-04 -1.1321e-03 -1.5826e-03 -1.9615e-03 -2.2710e-03 
+0000.00000 +4.4577e-03 +3.2880e-03 +2.2960e-03 +1.4332e-03 +6.7244e-04 +0.0000e+00 -5.9059e-04 -1.1023e-03 -1.5369e-03 -1.8945e-03 -2.1711e-03 
-0000.00083 +4.4881e-03 +3.3183e-03 +2.3217e-03 +1.4510e-03 +6.8024e-04 -3.7200e-06 -6.0679e-04 -1.1321e-03 -1.5827e-03 -1.9615e-03 -2.2711e-03 
-0000.00167 +4.5769e-03 +3.4084e-03 +2.3987e-03 +1.5048e-03 +7.0404e-04 -1.4370e-05 -6.5447e-04 -1.2194e-03 -1.7150e-03 -2.1515e-03 -2.5458e-03 
-0000.00250 +4.7211e-03 +3.5569e-03 +2.5272e-03 +1.5961e-03 +7.4534e-04 -3.0560e-05 -7.3149e-04 -1.3590e-03 -1.9216e-03 -2.4379e-03 -2.9383e-03 
# Total Vertical 2nd Order Kick [T2m2]
START
            -0000.00400 -0000.00320 -0000.00240 -0000.00160 -0000.00080 +0000.00000 +0000.00080 +0000.00160 +0000.00240 +0000.00320 +0000.00400 
+0000.00250 -2.5039e-03 -2.3334e-03 -2.1721e-03 -2.0430e-03 -1.9643e-03 -1.9481e-03 -2.0006e-03 -2.1227e-03 -2.3155e-03 -2.5846e-03 -2.9453e-03 
+0000.00167 -1.6546e-03 -1.5392e-03 -1.4314e-03 -1.3466e-03 -1.2959e-03 -1.2867e-03 -1.3231e-03 -1.4079e-03 -1.5445e-03 -1.7420e-03 -2.0205e-03 
+0000.00083 -8.2484e-04 -7.6601e-04 -7.1174e-04 -6.6952e-04 -6.4459e-04 -6.4043e-04 -6.5929e-04 -7.0295e-04 -7.7436e-04 -8.8005e-04 -1.0346e-03 
+0000.00000 +1.3620e-07 +8.3220e-08 +5.0980e-08 +2.7350e-08 +9.7300e-09 +0.0000e+00 +1.8200e-09 +1.9230e-08 +5.6510e-08 +1.1947e-07 +2.1895e-07 
-0000.00083 +8.2511e-04 +7.6618e-04 +7.1185e-04 +6.6959e-04 +6.4462e-04 +6.4045e-04 +6.5931e-04 +7.0301e-04 +7.7448e-04 +8.8030e-04 +1.0350e-03 
-0000.00167 +1.6547e-03 +1.5394e-03 +1.4314e-03 +1.3466e-03 +1.2959e-03 +1.2866e-03 +1.3231e-03 +1.4079e-03 +1.5446e-03 +1.7422e-03 +2.0209e-03 
-0000.00250 +2.5040e-03 +2.3336e-03 +2.1721e-03 +2.0431e-03 +1.9643e-03 +1.9481e-03 +2.0005e-03 +2.1228e-03 +2.3156e-03 +2.5848e-03 +2.9457e-03 
# Horizontal Final Position [m]
START
            -0000.00400 -0000.00320 -0000.00240 -0000.00160 -0000.00080 +0000.00000 +0000.00080 +0000.00160 +0000.00240 +0000.00320 +0000.00400 
+0000.00250 -3.9376e-03 -3.1510e-03 -2.3627e-03 -1.5734e-03 -7.8312e-04 +8.0021e-06 +7.9999e-04 +1.5928e-03 +2.3864e-03 +3.1805e-03 +3.9748e-03 
+0000.00167 -3.9391e-03 -3.1525e-03 -2.3641e-03 -1.5743e-03 -7.8347e-04 +8.3148e-06 +8.0099e-04 +1.5945e-03 +2.3889e-03 +3.1839e-03 +3.9794e-03 
+0000.00083 -3.9400e-03 -3.1534e-03 -2.3648e-03 -1.5748e-03 -7.8361e-04 +8.5617e-06 +8.0166e-04 +1.5957e-03 +2.3905e-03 +3.1862e-03 +3.9826e-03 
+0000.00000 -3.9402e-03 -3.1536e-03 -2.3650e-03 -1.5749e-03 -7.8357e-04 +8.7285e-06 +8.0197e-04 +1.5961e-03 +2.3911e-03 +3.1870e-03 +3.9839e-03 
-0000.00083 -3.9397e-03 -3.1531e-03 -2.3646e-03 -1.5745e-03 -7.8336e-04 +8.8103e-06 +8.0190e-04 +1.5959e-03 +2.3907e-03 +3.1864e-03 +3.9829e-03 
-0000.00167 -3.9386e-03 -3.1520e-03 -2.3635e-03 -1.5738e-03 -7.8296e-04 +8.8139e-06 +8.0148e-04 +1.5950e-03 +2.3893e-03 +3.1843e-03 +3.9798e-03 
-0000.00250 -3.9368e-03 -3.1501e-03 -2.3619e-03 -1.5726e-03 -7.8235e-04 +8.7564e-06 +8.0072e-04 +1.5935e-03 +2.3871e-03 +3.1812e-03 +3.9754e-03 
# Vertical Final Position [m]
START
            -0000.00400 -0000.00320 -0000.00240 -0000.00160 -0000.00080 +0000.00000 +0000.00080 +0000.00160 +0000.00240 +0000.00320 +0000.00400 
+0000.00250 +2.4717e-03 +2.4735e-03 +2.4752e-03 +2.4766e-03 +2.4774e-03 +2.4774e-03 +2.4767e-03 +2.4752e-03 +2.4729e-03 +2.4697e-03 +2.4655e-03 
+0000.00167 +1.6480e-03 +1.6492e-03 +1.6503e-03 +1.6512e-03 +1.6517e-03 +1.6516e-03 +1.6511e-03 +1.6500e-03 +1.6484e-03 +1.6460e-03 +1.6427e-03 
+0000.00083 +8.2419e-04 +8.2474e-04 +8.2523e-04 +8.2560e-04 +8.2576e-04 +8.2570e-04 +8.2537e-04 +8.2477e-04 +8.2386e-04 +8.2256e-04 +8.2070e-04 
+0000.00000 +2.9723e-07 +1.6898e-07 +4.4792e-08 -7.6121e-08 -1.9347e-07 -3.0643e-07 -4.1405e-07 -5.1560e-07 -6.1069e-07 -6.9936e-07 -7.8180e-07 
-0000.00083 -8.2358e-04 -8.2439e-04 -8.2513e-04 -8.2574e-04 -8.2615e-04 -8.2631e-04 -8.2620e-04 -8.2580e-04 -8.2508e-04 -8.2396e-04 -8.2226e-04 
-0000.00167 -1.6474e-03 -1.6488e-03 -1.6502e-03 -1.6513e-03 -1.6520e-03 -1.6522e-03 -1.6519e-03 -1.6511e-03 -1.6496e-03 -1.6474e-03 -1.6443e-03 
-0000.00250 -2.4710e-03 -2.4731e-03 -2.4750e-03 -2.4766e-03 -2.4777e-03 -2.4780e-03 -2.4775e-03 -2.4762e-03 -2.4741e-03 -2.4711e-03 -2.4671e-03 