# Author: FAC idanalysis.IDKickMap
# Termination_kicks [T2m2]: +0.0000e+00 +0.0000e+00 +0.0000e+00 +0.0000e+00 
# Total Length of Longitudinal Interval [m]
1.2
# Number of Horizontal Points
11
# Number of Vertical Points
7
# Total Horizontal 2nd Order Kick [T2m2]
START
            -0000.00400 -0000.00320 -0000.00240 -0000.00160 -0000.00080 +0000.00000 +0000.00080 +0000.00160 +0000.00240 +0000.00320 +0000.00400 
+0000.00250 +6.2379e-03 +4.8458e-03 +3.5680e-03 +2.3539e-03 +1.1710e-03 -3.0162e-08 -1.1710e-03 -2.3540e-03 -3.5680e-03 -4.8458e-03 -6.2380e-03 
+0000.00167 +6.1080e-03 +4.7093e-03 +3.4481e-03 +2.2656e-03 +1.1242e-03 -7.6048e-09 -1.1243e-03 -2.2656e-03 -3.4481e-03 -4.7092e-03 -6.1080e-03 
+0000.00083 +6.0190e-03 +4.6184e-03 +3.3695e-03 +2.2084e-03 +1.0942e-03 -4.9083e-10 -1.0942e-03 -2.2084e-03 -3.3695e-03 -4.6184e-03 -6.0190e-03 
+0000.00000 +5.9871e-03 +4.5865e-03 +3.3422e-03 +2.1886e-03 +1.0838e-03 +0.0000e+00 -1.0838e-03 -2.1886e-03 -3.3422e-03 -4.5865e-03 -5.9871e-03 
-0000.00083 +6.0190e-03 +4.6184e-03 +3.3695e-03 +2.2084e-03 +1.0942e-03 +4.9692e-10 -1.0942e-03 -2.2084e-03 -3.3695e-03 -4.6184e-03 -6.0190e-03 
-0000.00167 +6.1080e-03 +4.7092e-03 +3.4481e-03 +2.2656e-03 +1.1243e-03 +7.6310e-09 -1.1242e-03 -2.2656e-03 -3.4481e-03 -4.7093e-03 -6.1080e-03 
-0000.00250 +6.2380e-03 +4.8458e-03 +3.5680e-03 +2.3540e-03 +1.1710e-03 +3.0222e-08 -1.1710e-03 -2.3539e-03 -3.5680e-03 -4.8458e-03 -6.2379e-03 
# Total Vertical 2nd Order Kick [T2m2]
START
            -0000.00400 -0000.00320 -0000.00240 -0000.00160 -0000.00080 +0000.00000 +0000.00080 +0000.00160 +0000.00240 +0000.00320 +0000.00400 
+0000.00250 -3.9261e-03 -3.7806e-03 -3.6400e-03 -3.5253e-03 -3.4506e-03 -3.4246e-03 -3.4506e-03 -3.5254e-03 -3.6402e-03 -3.7808e-03 -3.9264e-03 
+0000.00167 -2.6141e-03 -2.5023e-03 -2.3965e-03 -2.3115e-03 -2.2567e-03 -2.2377e-03 -2.2567e-03 -2.3115e-03 -2.3966e-03 -2.5024e-03 -2.6143e-03 
+0000.00083 -1.3088e-03 -1.2477e-03 -1.1909e-03 -1.1458e-03 -1.1169e-03 -1.1069e-03 -1.1169e-03 -1.1458e-03 -1.1909e-03 -1.2477e-03 -1.3089e-03 
+0000.00000 +3.1028e-09 -5.4513e-09 -3.7424e-09 -9.0170e-10 +2.8003e-10 +0.0000e+00 -2.8418e-10 +8.9969e-10 +3.7412e-09 +5.4535e-09 -3.0969e-09 
-0000.00083 +1.3089e-03 +1.2477e-03 +1.1909e-03 +1.1458e-03 +1.1169e-03 +1.1069e-03 +1.1169e-03 +1.1458e-03 +1.1909e-03 +1.2477e-03 +1.3088e-03 
-0000.00167 +2.6143e-03 +2.5024e-03 +2.3966e-03 +2.3115e-03 +2.2567e-03 +2.2377e-03 +2.2567e-03 +2.3115e-03 +2.3965e-03 +2.5023e-03 +2.6141e-03 
-0000.00250 +3.9264e-03 +3.7808e-03 +3.6402e-03 +3.5254e-03 +3.4506e-03 +3.4246e-03 +3.4506e-03 +3.5253e-03 +3.6400e-03 +3.7806e-03 +3.9261e-03 
# Horizontal Final Position [m]
START
            -0000.00400 -0000.00320 -0000.00240 -0000.00160 -0000.00080 +0000.00000 +0000.00080 +0000.00160 +0000.00240 +0000.00320 +0000.00400 
+0000.00250 -3.9282e-03 -3.1443e-03 -2.3590e-03 -1.5730e-03 -7.8671e-04 -2.3582e-07 +7.8624e-04 +1.5726e-03 +2.3586e-03 +3.1438e-03 +3.9277e-03 
+0000.00167 -3.9296e-03 -3.1458e-03 -2.3603e-03 -1.5740e-03 -7.8716e-04 -1.4653e-07 +7.8687e-04 +1.5737e-03 +2.3600e-03 +3.1455e-03 +3.9293e-03 
+0000.00083 -3.9306e-03 -3.1467e-03 -2.3612e-03 -1.5746e-03 -7.8743e-04 -7.0129e-08 +7.8729e-04 +1.5744e-03 +2.3610e-03 +3.1466e-03 +3.9304e-03 
+0000.00000 -3.9308e-03 -3.1470e-03 -2.3614e-03 -1.5747e-03 -7.8748e-04 +1.2241e-11 +7.8748e-04 +1.5747e-03 +2.3614e-03 +3.1470e-03 +3.9308e-03 
-0000.00083 -3.9304e-03 -3.1466e-03 -2.3610e-03 -1.5744e-03 -7.8729e-04 +7.0153e-08 +7.8743e-04 +1.5746e-03 +2.3612e-03 +3.1467e-03 +3.9306e-03 
-0000.00167 -3.9293e-03 -3.1455e-03 -2.3600e-03 -1.5737e-03 -7.8687e-04 +1.4655e-07 +7.8716e-04 +1.5740e-03 +2.3603e-03 +3.1458e-03 +3.9296e-03 
-0000.00250 -3.9277e-03 -3.1438e-03 -2.3586e-03 -1.5726e-03 -7.8624e-04 +2.3585e-07 +7.8671e-04 +1.5730e-03 +2.3590e-03 +3.1443e-03 +3.9282e-03 
# Vertical Final Position [m]
START
            -0000.00400 -0000.00320 -0000.00240 -0000.00160 -0000.00080 +0000.00000 +0000.00080 +0000.00160 +0000.00240 +0000.00320 +0000.00400 
+0000.00250 +2.4551e-03 +2.4567e-03 +2.4582e-03 +2.4595e-03 +2.4602e-03 +2.4605e-03 +2.4601e-03 +2.4591e-03 +2.4577e-03 +2.4560e-03 +2.4542e-03 
+0000.00167 +1.6369e-03 +1.6381e-03 +1.6392e-03 +1.6401e-03 +1.6407e-03 +1.6408e-03 +1.6405e-03 +1.6398e-03 +1.6388e-03 +1.6375e-03 +1.6361e-03 
+0000.00083 +8.1856e-04 +8.1920e-04 +8.1979e-04 +8.2024e-04 +8.2051e-04 +8.2055e-04 +8.2037e-04 +8.1996e-04 +8.1937e-04 +8.1865e-04 +8.1787e-04 
+0000.00000 +3.3440e-07 +2.6525e-07 +1.9845e-07 +1.3232e-07 +6.6212e-08 -6.3536e-14 -6.6212e-08 -1.3232e-07 -1.9845e-07 -2.6525e-07 -3.3440e-07 
-0000.00083 -8.1787e-04 -8.1865e-04 -8.1937e-04 -8.1996e-04 -8.2037e-04 -8.2055e-04 -8.2051e-04 -8.2024e-04 -8.1979e-04 -8.1920e-04 -8.1856e-04 
-0000.00167 -1.6361e-03 -1.6375e-03 -1.6388e-03 -1.6398e-03 -1.6405e-03 -1.6408e-03 -1.6407e-03 -1.6401e-03 -1.6392e-03 -1.6381e-03 -1.6369e-03 
-0000.00250 -2.4542e-03 -2.4560e-03 -2.4577e-03 -2.4591e-03 -2.4601e-03 -2.4605e-03 -2.4602e-03 -2.4595e-03 -2.4582e-03 -2.4567e-03 -2.4551e-03 