# Author: FAC idanalysis.IDKickMap
# 
# Total Length of Longitudinal Interval [m]
1.2
# Number of Horizontal Points
11
# Number of Vertical Points
7
# Total Horizontal 2nd Order Kick [T2m2]
START
            -0000.00400 -0000.00320 -0000.00240 -0000.00160 -0000.00080 +0000.00000 +0000.00080 +0000.00160 +0000.00240 +0000.00320 +0000.00400 
+0000.00250 +4.9592e-03 +3.8293e-03 +2.8111e-03 +1.8546e-03 +9.2661e-04 +9.1892e-06 -9.0608e-04 -1.8277e-03 -2.7739e-03 -3.7781e-03 -4.8908e-03 
+0000.00167 +4.8039e-03 +3.6521e-03 +2.6457e-03 +1.7279e-03 +8.5995e-04 +1.4963e-05 -8.2792e-04 -1.6895e-03 -2.5970e-03 -3.5891e-03 -4.7225e-03 
+0000.00083 +4.7239e-03 +3.5582e-03 +2.5580e-03 +1.6613e-03 +8.2546e-04 +1.8433e-05 -7.8649e-04 -1.6161e-03 -2.5022e-03 -3.4877e-03 -4.6340e-03 
+0000.00000 +4.6990e-03 +3.5290e-03 +2.5306e-03 +1.6407e-03 +8.1482e-04 +1.9611e-05 -7.7349e-04 -1.5930e-03 -2.4724e-03 -3.4558e-03 -4.6061e-03 
-0000.00083 +4.7239e-03 +3.5583e-03 +2.5580e-03 +1.6614e-03 +8.2551e-04 +1.8498e-05 -7.8641e-04 -1.6160e-03 -2.5021e-03 -3.4876e-03 -4.6339e-03 
-0000.00167 +4.8040e-03 +3.6522e-03 +2.6458e-03 +1.7280e-03 +8.6006e-04 +1.5095e-05 -8.2776e-04 -1.6894e-03 -2.5968e-03 -3.5889e-03 -4.7223e-03 
-0000.00250 +4.9594e-03 +3.8294e-03 +2.8112e-03 +1.8547e-03 +9.2678e-04 +9.3968e-06 -9.0584e-04 -1.8274e-03 -2.7736e-03 -3.7778e-03 -4.8905e-03 
# Total Vertical 2nd Order Kick [T2m2]
START
            -0000.00400 -0000.00320 -0000.00240 -0000.00160 -0000.00080 +0000.00000 +0000.00080 +0000.00160 +0000.00240 +0000.00320 +0000.00400 
+0000.00250 -3.8723e-04 -1.7627e-04 +3.8544e-05 +2.2258e-04 +3.4556e-04 +3.8499e-04 +3.3239e-04 +1.9637e-04 -5.3849e-07 -2.2828e-04 -4.5274e-04 
+0000.00167 -1.9854e-04 -7.8741e-05 +4.5035e-05 +1.5016e-04 +2.1931e-04 +2.4084e-04 +2.1057e-04 +1.3270e-04 +1.8821e-05 -1.1396e-04 -2.4346e-04 
+0000.00083 -8.1815e-05 -2.7765e-05 +2.8455e-05 +7.6076e-05 +1.0718e-04 +1.1669e-04 +1.0283e-04 +6.7382e-05 +1.5349e-05 -4.5472e-05 -1.0457e-04 
+0000.00000 -4.8819e-08 -5.0689e-08 -4.2976e-08 -2.8845e-08 -8.7904e-09 +1.7591e-08 +5.1139e-08 +9.3638e-08 +1.4947e-07 +2.2896e-07 +3.5516e-07 
-0000.00083 +8.1723e-05 +2.7669e-05 -2.8537e-05 -7.6130e-05 -1.0719e-04 -1.1665e-04 -1.0273e-04 -6.7198e-05 -1.5060e-05 +4.5910e-05 +1.0525e-04 
-0000.00167 +1.9846e-04 +7.8663e-05 -4.5102e-05 -1.5020e-04 -2.1932e-04 -2.4080e-04 -2.1047e-04 -1.3253e-04 -1.8561e-05 +1.1434e-04 +2.4403e-04 
-0000.00250 +3.8720e-04 +1.7622e-04 -3.8583e-05 -2.2260e-04 -3.4555e-04 -3.8494e-04 -3.3229e-04 -1.9622e-04 +7.4791e-07 +2.2857e-04 +4.5314e-04 
# Horizontal Final Position [m]
START
            -0000.00400 -0000.00320 -0000.00240 -0000.00160 -0000.00080 +0000.00000 +0000.00080 +0000.00160 +0000.00240 +0000.00320 +0000.00400 
+0000.00250 -3.9438e-03 -3.1566e-03 -2.3681e-03 -1.5789e-03 -7.8938e-04 +2.6528e-07 +7.8994e-04 +1.5796e-03 +2.3689e-03 +3.1576e-03 +3.9451e-03 
+0000.00167 -3.9456e-03 -3.1586e-03 -2.3700e-03 -1.5804e-03 -7.9018e-04 +2.7973e-07 +7.9076e-04 +1.5810e-03 +2.3708e-03 +3.1596e-03 +3.9468e-03 
+0000.00083 -3.9465e-03 -3.1597e-03 -2.3710e-03 -1.5812e-03 -7.9061e-04 +2.6468e-07 +7.9117e-04 +1.5818e-03 +2.3718e-03 +3.1606e-03 +3.9477e-03 
+0000.00000 -3.9468e-03 -3.1601e-03 -2.3714e-03 -1.5814e-03 -7.9078e-04 +2.2193e-07 +7.9125e-04 +1.5820e-03 +2.3720e-03 +3.1609e-03 +3.9479e-03 
-0000.00083 -3.9465e-03 -3.1597e-03 -2.3711e-03 -1.5812e-03 -7.9070e-04 +1.5326e-07 +7.9103e-04 +1.5816e-03 +2.3716e-03 +3.1604e-03 +3.9474e-03 
-0000.00167 -3.9456e-03 -3.1587e-03 -2.3701e-03 -1.5805e-03 -7.9036e-04 +6.0454e-08 +7.9050e-04 +1.5807e-03 +2.3704e-03 +3.1591e-03 +3.9463e-03 
-0000.00250 -3.9439e-03 -3.1567e-03 -2.3683e-03 -1.5791e-03 -7.8964e-04 -5.4878e-08 +7.8955e-04 +1.5791e-03 +2.3683e-03 +3.1569e-03 +3.9442e-03 
# Vertical Final Position [m]
START
            -0000.00400 -0000.00320 -0000.00240 -0000.00160 -0000.00080 +0000.00000 +0000.00080 +0000.00160 +0000.00240 +0000.00320 +0000.00400 
+0000.00250 +2.4958e-03 +2.4982e-03 +2.5006e-03 +2.5027e-03 +2.5041e-03 +2.5046e-03 +2.5041e-03 +2.5026e-03 +2.5004e-03 +2.4980e-03 +2.4955e-03 
+0000.00167 +1.6645e-03 +1.6659e-03 +1.6673e-03 +1.6685e-03 +1.6694e-03 +1.6696e-03 +1.6694e-03 +1.6686e-03 +1.6673e-03 +1.6659e-03 +1.6646e-03 
+0000.00083 +8.3252e-04 +8.3315e-04 +8.3380e-04 +8.3437e-04 +8.3476e-04 +8.3491e-04 +8.3481e-04 +8.3449e-04 +8.3399e-04 +8.3341e-04 +8.3286e-04 
+0000.00000 +1.1044e-07 +1.2523e-07 +1.4609e-07 +1.7449e-07 +2.1205e-07 +2.6045e-07 +3.2129e-07 +3.9617e-07 +4.8688e-07 +5.9573e-07 +7.2617e-07 
-0000.00083 -8.3229e-04 -8.3289e-04 -8.3351e-04 -8.3402e-04 -8.3433e-04 -8.3439e-04 -8.3418e-04 -8.3370e-04 -8.3302e-04 -8.3222e-04 -8.3143e-04 
-0000.00167 -1.6643e-03 -1.6656e-03 -1.6670e-03 -1.6682e-03 -1.6689e-03 -1.6691e-03 -1.6687e-03 -1.6678e-03 -1.6664e-03 -1.6648e-03 -1.6632e-03 
-0000.00250 -2.4955e-03 -2.4978e-03 -2.5003e-03 -2.5023e-03 -2.5037e-03 -2.5041e-03 -2.5035e-03 -2.5018e-03 -2.4995e-03 -2.4969e-03 -2.4942e-03 