# Author: FAC idanalysis.IDKickMap
# 
# Total Length of Longitudinal Interval [m]
1.2
# Number of Horizontal Points
11
# Number of Vertical Points
7
# Total Horizontal 2nd Order Kick [T2m2]
START
            -0000.00400 -0000.00320 -0000.00240 -0000.00160 -0000.00080 +0000.00000 +0000.00080 +0000.00160 +0000.00240 +0000.00320 +0000.00400 
+0000.00250 +5.4878e-03 +4.2699e-03 +3.1495e-03 +2.0811e-03 +1.0364e-03 +6.5004e-10 -1.0364e-03 -2.0811e-03 -3.1494e-03 -4.2697e-03 -5.4876e-03 
+0000.00167 +5.3190e-03 +4.1106e-03 +3.0162e-03 +1.9852e-03 +9.8617e-04 +1.4516e-09 -9.8616e-04 -1.9852e-03 -3.0161e-03 -4.1105e-03 -5.3189e-03 
+0000.00083 +5.2041e-03 +4.0058e-03 +2.9301e-03 +1.9241e-03 +9.5444e-04 +1.3305e-09 -9.5443e-04 -1.9241e-03 -2.9301e-03 -4.0058e-03 -5.2040e-03 
+0000.00000 +5.1629e-03 +3.9691e-03 +2.9004e-03 +1.9031e-03 +9.4358e-04 -6.0532e-11 -9.4358e-04 -1.9031e-03 -2.9004e-03 -3.9691e-03 -5.1629e-03 
-0000.00083 +5.2040e-03 +4.0058e-03 +2.9301e-03 +1.9241e-03 +9.5443e-04 -1.4464e-09 -9.5444e-04 -1.9241e-03 -2.9301e-03 -4.0058e-03 -5.2041e-03 
-0000.00167 +5.3189e-03 +4.1105e-03 +3.0161e-03 +1.9852e-03 +9.8616e-04 -1.5423e-09 -9.8617e-04 -1.9852e-03 -3.0162e-03 -4.1106e-03 -5.3190e-03 
-0000.00250 +5.4876e-03 +4.2697e-03 +3.1494e-03 +2.0811e-03 +1.0364e-03 -6.9956e-10 -1.0364e-03 -2.0811e-03 -3.1495e-03 -4.2699e-03 -5.4878e-03 
# Total Vertical 2nd Order Kick [T2m2]
START
            -0000.00400 -0000.00320 -0000.00240 -0000.00160 -0000.00080 +0000.00000 +0000.00080 +0000.00160 +0000.00240 +0000.00320 +0000.00400 
+0000.00250 -3.7005e-03 -3.5214e-03 -3.3601e-03 -3.2326e-03 -3.1507e-03 -3.1225e-03 -3.1508e-03 -3.2326e-03 -3.3601e-03 -3.5214e-03 -3.7005e-03 
+0000.00167 -2.4724e-03 -2.3366e-03 -2.2175e-03 -2.1251e-03 -2.0666e-03 -2.0466e-03 -2.0666e-03 -2.1252e-03 -2.2175e-03 -2.3366e-03 -2.4723e-03 
+0000.00083 -1.2412e-03 -1.1671e-03 -1.1037e-03 -1.0551e-03 -1.0246e-03 -1.0142e-03 -1.0246e-03 -1.0551e-03 -1.1037e-03 -1.1671e-03 -1.2410e-03 
+0000.00000 -7.7050e-08 -2.8686e-08 -7.7271e-09 -7.6988e-11 +1.2567e-09 +5.6497e-11 -1.1372e-09 +2.1147e-10 +7.8905e-09 +2.8887e-08 +7.7304e-08 
-0000.00083 +1.2410e-03 +1.1671e-03 +1.1037e-03 +1.0551e-03 +1.0246e-03 +1.0142e-03 +1.0246e-03 +1.0551e-03 +1.1037e-03 +1.1671e-03 +1.2412e-03 
-0000.00167 +2.4723e-03 +2.3366e-03 +2.2175e-03 +2.1252e-03 +2.0666e-03 +2.0466e-03 +2.0666e-03 +2.1251e-03 +2.2175e-03 +2.3366e-03 +2.4724e-03 
-0000.00250 +3.7005e-03 +3.5214e-03 +3.3601e-03 +3.2326e-03 +3.1508e-03 +3.1225e-03 +3.1507e-03 +3.2326e-03 +3.3601e-03 +3.5214e-03 +3.7005e-03 
# Horizontal Final Position [m]
START
            -0000.00400 -0000.00320 -0000.00240 -0000.00160 -0000.00080 +0000.00000 +0000.00080 +0000.00160 +0000.00240 +0000.00320 +0000.00400 
+0000.00250 -3.9375e-03 -3.1514e-03 -2.3641e-03 -1.5762e-03 -7.8805e-04 +2.1355e-07 +7.8849e-04 +1.5767e-03 +2.3646e-03 +3.1520e-03 +3.9382e-03 
+0000.00167 -3.9395e-03 -3.1533e-03 -2.3657e-03 -1.5774e-03 -7.8869e-04 +1.4343e-07 +7.8899e-04 +1.5777e-03 +2.3660e-03 +3.1537e-03 +3.9400e-03 
+0000.00083 -3.9410e-03 -3.1546e-03 -2.3667e-03 -1.5781e-03 -7.8912e-04 +7.2073e-08 +7.8927e-04 +1.5783e-03 +2.3669e-03 +3.1548e-03 +3.9412e-03 
+0000.00000 -3.9416e-03 -3.1551e-03 -2.3672e-03 -1.5785e-03 -7.8932e-04 +7.1928e-13 +7.8932e-04 +1.5785e-03 +2.3672e-03 +3.1551e-03 +3.9416e-03 
-0000.00083 -3.9412e-03 -3.1548e-03 -2.3669e-03 -1.5783e-03 -7.8927e-04 -7.2072e-08 +7.8912e-04 +1.5781e-03 +2.3667e-03 +3.1546e-03 +3.9410e-03 
-0000.00167 -3.9400e-03 -3.1537e-03 -2.3660e-03 -1.5777e-03 -7.8899e-04 -1.4342e-07 +7.8869e-04 +1.5774e-03 +2.3657e-03 +3.1533e-03 +3.9395e-03 
-0000.00250 -3.9382e-03 -3.1520e-03 -2.3646e-03 -1.5767e-03 -7.8849e-04 -2.1355e-07 +7.8805e-04 +1.5762e-03 +2.3641e-03 +3.1514e-03 +3.9375e-03 
# Vertical Final Position [m]
START
            -0000.00400 -0000.00320 -0000.00240 -0000.00160 -0000.00080 +0000.00000 +0000.00080 +0000.00160 +0000.00240 +0000.00320 +0000.00400 
+0000.00250 +2.4577e-03 +2.4598e-03 +2.4617e-03 +2.4633e-03 +2.4643e-03 +2.4647e-03 +2.4644e-03 +2.4636e-03 +2.4622e-03 +2.4604e-03 +2.4585e-03 
+0000.00167 +1.6383e-03 +1.6399e-03 +1.6413e-03 +1.6425e-03 +1.6432e-03 +1.6435e-03 +1.6433e-03 +1.6428e-03 +1.6418e-03 +1.6405e-03 +1.6391e-03 
+0000.00083 +8.1888e-04 +8.1982e-04 +8.2062e-04 +8.2125e-04 +8.2167e-04 +8.2185e-04 +8.2181e-04 +8.2153e-04 +8.2106e-04 +8.2043e-04 +8.1969e-04 
+0000.00000 -4.0516e-07 -3.0655e-07 -2.2016e-07 -1.4230e-07 -6.9840e-08 -3.4426e-12 +6.9833e-08 +1.4229e-07 +2.2015e-07 +3.0654e-07 +4.0515e-07 
-0000.00083 -8.1969e-04 -8.2043e-04 -8.2106e-04 -8.2153e-04 -8.2181e-04 -8.2185e-04 -8.2167e-04 -8.2125e-04 -8.2062e-04 -8.1982e-04 -8.1888e-04 
-0000.00167 -1.6391e-03 -1.6405e-03 -1.6418e-03 -1.6428e-03 -1.6433e-03 -1.6435e-03 -1.6432e-03 -1.6425e-03 -1.6413e-03 -1.6399e-03 -1.6383e-03 
-0000.00250 -2.4585e-03 -2.4604e-03 -2.4622e-03 -2.4636e-03 -2.4644e-03 -2.4647e-03 -2.4643e-03 -2.4633e-03 -2.4617e-03 -2.4598e-03 -2.4577e-03 