# Author: FAC idanalysis.IDKickMap
# 
# Total Length of Longitudinal Interval [m]
1.2
# Number of Horizontal Points
11
# Number of Vertical Points
7
# Total Horizontal 2nd Order Kick [T2m2]
START
            -0000.00400 -0000.00320 -0000.00240 -0000.00160 -0000.00080 +0000.00000 +0000.00080 +0000.00160 +0000.00240 +0000.00320 +0000.00400 
+0000.00250 +2.5838e-03 +1.9084e-03 +1.3324e-03 +8.1878e-04 +3.4202e-04 -1.1602e-04 -5.6924e-04 -1.0318e-03 -1.5223e-03 -2.0672e-03 -2.7043e-03 
+0000.00167 +2.2885e-03 +1.6811e-03 +1.1658e-03 +7.1091e-04 +2.9403e-04 -1.0262e-04 -4.9469e-04 -8.9793e-04 -1.3303e-03 -1.8145e-03 -2.3824e-03 
+0000.00083 +2.0870e-03 +1.5356e-03 +1.0634e-03 +6.4651e-04 +2.6597e-04 -9.4633e-05 -4.5075e-04 -8.1784e-04 -1.2124e-03 -1.6531e-03 -2.1636e-03 
+0000.00000 +2.0142e-03 +1.4852e-03 +1.0288e-03 +6.2506e-04 +2.5673e-04 -9.1969e-05 -4.3621e-04 -7.9115e-04 -1.1725e-03 -1.5973e-03 -2.0851e-03 
-0000.00083 +2.0874e-03 +1.5359e-03 +1.0637e-03 +6.4671e-04 +2.6608e-04 -9.4625e-05 -4.5086e-04 -8.1810e-04 -1.2128e-03 -1.6538e-03 -2.1647e-03 
-0000.00167 +2.2892e-03 +1.6817e-03 +1.1663e-03 +7.1129e-04 +2.9423e-04 -1.0263e-04 -4.9495e-04 -8.9848e-04 -1.3312e-03 -1.8159e-03 -2.3843e-03 
-0000.00250 +2.5846e-03 +1.9091e-03 +1.3330e-03 +8.1928e-04 +3.4228e-04 -1.1607e-04 -5.6968e-04 -1.0326e-03 -1.5236e-03 -2.0691e-03 -2.7069e-03 
# Total Vertical 2nd Order Kick [T2m2]
START
            -0000.00400 -0000.00320 -0000.00240 -0000.00160 -0000.00080 +0000.00000 +0000.00080 +0000.00160 +0000.00240 +0000.00320 +0000.00400 
+0000.00250 -2.0056e-03 -1.7198e-03 -1.4982e-03 -1.3405e-03 -1.2493e-03 -1.2287e-03 -1.2801e-03 -1.4015e-03 -1.5885e-03 -1.8386e-03 -2.1531e-03 
+0000.00167 -1.3340e-03 -1.1228e-03 -9.6794e-04 -8.6206e-04 -8.0271e-04 -7.8969e-04 -8.2308e-04 -9.0256e-04 -1.0282e-03 -1.2028e-03 -1.4346e-03 
+0000.00083 -6.7077e-04 -5.5579e-04 -4.7523e-04 -4.2166e-04 -3.9217e-04 -3.8580e-04 -4.0230e-04 -4.4183e-04 -5.0537e-04 -5.9598e-04 -7.2159e-04 
+0000.00000 +1.3287e-06 +1.1795e-06 +1.0662e-06 +9.8490e-07 +9.4077e-07 +9.4356e-07 +1.0056e-06 +1.1411e-06 +1.3672e-06 +1.7101e-06 +2.2205e-06 
-0000.00083 +6.7341e-04 +5.5816e-04 +4.7740e-04 +4.2367e-04 +3.9410e-04 +3.8774e-04 +4.0437e-04 +4.4419e-04 +5.0817e-04 +5.9946e-04 +7.2602e-04 
-0000.00167 +1.3366e-03 +1.1252e-03 +9.7021e-04 +8.6420e-04 +8.0477e-04 +7.9178e-04 +8.2534e-04 +9.0513e-04 +1.0313e-03 +1.2065e-03 +1.4391e-03 
-0000.00250 +2.0083e-03 +1.7224e-03 +1.5007e-03 +1.3428e-03 +1.2516e-03 +1.2310e-03 +1.2827e-03 +1.4045e-03 +1.5920e-03 +1.8428e-03 +2.1579e-03 
# Horizontal Final Position [m]
START
            -0000.00400 -0000.00320 -0000.00240 -0000.00160 -0000.00080 +0000.00000 +0000.00080 +0000.00160 +0000.00240 +0000.00320 +0000.00400 
+0000.00250 -3.9718e-03 -3.1794e-03 -2.3859e-03 -1.5917e-03 -7.9711e-04 -2.2727e-06 +7.9263e-04 +1.5874e-03 +2.3820e-03 +3.1759e-03 +3.9687e-03 
+0000.00167 -3.9748e-03 -3.1817e-03 -2.3875e-03 -1.5926e-03 -7.9733e-04 -1.7924e-06 +7.9380e-04 +1.5893e-03 +2.3844e-03 +3.1790e-03 +3.9727e-03 
+0000.00083 -3.9768e-03 -3.1830e-03 -2.3884e-03 -1.5930e-03 -7.9733e-04 -1.3800e-06 +7.9462e-04 +1.5905e-03 +2.3861e-03 +3.1811e-03 +3.9754e-03 
+0000.00000 -3.9774e-03 -3.1833e-03 -2.3885e-03 -1.5930e-03 -7.9712e-04 -1.0307e-06 +7.9511e-04 +1.5911e-03 +2.3869e-03 +3.1821e-03 +3.9766e-03 
-0000.00083 -3.9763e-03 -3.1825e-03 -2.3878e-03 -1.5924e-03 -7.9670e-04 -7.4124e-07 +7.9527e-04 +1.5912e-03 +2.3867e-03 +3.1818e-03 +3.9760e-03 
-0000.00167 -3.9738e-03 -3.1806e-03 -2.3863e-03 -1.5914e-03 -7.9608e-04 -5.0849e-07 +7.9510e-04 +1.5906e-03 +2.3857e-03 +3.1803e-03 +3.9739e-03 
-0000.00250 -3.9702e-03 -3.1778e-03 -2.3842e-03 -1.5899e-03 -7.9521e-04 -3.2963e-07 +7.9459e-04 +1.5894e-03 +2.3839e-03 +3.1777e-03 +3.9706e-03 
# Vertical Final Position [m]
START
            -0000.00400 -0000.00320 -0000.00240 -0000.00160 -0000.00080 +0000.00000 +0000.00080 +0000.00160 +0000.00240 +0000.00320 +0000.00400 
+0000.00250 +2.4752e-03 +2.4781e-03 +2.4802e-03 +2.4817e-03 +2.4823e-03 +2.4822e-03 +2.4812e-03 +2.4795e-03 +2.4770e-03 +2.4739e-03 +2.4700e-03 
+0000.00167 +1.6492e-03 +1.6513e-03 +1.6527e-03 +1.6536e-03 +1.6539e-03 +1.6537e-03 +1.6529e-03 +1.6517e-03 +1.6499e-03 +1.6476e-03 +1.6447e-03 
+0000.00083 +8.2329e-04 +8.2429e-04 +8.2488e-04 +8.2515e-04 +8.2513e-04 +8.2484e-04 +8.2429e-04 +8.2347e-04 +8.2239e-04 +8.2102e-04 +8.1926e-04 
+0000.00000 -2.5254e-06 -2.8162e-06 -3.1301e-06 -3.4637e-06 -3.8130e-06 -4.1736e-06 -4.5406e-06 -4.9089e-06 -5.2737e-06 -5.6296e-06 -5.9696e-06 
-0000.00083 -8.2830e-04 -8.2988e-04 -8.3110e-04 -8.3204e-04 -8.3272e-04 -8.3315e-04 -8.3333e-04 -8.3326e-04 -8.3290e-04 -8.3224e-04 -8.3116e-04 
-0000.00167 -1.6541e-03 -1.6568e-03 -1.6588e-03 -1.6604e-03 -1.6614e-03 -1.6619e-03 -1.6619e-03 -1.6614e-03 -1.6603e-03 -1.6587e-03 -1.6564e-03 
-0000.00250 -2.4798e-03 -2.4833e-03 -2.4861e-03 -2.4882e-03 -2.4896e-03 -2.4902e-03 -2.4900e-03 -2.4890e-03 -2.4873e-03 -2.4848e-03 -2.4816e-03 