# Author: FAC idanalysis.IDKickMap
# 
# Total Length of Longitudinal Interval [m]
1.2
# Number of Horizontal Points
11
# Number of Vertical Points
7
# Total Horizontal 2nd Order Kick [T2m2]
START
            -0000.00400 -0000.00320 -0000.00240 -0000.00160 -0000.00080 +0000.00000 +0000.00080 +0000.00160 +0000.00240 +0000.00320 +0000.00400 
+0000.00250 +2.3675e-03 +1.9048e-03 +1.4493e-03 +9.8180e-04 +4.9688e-04 +6.9528e-09 -4.9687e-04 -9.8177e-04 -1.4493e-03 -1.9047e-03 -2.3674e-03 
+0000.00167 +2.0052e-03 +1.6313e-03 +1.2476e-03 +8.4632e-04 +4.2821e-04 +2.6640e-09 -4.2820e-04 -8.4630e-04 -1.2476e-03 -1.6313e-03 -2.0051e-03 
+0000.00083 +1.7611e-03 +1.4571e-03 +1.1239e-03 +7.6541e-04 +3.8787e-04 +1.0837e-09 -3.8787e-04 -7.6541e-04 -1.1239e-03 -1.4571e-03 -1.7611e-03 
+0000.00000 +1.6738e-03 +1.3968e-03 +1.0820e-03 +7.3837e-04 +3.7449e-04 +7.3209e-10 -3.7449e-04 -7.3837e-04 -1.0820e-03 -1.3968e-03 -1.6738e-03 
-0000.00083 +1.7611e-03 +1.4571e-03 +1.1239e-03 +7.6541e-04 +3.8787e-04 +3.8819e-10 -3.8787e-04 -7.6541e-04 -1.1239e-03 -1.4571e-03 -1.7611e-03 
-0000.00167 +2.0051e-03 +1.6313e-03 +1.2476e-03 +8.4630e-04 +4.2820e-04 -1.1743e-09 -4.2821e-04 -8.4631e-04 -1.2476e-03 -1.6313e-03 -2.0052e-03 
-0000.00250 +2.3674e-03 +1.9047e-03 +1.4493e-03 +9.8177e-04 +4.9687e-04 -5.4325e-09 -4.9688e-04 -9.8180e-04 -1.4493e-03 -1.9048e-03 -2.3675e-03 
# Total Vertical 2nd Order Kick [T2m2]
START
            -0000.00400 -0000.00320 -0000.00240 -0000.00160 -0000.00080 +0000.00000 +0000.00080 +0000.00160 +0000.00240 +0000.00320 +0000.00400 
+0000.00250 -2.0572e-03 -1.7093e-03 -1.4416e-03 -1.2475e-03 -1.1281e-03 -1.0876e-03 -1.1281e-03 -1.2475e-03 -1.4416e-03 -1.7092e-03 -2.0572e-03 
+0000.00167 -1.4187e-03 -1.1637e-03 -9.7774e-04 -8.4795e-04 -7.7022e-04 -7.4423e-04 -7.7022e-04 -8.4795e-04 -9.7772e-04 -1.1637e-03 -1.4187e-03 
+0000.00083 -7.2957e-04 -5.9191e-04 -4.9534e-04 -4.2964e-04 -3.9094e-04 -3.7810e-04 -3.9094e-04 -4.2964e-04 -4.9532e-04 -5.9187e-04 -7.2950e-04 
+0000.00000 -3.8388e-08 -2.0461e-08 -8.8675e-09 -2.5745e-09 -2.6162e-10 -1.2044e-10 +2.3581e-11 +2.3427e-09 +8.6482e-09 +2.0260e-08 +3.8216e-08 
-0000.00083 +7.2950e-04 +5.9187e-04 +4.9532e-04 +4.2964e-04 +3.9094e-04 +3.7810e-04 +3.9094e-04 +4.2964e-04 +4.9534e-04 +5.9191e-04 +7.2957e-04 
-0000.00167 +1.4187e-03 +1.1637e-03 +9.7772e-04 +8.4795e-04 +7.7022e-04 +7.4423e-04 +7.7022e-04 +8.4795e-04 +9.7774e-04 +1.1637e-03 +1.4187e-03 
-0000.00250 +2.0572e-03 +1.7092e-03 +1.4416e-03 +1.2475e-03 +1.1281e-03 +1.0876e-03 +1.1281e-03 +1.2475e-03 +1.4416e-03 +1.7093e-03 +2.0572e-03 
# Horizontal Final Position [m]
START
            -0000.00400 -0000.00320 -0000.00240 -0000.00160 -0000.00080 +0000.00000 +0000.00080 +0000.00160 +0000.00240 +0000.00320 +0000.00400 
+0000.00250 -3.9730e-03 -3.1783e-03 -2.3835e-03 -1.5889e-03 -7.9443e-04 -1.2207e-07 +7.9419e-04 +1.5886e-03 +2.3833e-03 +3.1781e-03 +3.9728e-03 
+0000.00167 -3.9771e-03 -3.1814e-03 -2.3858e-03 -1.5904e-03 -7.9518e-04 -7.9573e-08 +7.9502e-04 +1.5902e-03 +2.3857e-03 +3.1813e-03 +3.9770e-03 
+0000.00083 -3.9799e-03 -3.1834e-03 -2.3872e-03 -1.5913e-03 -7.9560e-04 -3.9254e-08 +7.9552e-04 +1.5912e-03 +2.3871e-03 +3.1833e-03 +3.9798e-03 
+0000.00000 -3.9808e-03 -3.1840e-03 -2.3876e-03 -1.5915e-03 -7.9571e-04 +1.1604e-11 +7.9571e-04 +1.5915e-03 +2.3876e-03 +3.1840e-03 +3.9808e-03 
-0000.00083 -3.9798e-03 -3.1833e-03 -2.3871e-03 -1.5912e-03 -7.9552e-04 +3.9277e-08 +7.9560e-04 +1.5913e-03 +2.3872e-03 +3.1834e-03 +3.9799e-03 
-0000.00167 -3.9770e-03 -3.1813e-03 -2.3857e-03 -1.5902e-03 -7.9502e-04 +7.9597e-08 +7.9518e-04 +1.5904e-03 +2.3858e-03 +3.1814e-03 +3.9771e-03 
-0000.00250 -3.9728e-03 -3.1781e-03 -2.3833e-03 -1.5886e-03 -7.9419e-04 +1.2209e-07 +7.9443e-04 +1.5889e-03 +2.3835e-03 +3.1783e-03 +3.9730e-03 
# Vertical Final Position [m]
START
            -0000.00400 -0000.00320 -0000.00240 -0000.00160 -0000.00080 +0000.00000 +0000.00080 +0000.00160 +0000.00240 +0000.00320 +0000.00400 
+0000.00250 +2.4766e-03 +2.4806e-03 +2.4836e-03 +2.4858e-03 +2.4871e-03 +2.4876e-03 +2.4870e-03 +2.4856e-03 +2.4834e-03 +2.4803e-03 +2.4763e-03 
+0000.00167 +1.6506e-03 +1.6535e-03 +1.6556e-03 +1.6570e-03 +1.6579e-03 +1.6581e-03 +1.6578e-03 +1.6569e-03 +1.6554e-03 +1.6532e-03 +1.6503e-03 
+0000.00083 +8.2513e-04 +8.2669e-04 +8.2777e-04 +8.2849e-04 +8.2890e-04 +8.2901e-04 +8.2882e-04 +8.2834e-04 +8.2756e-04 +8.2642e-04 +8.2483e-04 
+0000.00000 +1.4949e-07 +1.3071e-07 +1.0428e-07 +7.2473e-08 +3.7128e-08 -1.5760e-12 -3.7131e-08 -7.2476e-08 -1.0428e-07 -1.3072e-07 -1.4949e-07 
-0000.00083 -8.2483e-04 -8.2642e-04 -8.2756e-04 -8.2834e-04 -8.2882e-04 -8.2901e-04 -8.2890e-04 -8.2849e-04 -8.2777e-04 -8.2669e-04 -8.2513e-04 
-0000.00167 -1.6503e-03 -1.6532e-03 -1.6554e-03 -1.6569e-03 -1.6578e-03 -1.6581e-03 -1.6579e-03 -1.6570e-03 -1.6556e-03 -1.6535e-03 -1.6506e-03 
-0000.00250 -2.4763e-03 -2.4803e-03 -2.4834e-03 -2.4856e-03 -2.4870e-03 -2.4876e-03 -2.4871e-03 -2.4858e-03 -2.4836e-03 -2.4806e-03 -2.4766e-03 