# Author: FAC idanalysis.IDKickMap
# 
# Total Length of Longitudinal Interval [m]
1.2
# Number of Horizontal Points
11
# Number of Vertical Points
7
# Total Horizontal 2nd Order Kick [T2m2]
START
            -0000.00400 -0000.00320 -0000.00240 -0000.00160 -0000.00080 +0000.00000 +0000.00080 +0000.00160 +0000.00240 +0000.00320 +0000.00400 
+0000.00250 +5.3643e-03 +4.0915e-03 +2.9511e-03 +1.8875e-03 +8.6268e-04 -1.4565e-04 -1.1497e-03 -2.1619e-03 -3.2050e-03 -4.3180e-03 -5.5574e-03 
+0000.00167 +5.2535e-03 +3.9379e-03 +2.7979e-03 +1.7677e-03 +8.0115e-04 -1.3477e-04 -1.0666e-03 -2.0208e-03 -3.0309e-03 -4.1431e-03 -5.4236e-03 
+0000.00083 +5.2073e-03 +3.8620e-03 +2.7198e-03 +1.7066e-03 +7.7034e-04 -1.2832e-04 -1.0229e-03 -1.9470e-03 -2.9399e-03 -4.0538e-03 -5.3624e-03 
+0000.00000 +5.1949e-03 +3.8392e-03 +2.6959e-03 +1.6878e-03 +7.6092e-04 -1.2626e-04 -1.0094e-03 -1.9241e-03 -2.9119e-03 -4.0267e-03 -5.3450e-03 
-0000.00083 +5.2068e-03 +3.8615e-03 +2.7194e-03 +1.7062e-03 +7.7004e-04 -1.2860e-04 -1.0232e-03 -1.9472e-03 -2.9402e-03 -4.0541e-03 -5.3628e-03 
-0000.00167 +5.2526e-03 +3.9371e-03 +2.7971e-03 +1.7670e-03 +8.0052e-04 -1.3536e-04 -1.0671e-03 -2.0214e-03 -3.0315e-03 -4.1438e-03 -5.4244e-03 
-0000.00250 +5.3630e-03 +4.0901e-03 +2.9498e-03 +1.8864e-03 +8.6165e-04 -1.4661e-04 -1.1506e-03 -2.1629e-03 -3.2060e-03 -4.3191e-03 -5.5586e-03 
# Total Vertical 2nd Order Kick [T2m2]
START
            -0000.00400 -0000.00320 -0000.00240 -0000.00160 -0000.00080 +0000.00000 +0000.00080 +0000.00160 +0000.00240 +0000.00320 +0000.00400 
+0000.00250 -1.4302e-04 +3.4919e-05 +2.3254e-04 +4.0758e-04 +5.2464e-04 +5.5820e-04 +4.9887e-04 +3.5648e-04 +1.5677e-04 -6.5161e-05 -2.6795e-04 
+0000.00167 -1.5968e-05 +7.4046e-05 +1.8189e-04 +2.7822e-04 +3.4180e-04 +3.5887e-04 +3.2464e-04 +2.4406e-04 +1.3087e-04 +5.9544e-06 -1.0222e-04 
+0000.00083 +1.6844e-05 +5.3015e-05 +9.9614e-05 +1.4184e-04 +1.6958e-04 +1.7662e-04 +1.6088e-04 +1.2450e-04 +7.3599e-05 +1.8080e-05 -2.7828e-05 
+0000.00000 +8.9866e-07 +6.5001e-07 +4.6399e-07 +3.0237e-07 +1.5206e-07 +1.3545e-08 -1.0611e-07 -1.9798e-07 -2.5364e-07 -2.6394e-07 -2.1106e-07 
-0000.00083 -1.5102e-05 -5.1744e-05 -9.8699e-05 -1.4124e-04 -1.6927e-04 -1.7659e-04 -1.6109e-04 -1.2489e-04 -7.4102e-05 -1.8605e-05 +2.7394e-05 
-0000.00167 +1.7537e-05 -7.2866e-05 -1.8101e-04 -2.7763e-04 -3.4149e-04 -3.5883e-04 -3.2484e-04 -2.4444e-04 -1.3135e-04 -6.4620e-06 +1.0178e-04 
-0000.00250 +1.4430e-04 -3.3902e-05 -2.3175e-04 -4.0702e-04 -5.2434e-04 -5.5815e-04 -4.9905e-04 -3.5683e-04 -1.5720e-04 +6.4712e-05 +2.6755e-04 
# Horizontal Final Position [m]
START
            -0000.00400 -0000.00320 -0000.00240 -0000.00160 -0000.00080 +0000.00000 +0000.00080 +0000.00160 +0000.00240 +0000.00320 +0000.00400 
+0000.00250 -3.9403e-03 -3.1546e-03 -2.3675e-03 -1.5794e-03 -7.9096e-04 -2.2857e-06 +7.8645e-04 +1.5751e-03 +2.3634e-03 +3.1509e-03 +3.9370e-03 
+0000.00167 -3.9413e-03 -3.1561e-03 -2.3689e-03 -1.5805e-03 -7.9141e-04 -1.9424e-06 +7.8758e-04 +1.5769e-03 +2.3655e-03 +3.1530e-03 +3.9386e-03 
+0000.00083 -3.9415e-03 -3.1567e-03 -2.3696e-03 -1.5810e-03 -7.9153e-04 -1.6570e-06 +7.8827e-04 +1.5779e-03 +2.3667e-03 +3.1541e-03 +3.9394e-03 
+0000.00000 -3.9414e-03 -3.1567e-03 -2.3696e-03 -1.5810e-03 -7.9141e-04 -1.4248e-06 +7.8861e-04 +1.5783e-03 +2.3671e-03 +3.1546e-03 +3.9397e-03 
-0000.00083 -3.9409e-03 -3.1562e-03 -2.3691e-03 -1.5805e-03 -7.9109e-04 -1.2423e-06 +7.8864e-04 +1.5782e-03 +2.3670e-03 +3.1544e-03 +3.9395e-03 
-0000.00167 -3.9401e-03 -3.1550e-03 -2.3679e-03 -1.5796e-03 -7.9051e-04 -1.1060e-06 +7.8834e-04 +1.5775e-03 +2.3661e-03 +3.1534e-03 +3.9389e-03 
-0000.00250 -3.9386e-03 -3.1530e-03 -2.3659e-03 -1.5780e-03 -7.8958e-04 -1.0125e-06 +7.8759e-04 +1.5761e-03 +2.3642e-03 +3.1516e-03 +3.9375e-03 
# Vertical Final Position [m]
START
            -0000.00400 -0000.00320 -0000.00240 -0000.00160 -0000.00080 +0000.00000 +0000.00080 +0000.00160 +0000.00240 +0000.00320 +0000.00400 
+0000.00250 +2.4999e-03 +2.5016e-03 +2.5036e-03 +2.5053e-03 +2.5064e-03 +2.5065e-03 +2.5057e-03 +2.5039e-03 +2.5015e-03 +2.4988e-03 +2.4965e-03 
+0000.00167 +1.6679e-03 +1.6687e-03 +1.6697e-03 +1.6705e-03 +1.6710e-03 +1.6710e-03 +1.6704e-03 +1.6693e-03 +1.6679e-03 +1.6664e-03 +1.6650e-03 
+0000.00083 +8.3497e-04 +8.3512e-04 +8.3540e-04 +8.3564e-04 +8.3573e-04 +8.3560e-04 +8.3523e-04 +8.3465e-04 +8.3393e-04 +8.3318e-04 +8.3258e-04 
+0000.00000 +1.4530e-06 +1.1911e-06 +9.4381e-07 +7.0863e-07 +4.8585e-07 +2.7745e-07 +8.6359e-08 -8.4060e-08 -2.3019e-07 -3.4779e-07 -4.3076e-07 
-0000.00083 -8.3206e-04 -8.3273e-04 -8.3351e-04 -8.3422e-04 -8.3476e-04 -8.3505e-04 -8.3507e-04 -8.3483e-04 -8.3440e-04 -8.3389e-04 -8.3346e-04 
-0000.00167 -1.6650e-03 -1.6663e-03 -1.6678e-03 -1.6691e-03 -1.6700e-03 -1.6705e-03 -1.6703e-03 -1.6695e-03 -1.6684e-03 -1.6671e-03 -1.6660e-03 
-0000.00250 -2.4969e-03 -2.4992e-03 -2.5017e-03 -2.5039e-03 -2.5054e-03 -2.5061e-03 -2.5056e-03 -2.5042e-03 -2.5021e-03 -2.4997e-03 -2.4975e-03 