# Author: FAC idanalysis.IDKickMap
# Termination_kicks [T2m2]: +0.0000e+00 +0.0000e+00 +0.0000e+00 +0.0000e+00 
# Total Length of Longitudinal Interval [m]
1.2
# Number of Horizontal Points
11
# Number of Vertical Points
7
# Total Horizontal 2nd Order Kick [T2m2]
START
            -0000.00400 -0000.00320 -0000.00240 -0000.00160 -0000.00080 +0000.00000 +0000.00080 +0000.00160 +0000.00240 +0000.00320 +0000.00400 
+0000.00250 +7.6924e-05 -4.0764e-05 -9.2410e-05 -9.6153e-05 -6.5310e-05 -1.4159e-05 +4.1454e-05 +8.5504e-05 +1.0332e-04 +8.1184e-05 +6.7600e-07 
+0000.00167 -3.9397e-04 -3.3817e-04 -2.7274e-04 -1.9552e-04 -1.0579e-04 -6.3680e-06 +9.7534e-05 +2.0067e-04 +3.0027e-04 +3.9727e-04 +4.9451e-04 
+0000.00083 -7.4472e-04 -5.5057e-04 -3.9925e-04 -2.6514e-04 -1.3459e-04 -1.6430e-06 +1.3584e-04 +2.8009e-04 +4.3732e-04 +6.2188e-04 +8.5691e-04 
+0000.00000 -8.7641e-04 -6.2819e-04 -4.4486e-04 -2.9011e-04 -1.4493e-04 +0.0000e+00 +1.4949e-04 +3.0848e-04 +4.8664e-04 +7.0385e-04 +9.9824e-04 
-0000.00083 -7.4555e-04 -5.5094e-04 -3.9938e-04 -2.6512e-04 -1.3447e-04 -1.4490e-06 +1.3610e-04 +2.8042e-04 +4.3777e-04 +6.2253e-04 +8.6189e-04 
-0000.00167 -3.9536e-04 -3.3880e-04 -2.7291e-04 -1.9541e-04 -1.0551e-04 -5.9620e-06 +9.8044e-05 +2.0132e-04 +3.0110e-04 +3.9841e-04 +4.9617e-04 
-0000.00250 +7.5314e-05 -4.1464e-05 -9.2515e-05 -9.5873e-05 -6.4791e-05 -1.3490e-05 +4.2234e-05 +8.6414e-05 +1.0443e-04 +8.2614e-05 +2.6040e-06 
# Total Vertical 2nd Order Kick [T2m2]
START
            -0000.00400 -0000.00320 -0000.00240 -0000.00160 -0000.00080 +0000.00000 +0000.00080 +0000.00160 +0000.00240 +0000.00320 +0000.00400 
+0000.00250 -3.7509e-03 -3.3633e-03 -3.1191e-03 -2.9760e-03 -2.9050e-03 -2.8891e-03 -2.9225e-03 -3.0109e-03 -3.1718e-03 -3.4351e-03 -3.8447e-03 
+0000.00167 -2.5711e-03 -2.2439e-03 -2.0438e-03 -1.9272e-03 -1.8686e-03 -1.8544e-03 -1.8803e-03 -1.9506e-03 -2.0796e-03 -2.2934e-03 -2.6371e-03 
+0000.00083 -1.3184e-03 -1.1274e-03 -1.0137e-03 -9.4822e-04 -9.1533e-04 -9.0710e-04 -9.2112e-04 -9.5992e-04 -1.0317e-03 -1.1524e-03 -1.3524e-03 
+0000.00000 -1.8605e-06 -1.0746e-06 -5.9940e-07 -3.0010e-07 -1.1090e-07 +0.0000e+00 +4.4500e-08 +2.0000e-08 -9.0700e-08 -3.2540e-07 -7.6300e-07 
-0000.00083 +1.3148e-03 +1.1252e-03 +1.0124e-03 +9.4756e-04 +9.1503e-04 +9.0703e-04 +9.2114e-04 +9.5990e-04 +1.0314e-03 +1.1517e-03 +1.3508e-03 
-0000.00167 +2.5679e-03 +2.2418e-03 +2.0424e-03 +1.9262e-03 +1.8680e-03 +1.8541e-03 +1.8800e-03 +1.9504e-03 +2.0792e-03 +2.2927e-03 +2.6358e-03 
-0000.00250 +3.7480e-03 +3.3612e-03 +3.1174e-03 +2.9747e-03 +2.9040e-03 +2.8883e-03 +2.9218e-03 +3.0103e-03 +3.1712e-03 +3.4344e-03 +3.8436e-03 
# Horizontal Final Position [m]
START
            -0000.00400 -0000.00320 -0000.00240 -0000.00160 -0000.00080 +0000.00000 +0000.00080 +0000.00160 +0000.00240 +0000.00320 +0000.00400 
+0000.00250 -3.9992e-03 -3.2004e-03 -2.4009e-03 -1.6008e-03 -8.0042e-04 +2.3996e-07 +8.0096e-04 +1.6016e-03 +2.4019e-03 +3.2017e-03 +4.0009e-03 
+0000.00167 -4.0043e-03 -3.2035e-03 -2.4027e-03 -1.6018e-03 -8.0070e-04 +4.8973e-07 +8.0173e-04 +1.6030e-03 +2.4042e-03 +3.2054e-03 +4.0066e-03 
+0000.00083 -4.0080e-03 -3.2057e-03 -2.4039e-03 -1.6024e-03 -8.0085e-04 +6.9037e-07 +8.0229e-04 +1.6040e-03 +2.4058e-03 +3.2079e-03 +4.0106e-03 
+0000.00000 -4.0091e-03 -3.2063e-03 -2.4042e-03 -1.6025e-03 -8.0080e-04 +8.4914e-07 +8.0255e-04 +1.6044e-03 +2.4064e-03 +3.2089e-03 +4.0122e-03 
-0000.00083 -4.0073e-03 -3.2052e-03 -2.4035e-03 -1.6020e-03 -8.0052e-04 +9.7254e-07 +8.0251e-04 +1.6041e-03 +2.4059e-03 +3.2080e-03 +4.0106e-03 
-0000.00167 -4.0030e-03 -3.2025e-03 -2.4018e-03 -1.6010e-03 -8.0001e-04 +1.0675e-06 +8.0220e-04 +1.6033e-03 +2.4044e-03 +3.2054e-03 +4.0064e-03 
-0000.00250 -3.9974e-03 -3.1988e-03 -2.3995e-03 -1.5996e-03 -7.9936e-04 +1.1419e-06 +8.0169e-04 +1.6021e-03 +2.4022e-03 +3.2018e-03 +4.0008e-03 
# Vertical Final Position [m]
START
            -0000.00400 -0000.00320 -0000.00240 -0000.00160 -0000.00080 +0000.00000 +0000.00080 +0000.00160 +0000.00240 +0000.00320 +0000.00400 
+0000.00250 +2.4617e-03 +2.4659e-03 +2.4684e-03 +2.4699e-03 +2.4705e-03 +2.4705e-03 +2.4699e-03 +2.4688e-03 +2.4669e-03 +2.4638e-03 +2.4591e-03 
+0000.00167 +1.6418e-03 +1.6453e-03 +1.6473e-03 +1.6484e-03 +1.6489e-03 +1.6489e-03 +1.6485e-03 +1.6476e-03 +1.6460e-03 +1.6436e-03 +1.6396e-03 
+0000.00083 +8.2272e-04 +8.2463e-04 +8.2570e-04 +8.2624e-04 +8.2644e-04 +8.2638e-04 +8.2610e-04 +8.2556e-04 +8.2468e-04 +8.2328e-04 +8.2101e-04 
+0000.00000 +4.4109e-06 +4.1441e-06 +3.9151e-06 +3.7164e-06 +3.5446e-06 +3.3987e-06 +3.2798e-06 +3.1895e-06 +3.1306e-06 +3.1058e-06 +3.1189e-06 
-0000.00083 -8.1388e-04 -8.1632e-04 -8.1784e-04 -8.1879e-04 -8.1933e-04 -8.1957e-04 -8.1954e-04 -8.1919e-04 -8.1843e-04 -8.1708e-04 -8.1480e-04 
-0000.00167 -1.6329e-03 -1.6369e-03 -1.6394e-03 -1.6409e-03 -1.6418e-03 -1.6421e-03 -1.6419e-03 -1.6412e-03 -1.6398e-03 -1.6374e-03 -1.6335e-03 
-0000.00250 -2.4527e-03 -2.4573e-03 -2.4604e-03 -2.4622e-03 -2.4632e-03 -2.4636e-03 -2.4633e-03 -2.4624e-03 -2.4607e-03 -2.4577e-03 -2.4531e-03 