# Author: FAC idanalysis.IDKickMap
# 
# Total Length of Longitudinal Interval [m]
1.2
# Number of Horizontal Points
11
# Number of Vertical Points
7
# Total Horizontal 2nd Order Kick [T2m2]
START
            -0000.00400 -0000.00320 -0000.00240 -0000.00160 -0000.00080 +0000.00000 +0000.00080 +0000.00160 +0000.00240 +0000.00320 +0000.00400 
+0000.00250 +9.0174e-04 +5.7525e-04 +3.2386e-04 +1.2487e-04 -3.7665e-05 -1.7860e-04 -3.1315e-04 -4.5690e-04 -6.2548e-04 -8.3590e-04 -1.1119e-03 
+0000.00167 +4.9181e-04 +3.1038e-04 +1.6037e-04 +3.4663e-05 -7.1773e-05 -1.6491e-04 -2.5180e-04 -3.3961e-04 -4.3458e-04 -5.4190e-04 -6.6848e-04 
+0000.00083 +1.8699e-04 +1.2167e-04 +4.5918e-05 -2.8522e-05 -9.6362e-05 -1.5667e-04 -2.1073e-04 -2.5983e-04 -3.0295e-04 -3.3435e-04 -3.4104e-04 
+0000.00000 +7.2605e-05 +5.2793e-05 +4.7146e-06 -5.1159e-05 -1.0521e-04 -1.5384e-04 -1.9621e-04 -2.3145e-04 -2.5575e-04 -2.5881e-04 -2.1856e-04 
-0000.00083 +1.8616e-04 +1.2131e-04 +4.5819e-05 -2.8458e-05 -9.6191e-05 -1.5642e-04 -2.1041e-04 -2.5943e-04 -3.0243e-04 -3.3364e-04 -3.4002e-04 
-0000.00167 +4.9044e-04 +3.0978e-04 +1.6025e-04 +3.4839e-05 -7.1400e-05 -1.6439e-04 -2.5117e-04 -3.3885e-04 -4.3364e-04 -5.4067e-04 -6.6679e-04 
-0000.00250 +9.0018e-04 +5.7460e-04 +3.2384e-04 +1.2526e-04 -3.7015e-05 -1.7778e-04 -3.1223e-04 -4.5585e-04 -6.2426e-04 -8.3440e-04 -1.1100e-03 
# Total Vertical 2nd Order Kick [T2m2]
START
            -0000.00400 -0000.00320 -0000.00240 -0000.00160 -0000.00080 +0000.00000 +0000.00080 +0000.00160 +0000.00240 +0000.00320 +0000.00400 
+0000.00250 -3.7085e-03 -3.3670e-03 -3.1471e-03 -3.0168e-03 -2.9537e-03 -2.9445e-03 -2.9846e-03 -3.0784e-03 -3.2390e-03 -3.4898e-03 -3.8647e-03 
+0000.00167 -2.5309e-03 -2.2433e-03 -2.0636e-03 -1.9576e-03 -1.9052e-03 -1.8957e-03 -1.9257e-03 -1.9986e-03 -2.1254e-03 -2.3270e-03 -2.6393e-03 
+0000.00083 -1.2944e-03 -1.1266e-03 -1.0248e-03 -9.6531e-04 -9.3582e-04 -9.3003e-04 -9.4600e-04 -9.8573e-04 -1.0557e-03 -1.1688e-03 -1.3496e-03 
+0000.00000 -4.3723e-06 -3.5207e-06 -2.9925e-06 -2.6515e-06 -2.4300e-06 -2.2938e-06 -2.2280e-06 -2.2312e-06 -2.3150e-06 -2.5087e-06 -2.8742e-06 
-0000.00083 +1.2858e-03 +1.1196e-03 +1.0187e-03 +9.5993e-04 +9.3087e-04 +9.2535e-04 +9.4146e-04 +9.8120e-04 +1.0510e-03 +1.1638e-03 +1.3440e-03 
-0000.00167 +2.5227e-03 +2.2362e-03 +2.0574e-03 +1.9519e-03 +1.9000e-03 +1.8908e-03 +1.9209e-03 +1.9938e-03 +2.1206e-03 +2.3220e-03 +2.6340e-03 
-0000.00250 +3.7006e-03 +3.3598e-03 +3.1405e-03 +3.0107e-03 +2.9479e-03 +2.9390e-03 +2.9793e-03 +3.0732e-03 +3.2339e-03 +3.4846e-03 +3.8595e-03 
# Horizontal Final Position [m]
START
            -0000.00400 -0000.00320 -0000.00240 -0000.00160 -0000.00080 +0000.00000 +0000.00080 +0000.00160 +0000.00240 +0000.00320 +0000.00400 
+0000.00250 -3.9909e-03 -3.1945e-03 -2.3973e-03 -1.5994e-03 -8.0120e-04 -2.7221e-06 +7.9584e-04 +1.5943e-03 +2.3925e-03 +3.1902e-03 +3.9871e-03 
+0000.00167 -3.9952e-03 -3.1972e-03 -2.3988e-03 -1.6002e-03 -8.0133e-04 -2.3290e-06 +7.9674e-04 +1.5958e-03 +2.3948e-03 +3.1936e-03 +3.9923e-03 
+0000.00083 -3.9983e-03 -3.1990e-03 -2.3998e-03 -1.6006e-03 -8.0135e-04 -2.0110e-06 +7.9740e-04 +1.5969e-03 +2.3964e-03 +3.1961e-03 +3.9961e-03 
+0000.00000 -3.9992e-03 -3.1994e-03 -2.3999e-03 -1.6006e-03 -8.0120e-04 -1.7608e-06 +7.9775e-04 +1.5974e-03 +2.3971e-03 +3.1970e-03 +3.9975e-03 
-0000.00083 -3.9975e-03 -3.1982e-03 -2.3992e-03 -1.6000e-03 -8.0085e-04 -1.5728e-06 +7.9778e-04 +1.5972e-03 +2.3967e-03 +3.1963e-03 +3.9961e-03 
-0000.00167 -3.9936e-03 -3.1957e-03 -2.3975e-03 -1.5990e-03 -8.0031e-04 -1.4410e-06 +7.9750e-04 +1.5964e-03 +2.3953e-03 +3.1940e-03 +3.9924e-03 
-0000.00250 -3.9885e-03 -3.1923e-03 -2.3953e-03 -1.5977e-03 -7.9965e-04 -1.3591e-06 +7.9700e-04 +1.5953e-03 +2.3932e-03 +3.1907e-03 +3.9874e-03 
# Vertical Final Position [m]
START
            -0000.00400 -0000.00320 -0000.00240 -0000.00160 -0000.00080 +0000.00000 +0000.00080 +0000.00160 +0000.00240 +0000.00320 +0000.00400 
+0000.00250 +2.4632e-03 +2.4667e-03 +2.4689e-03 +2.4701e-03 +2.4705e-03 +2.4704e-03 +2.4697e-03 +2.4685e-03 +2.4665e-03 +2.4635e-03 +2.4591e-03 
+0000.00167 +1.6433e-03 +1.6462e-03 +1.6480e-03 +1.6489e-03 +1.6492e-03 +1.6491e-03 +1.6485e-03 +1.6475e-03 +1.6459e-03 +1.6435e-03 +1.6399e-03 
+0000.00083 +8.2414e-04 +8.2567e-04 +8.2650e-04 +8.2688e-04 +8.2696e-04 +8.2680e-04 +8.2642e-04 +8.2580e-04 +8.2488e-04 +8.2350e-04 +8.2138e-04 
+0000.00000 +5.5732e-06 +5.1910e-06 +4.8586e-06 +4.5660e-06 +4.3084e-06 +4.0842e-06 +3.8934e-06 +3.7368e-06 +3.6157e-06 +3.5315e-06 +3.4868e-06 
-0000.00083 -8.1299e-04 -8.1528e-04 -8.1677e-04 -8.1774e-04 -8.1834e-04 -8.1863e-04 -8.1864e-04 -8.1834e-04 -8.1767e-04 -8.1646e-04 -8.1444e-04 
-0000.00167 -1.6322e-03 -1.6358e-03 -1.6382e-03 -1.6397e-03 -1.6406e-03 -1.6409e-03 -1.6408e-03 -1.6401e-03 -1.6388e-03 -1.6366e-03 -1.6330e-03 
-0000.00250 -2.4520e-03 -2.4563e-03 -2.4591e-03 -2.4609e-03 -2.4619e-03 -2.4622e-03 -2.4620e-03 -2.4611e-03 -2.4594e-03 -2.4566e-03 -2.4524e-03 