# Author: FAC idanalysis.IDKickMap
# Termination_kicks [T2m2]: +0.0000e+00 +0.0000e+00 +0.0000e+00 +0.0000e+00 
# Total Length of Longitudinal Interval [m]
1.2
# Number of Horizontal Points
11
# Number of Vertical Points
7
# Total Horizontal 2nd Order Kick [T2m2]
START
            -0000.00400 -0000.00320 -0000.00240 -0000.00160 -0000.00080 +0000.00000 +0000.00080 +0000.00160 +0000.00240 +0000.00320 +0000.00400 
+0000.00250 +1.0556e-03 +7.2909e-04 +4.7770e-04 +2.7871e-04 +1.1618e-04 -2.4760e-05 -1.5931e-04 -3.0306e-04 -4.7164e-04 -6.8206e-04 -9.5806e-04 
+0000.00167 +6.4565e-04 +4.6422e-04 +3.1421e-04 +1.8850e-04 +8.2067e-05 -1.1070e-05 -9.7960e-05 -1.8577e-04 -2.8074e-04 -3.8806e-04 -5.1464e-04 
+0000.00083 +3.4083e-04 +2.7551e-04 +1.9976e-04 +1.2532e-04 +5.7478e-05 -2.8300e-06 -5.6890e-05 -1.0599e-04 -1.4911e-04 -1.8051e-04 -1.8720e-04 
+0000.00000 +2.2645e-04 +2.0663e-04 +1.5855e-04 +1.0268e-04 +4.8630e-05 +0.0000e+00 -4.2370e-05 -7.7610e-05 -1.0191e-04 -1.0497e-04 -6.4720e-05 
-0000.00083 +3.4000e-04 +2.7515e-04 +1.9966e-04 +1.2538e-04 +5.7649e-05 -2.5800e-06 -5.6570e-05 -1.0559e-04 -1.4859e-04 -1.7980e-04 -1.8618e-04 
-0000.00167 +6.4428e-04 +4.6362e-04 +3.1409e-04 +1.8868e-04 +8.2440e-05 -1.0550e-05 -9.7330e-05 -1.8501e-04 -2.7980e-04 -3.8683e-04 -5.1295e-04 
-0000.00250 +1.0540e-03 +7.2844e-04 +4.7768e-04 +2.7910e-04 +1.1683e-04 -2.3940e-05 -1.5839e-04 -3.0201e-04 -4.7042e-04 -6.8056e-04 -9.5616e-04 
# Total Vertical 2nd Order Kick [T2m2]
START
            -0000.00400 -0000.00320 -0000.00240 -0000.00160 -0000.00080 +0000.00000 +0000.00080 +0000.00160 +0000.00240 +0000.00320 +0000.00400 
+0000.00250 -3.7062e-03 -3.3647e-03 -3.1448e-03 -3.0145e-03 -2.9514e-03 -2.9422e-03 -2.9823e-03 -3.0761e-03 -3.2367e-03 -3.4875e-03 -3.8624e-03 
+0000.00167 -2.5286e-03 -2.2410e-03 -2.0613e-03 -1.9553e-03 -1.9029e-03 -1.8934e-03 -1.9234e-03 -1.9963e-03 -2.1231e-03 -2.3247e-03 -2.6370e-03 
+0000.00083 -1.2921e-03 -1.1243e-03 -1.0225e-03 -9.6302e-04 -9.3353e-04 -9.2774e-04 -9.4371e-04 -9.8344e-04 -1.0534e-03 -1.1665e-03 -1.3473e-03 
+0000.00000 -2.0785e-06 -1.2269e-06 -6.9870e-07 -3.5770e-07 -1.3620e-07 +0.0000e+00 +6.5800e-08 +6.2600e-08 -2.1200e-08 -2.1490e-07 -5.8040e-07 
-0000.00083 +1.2881e-03 +1.1219e-03 +1.0210e-03 +9.6222e-04 +9.3316e-04 +9.2764e-04 +9.4375e-04 +9.8349e-04 +1.0533e-03 +1.1661e-03 +1.3463e-03 
-0000.00167 +2.5250e-03 +2.2385e-03 +2.0597e-03 +1.9542e-03 +1.9023e-03 +1.8931e-03 +1.9232e-03 +1.9961e-03 +2.1229e-03 +2.3243e-03 +2.6363e-03 
-0000.00250 +3.7029e-03 +3.3621e-03 +3.1428e-03 +3.0130e-03 +2.9502e-03 +2.9413e-03 +2.9816e-03 +3.0755e-03 +3.2362e-03 +3.4869e-03 +3.8618e-03 
# Horizontal Final Position [m]
START
            -0000.00400 -0000.00320 -0000.00240 -0000.00160 -0000.00080 +0000.00000 +0000.00080 +0000.00160 +0000.00240 +0000.00320 +0000.00400 
+0000.00250 -3.9909e-03 -3.1945e-03 -2.3973e-03 -1.5994e-03 -8.0120e-04 -2.7221e-06 +7.9584e-04 +1.5943e-03 +2.3925e-03 +3.1902e-03 +3.9871e-03 
+0000.00167 -3.9952e-03 -3.1972e-03 -2.3988e-03 -1.6002e-03 -8.0133e-04 -2.3290e-06 +7.9674e-04 +1.5958e-03 +2.3948e-03 +3.1936e-03 +3.9923e-03 
+0000.00083 -3.9983e-03 -3.1990e-03 -2.3998e-03 -1.6006e-03 -8.0135e-04 -2.0110e-06 +7.9740e-04 +1.5969e-03 +2.3964e-03 +3.1961e-03 +3.9961e-03 
+0000.00000 -3.9992e-03 -3.1994e-03 -2.3999e-03 -1.6006e-03 -8.0120e-04 -1.7608e-06 +7.9775e-04 +1.5974e-03 +2.3971e-03 +3.1970e-03 +3.9975e-03 
-0000.00083 -3.9975e-03 -3.1982e-03 -2.3992e-03 -1.6000e-03 -8.0085e-04 -1.5728e-06 +7.9778e-04 +1.5972e-03 +2.3967e-03 +3.1963e-03 +3.9961e-03 
-0000.00167 -3.9936e-03 -3.1957e-03 -2.3975e-03 -1.5990e-03 -8.0031e-04 -1.4410e-06 +7.9750e-04 +1.5964e-03 +2.3953e-03 +3.1940e-03 +3.9924e-03 
-0000.00250 -3.9885e-03 -3.1923e-03 -2.3953e-03 -1.5977e-03 -7.9965e-04 -1.3591e-06 +7.9700e-04 +1.5953e-03 +2.3932e-03 +3.1907e-03 +3.9874e-03 
# Vertical Final Position [m]
START
            -0000.00400 -0000.00320 -0000.00240 -0000.00160 -0000.00080 +0000.00000 +0000.00080 +0000.00160 +0000.00240 +0000.00320 +0000.00400 
+0000.00250 +2.4632e-03 +2.4667e-03 +2.4689e-03 +2.4701e-03 +2.4705e-03 +2.4704e-03 +2.4697e-03 +2.4685e-03 +2.4665e-03 +2.4635e-03 +2.4591e-03 
+0000.00167 +1.6433e-03 +1.6462e-03 +1.6480e-03 +1.6489e-03 +1.6492e-03 +1.6491e-03 +1.6485e-03 +1.6475e-03 +1.6459e-03 +1.6435e-03 +1.6399e-03 
+0000.00083 +8.2414e-04 +8.2567e-04 +8.2650e-04 +8.2688e-04 +8.2696e-04 +8.2680e-04 +8.2642e-04 +8.2580e-04 +8.2488e-04 +8.2350e-04 +8.2138e-04 
+0000.00000 +5.5732e-06 +5.1910e-06 +4.8586e-06 +4.5660e-06 +4.3084e-06 +4.0842e-06 +3.8934e-06 +3.7368e-06 +3.6157e-06 +3.5315e-06 +3.4868e-06 
-0000.00083 -8.1299e-04 -8.1528e-04 -8.1677e-04 -8.1774e-04 -8.1834e-04 -8.1863e-04 -8.1864e-04 -8.1834e-04 -8.1767e-04 -8.1646e-04 -8.1444e-04 
-0000.00167 -1.6322e-03 -1.6358e-03 -1.6382e-03 -1.6397e-03 -1.6406e-03 -1.6409e-03 -1.6408e-03 -1.6401e-03 -1.6388e-03 -1.6366e-03 -1.6330e-03 
-0000.00250 -2.4520e-03 -2.4563e-03 -2.4591e-03 -2.4609e-03 -2.4619e-03 -2.4622e-03 -2.4620e-03 -2.4611e-03 -2.4594e-03 -2.4566e-03 -2.4524e-03 