# Author: FAC idanalysis.IDKickMap
# 
# Total Length of Longitudinal Interval [m]
1.2
# Number of Horizontal Points
11
# Number of Vertical Points
7
# Total Horizontal 2nd Order Kick [T2m2]
START
            -0000.00400 -0000.00320 -0000.00240 -0000.00160 -0000.00080 +0000.00000 +0000.00080 +0000.00160 +0000.00240 +0000.00320 +0000.00400 
+0000.00250 +1.5138e-04 +3.3692e-05 -1.7954e-05 -2.1697e-05 +9.1461e-06 +6.0297e-05 +1.1591e-04 +1.5996e-04 +1.7778e-04 +1.5564e-04 +7.5132e-05 
+0000.00167 -3.1951e-04 -2.6371e-04 -1.9828e-04 -1.2106e-04 -3.1335e-05 +6.8088e-05 +1.7199e-04 +2.7513e-04 +3.7473e-04 +4.7173e-04 +5.6897e-04 
+0000.00083 -6.7026e-04 -4.7611e-04 -3.2479e-04 -1.9068e-04 -6.0134e-05 +7.2813e-05 +2.1030e-04 +3.5455e-04 +5.1178e-04 +6.9634e-04 +9.3137e-04 
+0000.00000 -8.0195e-04 -5.5373e-04 -3.7040e-04 -2.1565e-04 -7.0471e-05 +7.4456e-05 +2.2395e-04 +3.8294e-04 +5.6110e-04 +7.7831e-04 +1.0727e-03 
-0000.00083 -6.7109e-04 -4.7648e-04 -3.2492e-04 -1.9066e-04 -6.0009e-05 +7.3007e-05 +2.1056e-04 +3.5488e-04 +5.1223e-04 +6.9699e-04 +9.3635e-04 
-0000.00167 -3.2090e-04 -2.6434e-04 -1.9845e-04 -1.2095e-04 -3.1052e-05 +6.8494e-05 +1.7250e-04 +2.7578e-04 +3.7556e-04 +4.7287e-04 +5.7063e-04 
-0000.00250 +1.4977e-04 +3.2992e-05 -1.8059e-05 -2.1417e-05 +9.6654e-06 +6.0966e-05 +1.1669e-04 +1.6087e-04 +1.7889e-04 +1.5707e-04 +7.7060e-05 
# Total Vertical 2nd Order Kick [T2m2]
START
            -0000.00400 -0000.00320 -0000.00240 -0000.00160 -0000.00080 +0000.00000 +0000.00080 +0000.00160 +0000.00240 +0000.00320 +0000.00400 
+0000.00250 -3.7527e-03 -3.3651e-03 -3.1209e-03 -2.9778e-03 -2.9068e-03 -2.8909e-03 -2.9243e-03 -3.0127e-03 -3.1736e-03 -3.4369e-03 -3.8465e-03 
+0000.00167 -2.5729e-03 -2.2457e-03 -2.0456e-03 -1.9290e-03 -1.8704e-03 -1.8562e-03 -1.8821e-03 -1.9524e-03 -2.0814e-03 -2.2952e-03 -2.6389e-03 
+0000.00083 -1.3202e-03 -1.1292e-03 -1.0155e-03 -9.5006e-04 -9.1717e-04 -9.0894e-04 -9.2296e-04 -9.6176e-04 -1.0335e-03 -1.1542e-03 -1.3542e-03 
+0000.00000 -3.7017e-06 -2.9158e-06 -2.4406e-06 -2.1413e-06 -1.9521e-06 -1.8412e-06 -1.7967e-06 -1.8212e-06 -1.9319e-06 -2.1666e-06 -2.6042e-06 
-0000.00083 +1.3130e-03 +1.1234e-03 +1.0106e-03 +9.4572e-04 +9.1319e-04 +9.0519e-04 +9.1930e-04 +9.5806e-04 +1.0296e-03 +1.1499e-03 +1.3490e-03 
-0000.00167 +2.5661e-03 +2.2400e-03 +2.0406e-03 +1.9244e-03 +1.8662e-03 +1.8523e-03 +1.8782e-03 +1.9486e-03 +2.0774e-03 +2.2909e-03 +2.6340e-03 
-0000.00250 +3.7462e-03 +3.3594e-03 +3.1156e-03 +2.9729e-03 +2.9022e-03 +2.8865e-03 +2.9200e-03 +3.0085e-03 +3.1694e-03 +3.4326e-03 +3.8418e-03 
# Horizontal Final Position [m]
START
            -0000.00400 -0000.00320 -0000.00240 -0000.00160 -0000.00080 +0000.00000 +0000.00080 +0000.00160 +0000.00240 +0000.00320 +0000.00400 
+0000.00250 -3.9992e-03 -3.2004e-03 -2.4009e-03 -1.6008e-03 -8.0042e-04 +2.3996e-07 +8.0096e-04 +1.6016e-03 +2.4019e-03 +3.2017e-03 +4.0009e-03 
+0000.00167 -4.0043e-03 -3.2035e-03 -2.4027e-03 -1.6018e-03 -8.0070e-04 +4.8973e-07 +8.0173e-04 +1.6030e-03 +2.4042e-03 +3.2054e-03 +4.0066e-03 
+0000.00083 -4.0080e-03 -3.2057e-03 -2.4039e-03 -1.6024e-03 -8.0085e-04 +6.9037e-07 +8.0229e-04 +1.6040e-03 +2.4058e-03 +3.2079e-03 +4.0106e-03 
+0000.00000 -4.0091e-03 -3.2063e-03 -2.4042e-03 -1.6025e-03 -8.0080e-04 +8.4914e-07 +8.0255e-04 +1.6044e-03 +2.4064e-03 +3.2089e-03 +4.0122e-03 
-0000.00083 -4.0073e-03 -3.2052e-03 -2.4035e-03 -1.6020e-03 -8.0052e-04 +9.7254e-07 +8.0251e-04 +1.6041e-03 +2.4059e-03 +3.2080e-03 +4.0106e-03 
-0000.00167 -4.0030e-03 -3.2025e-03 -2.4018e-03 -1.6010e-03 -8.0001e-04 +1.0675e-06 +8.0220e-04 +1.6033e-03 +2.4044e-03 +3.2054e-03 +4.0064e-03 
-0000.00250 -3.9974e-03 -3.1988e-03 -2.3995e-03 -1.5996e-03 -7.9936e-04 +1.1419e-06 +8.0169e-04 +1.6021e-03 +2.4022e-03 +3.2018e-03 +4.0008e-03 
# Vertical Final Position [m]
START
            -0000.00400 -0000.00320 -0000.00240 -0000.00160 -0000.00080 +0000.00000 +0000.00080 +0000.00160 +0000.00240 +0000.00320 +0000.00400 
+0000.00250 +2.4617e-03 +2.4659e-03 +2.4684e-03 +2.4699e-03 +2.4705e-03 +2.4705e-03 +2.4699e-03 +2.4688e-03 +2.4669e-03 +2.4638e-03 +2.4591e-03 
+0000.00167 +1.6418e-03 +1.6453e-03 +1.6473e-03 +1.6484e-03 +1.6489e-03 +1.6489e-03 +1.6485e-03 +1.6476e-03 +1.6460e-03 +1.6436e-03 +1.6396e-03 
+0000.00083 +8.2272e-04 +8.2463e-04 +8.2570e-04 +8.2624e-04 +8.2644e-04 +8.2638e-04 +8.2610e-04 +8.2556e-04 +8.2468e-04 +8.2328e-04 +8.2101e-04 
+0000.00000 +4.4109e-06 +4.1441e-06 +3.9151e-06 +3.7164e-06 +3.5446e-06 +3.3987e-06 +3.2798e-06 +3.1895e-06 +3.1306e-06 +3.1058e-06 +3.1189e-06 
-0000.00083 -8.1388e-04 -8.1632e-04 -8.1784e-04 -8.1879e-04 -8.1933e-04 -8.1957e-04 -8.1954e-04 -8.1919e-04 -8.1843e-04 -8.1708e-04 -8.1480e-04 
-0000.00167 -1.6329e-03 -1.6369e-03 -1.6394e-03 -1.6409e-03 -1.6418e-03 -1.6421e-03 -1.6419e-03 -1.6412e-03 -1.6398e-03 -1.6374e-03 -1.6335e-03 
-0000.00250 -2.4527e-03 -2.4573e-03 -2.4604e-03 -2.4622e-03 -2.4632e-03 -2.4636e-03 -2.4633e-03 -2.4624e-03 -2.4607e-03 -2.4577e-03 -2.4531e-03 