# Author: FAC idanalysis.IDKickMap
# 
# Total Length of Longitudinal Interval [m]
1.2
# Number of Horizontal Points
11
# Number of Vertical Points
7
# Total Horizontal 2nd Order Kick [T2m2]
START
            -0000.00400 -0000.00320 -0000.00240 -0000.00160 -0000.00080 +0000.00000 +0000.00080 +0000.00160 +0000.00240 +0000.00320 +0000.00400 
+0000.00250 +1.0526e-03 +6.8366e-04 +3.3199e-04 -3.5733e-05 -4.4375e-04 -9.0962e-04 -1.4457e-03 -2.0627e-03 -2.7756e-03 -3.6091e-03 -4.6027e-03 
+0000.00167 +6.3653e-04 +3.8842e-04 +1.2583e-04 -1.6925e-04 -5.1162e-04 -9.1477e-04 -1.3915e-03 -1.9559e-03 -2.6261e-03 -3.4298e-03 -4.4107e-03 
+0000.00083 +3.4455e-04 +1.9343e-04 -4.8595e-06 -2.5155e-04 -5.5300e-04 -9.1882e-04 -1.3609e-03 -1.8939e-03 -2.5376e-03 -3.3207e-03 -4.2885e-03 
+0000.00000 +2.3806e-04 +1.2486e-04 -4.9755e-05 -2.7940e-04 -5.6692e-04 -9.2032e-04 -1.3510e-03 -1.8736e-03 -2.5083e-03 -3.2840e-03 -4.2459e-03 
-0000.00083 +3.4517e-04 +1.9391e-04 -4.4963e-06 -2.5129e-04 -5.5284e-04 -9.1877e-04 -1.3610e-03 -1.8941e-03 -2.5379e-03 -3.3212e-03 -4.2892e-03 
-0000.00167 +6.3758e-04 +3.8926e-04 +1.2649e-04 -1.6876e-04 -5.1133e-04 -9.1470e-04 -1.3917e-03 -1.9563e-03 -2.6268e-03 -3.4307e-03 -4.4119e-03 
-0000.00250 +1.0538e-03 +6.8470e-04 +3.3285e-04 -3.5093e-05 -4.4337e-04 -9.0957e-04 -1.4460e-03 -2.0634e-03 -2.7766e-03 -3.6105e-03 -4.6044e-03 
# Total Vertical 2nd Order Kick [T2m2]
START
            -0000.00400 -0000.00320 -0000.00240 -0000.00160 -0000.00080 +0000.00000 +0000.00080 +0000.00160 +0000.00240 +0000.00320 +0000.00400 
+0000.00250 -2.3458e-03 -1.9672e-03 -1.6921e-03 -1.5015e-03 -1.3867e-03 -1.3455e-03 -1.3759e-03 -1.4721e-03 -1.6233e-03 -1.8147e-03 -2.0280e-03 
+0000.00167 -1.6012e-03 -1.3098e-03 -1.1100e-03 -9.7700e-04 -8.9902e-04 -8.7059e-04 -8.8856e-04 -9.4918e-04 -1.0469e-03 -1.1739e-03 -1.3204e-03 
+0000.00083 -8.1928e-04 -6.5723e-04 -5.5071e-04 -4.8179e-04 -4.4201e-04 -4.2738e-04 -4.3570e-04 -4.6511e-04 -5.1322e-04 -5.7702e-04 -6.5303e-04 
+0000.00000 +8.5854e-07 +7.7901e-07 +7.1976e-07 +6.7548e-07 +6.4727e-07 +6.4007e-07 +6.6062e-07 +7.1505e-07 +8.0640e-07 +9.3320e-07 +1.0918e-06 
-0000.00083 +8.2094e-04 +6.5878e-04 +5.5216e-04 +4.8316e-04 +4.4334e-04 +4.2869e-04 +4.3707e-04 +4.6659e-04 +5.1490e-04 +5.7896e-04 +6.5528e-04 
-0000.00167 +1.6028e-03 +1.3114e-03 +1.1114e-03 +9.7843e-04 +9.0042e-04 +8.7201e-04 +8.9006e-04 +9.5084e-04 +1.0487e-03 +1.1761e-03 +1.3229e-03 
-0000.00250 +2.3474e-03 +1.9687e-03 +1.6937e-03 +1.5030e-03 +1.3883e-03 +1.3471e-03 +1.3776e-03 +1.4741e-03 +1.6256e-03 +1.8173e-03 +2.0310e-03 
# Horizontal Final Position [m]
START
            -0000.00400 -0000.00320 -0000.00240 -0000.00160 -0000.00080 +0000.00000 +0000.00080 +0000.00160 +0000.00240 +0000.00320 +0000.00400 
+0000.00250 -3.9888e-03 -3.1930e-03 -2.3970e-03 -1.6012e-03 -8.0580e-04 -1.1068e-05 +7.8288e-04 +1.5759e-03 +2.3679e-03 +3.1585e-03 +3.9474e-03 
+0000.00167 -3.9933e-03 -3.1961e-03 -2.3991e-03 -1.6024e-03 -8.0629e-04 -1.0843e-05 +7.8378e-04 +1.5774e-03 +2.3699e-03 +3.1608e-03 +3.9498e-03 
+0000.00083 -3.9963e-03 -3.1981e-03 -2.4003e-03 -1.6031e-03 -8.0649e-04 -1.0611e-05 +7.8441e-04 +1.5784e-03 +2.3712e-03 +3.1623e-03 +3.9515e-03 
+0000.00000 -3.9973e-03 -3.1986e-03 -2.4006e-03 -1.6031e-03 -8.0638e-04 -1.0351e-05 +7.8480e-04 +1.5789e-03 +2.3718e-03 +3.1631e-03 +3.9522e-03 
-0000.00083 -3.9959e-03 -3.1976e-03 -2.3998e-03 -1.6026e-03 -8.0595e-04 -1.0058e-05 +7.8497e-04 +1.5790e-03 +2.3717e-03 +3.1629e-03 +3.9520e-03 
-0000.00167 -3.9924e-03 -3.1952e-03 -2.3981e-03 -1.6014e-03 -8.0521e-04 -9.7343e-06 +7.8491e-04 +1.5786e-03 +2.3710e-03 +3.1620e-03 +3.9509e-03 
-0000.00250 -3.9875e-03 -3.1916e-03 -2.3955e-03 -1.5996e-03 -8.0417e-04 -9.3944e-06 +7.8459e-04 +1.5776e-03 +2.3696e-03 +3.1602e-03 +3.9490e-03 
# Vertical Final Position [m]
START
            -0000.00400 -0000.00320 -0000.00240 -0000.00160 -0000.00080 +0000.00000 +0000.00080 +0000.00160 +0000.00240 +0000.00320 +0000.00400 
+0000.00250 +2.4721e-03 +2.4761e-03 +2.4789e-03 +2.4808e-03 +2.4817e-03 +2.4819e-03 +2.4812e-03 +2.4798e-03 +2.4778e-03 +2.4754e-03 +2.4727e-03 
+0000.00167 +1.6471e-03 +1.6501e-03 +1.6520e-03 +1.6532e-03 +1.6538e-03 +1.6538e-03 +1.6533e-03 +1.6523e-03 +1.6509e-03 +1.6492e-03 +1.6472e-03 
+0000.00083 +8.2247e-04 +8.2403e-04 +8.2495e-04 +8.2543e-04 +8.2558e-04 +8.2543e-04 +8.2502e-04 +8.2437e-04 +8.2351e-04 +8.2248e-04 +8.2132e-04 
+0000.00000 -1.6562e-06 -1.9165e-06 -2.1943e-06 -2.4865e-06 -2.7903e-06 -3.1024e-06 -3.4191e-06 -3.7374e-06 -4.0542e-06 -4.3668e-06 -4.6716e-06 
-0000.00083 -8.2575e-04 -8.2783e-04 -8.2931e-04 -8.3038e-04 -8.3113e-04 -8.3161e-04 -8.3183e-04 -8.3181e-04 -8.3159e-04 -8.3118e-04 -8.3062e-04 
-0000.00167 -1.6502e-03 -1.6538e-03 -1.6563e-03 -1.6581e-03 -1.6593e-03 -1.6599e-03 -1.6600e-03 -1.6597e-03 -1.6589e-03 -1.6577e-03 -1.6564e-03 
-0000.00250 -2.4751e-03 -2.4796e-03 -2.4830e-03 -2.4855e-03 -2.4870e-03 -2.4878e-03 -2.4878e-03 -2.4870e-03 -2.4856e-03 -2.4838e-03 -2.4816e-03 