# Author: FAC idanalysis.IDKickMap
# Termination_kicks [T2m2]: +0.0000e+00 +0.0000e+00 +0.0000e+00 +0.0000e+00 
# Total Length of Longitudinal Interval [m]
1.2
# Number of Horizontal Points
11
# Number of Vertical Points
7
# Total Horizontal 2nd Order Kick [T2m2]
START
            -0000.00400 -0000.00320 -0000.00240 -0000.00160 -0000.00080 +0000.00000 +0000.00080 +0000.00160 +0000.00240 +0000.00320 +0000.00400 
+0000.00250 +4.5875e-03 +3.3618e-03 +2.3161e-03 +1.4123e-03 +6.2910e-04 -4.3200e-05 -6.0981e-04 -1.0784e-03 -1.4629e-03 -1.7851e-03 -2.0755e-03 
+0000.00167 +4.4805e-03 +3.2352e-03 +2.2015e-03 +1.3308e-03 +5.9530e-04 -2.0300e-05 -5.2562e-04 -9.2865e-04 -1.2382e-03 -1.4643e-03 -1.6188e-03 
+0000.00083 +4.4196e-03 +3.1618e-03 +2.1351e-03 +1.2842e-03 +5.7700e-04 -5.2000e-06 -4.7350e-04 -8.3493e-04 -1.0938e-03 -1.2502e-03 -1.2963e-03 
+0000.00000 +4.3995e-03 +3.1376e-03 +2.1133e-03 +1.2691e-03 +5.7110e-04 +0.0000e+00 -4.5576e-04 -8.0286e-04 -1.0437e-03 -1.1743e-03 -1.1782e-03 
-0000.00083 +4.4194e-03 +3.1615e-03 +2.1349e-03 +1.2841e-03 +5.7690e-04 -5.2000e-06 -4.7344e-04 -8.3482e-04 -1.0937e-03 -1.2500e-03 -1.2960e-03 
-0000.00167 +4.4800e-03 +3.2347e-03 +2.2010e-03 +1.3305e-03 +5.9520e-04 -2.0300e-05 -5.2552e-04 -9.2847e-04 -1.2380e-03 -1.4640e-03 -1.6185e-03 
-0000.00250 +4.5866e-03 +3.3609e-03 +2.3155e-03 +1.4119e-03 +6.2890e-04 -4.3300e-05 -6.0971e-04 -1.0782e-03 -1.4627e-03 -1.7848e-03 -2.0752e-03 
# Total Vertical 2nd Order Kick [T2m2]
START
            -0000.00400 -0000.00320 -0000.00240 -0000.00160 -0000.00080 +0000.00000 +0000.00080 +0000.00160 +0000.00240 +0000.00320 +0000.00400 
+0000.00250 -2.1108e-03 -1.9689e-03 -1.8247e-03 -1.7069e-03 -1.6367e-03 -1.6280e-03 -1.6880e-03 -1.8198e-03 -2.0277e-03 -2.3240e-03 -2.7344e-03 
+0000.00167 -1.3675e-03 -1.2781e-03 -1.1860e-03 -1.1117e-03 -1.0685e-03 -1.0653e-03 -1.1072e-03 -1.1985e-03 -1.3461e-03 -1.5647e-03 -1.8843e-03 
+0000.00083 -6.7287e-04 -6.2934e-04 -5.8449e-04 -5.4850e-04 -5.2795e-04 -5.2710e-04 -5.4880e-04 -5.9587e-04 -6.7313e-04 -7.9059e-04 -9.6917e-04 
+0000.00000 +3.5747e-07 +2.0127e-07 +1.2041e-07 +6.9199e-08 +3.0260e-08 +0.0000e+00 -1.9000e-08 -2.2130e-08 -4.2000e-09 +4.1557e-08 +1.2777e-07 
-0000.00083 +6.7352e-04 +6.2970e-04 +5.8471e-04 +5.4862e-04 +5.2800e-04 +5.2710e-04 +5.4876e-04 +5.9583e-04 +6.7313e-04 +7.9069e-04 +9.6945e-04 
-0000.00167 +1.3679e-03 +1.2782e-03 +1.1861e-03 +1.1117e-03 +1.0685e-03 +1.0652e-03 +1.1071e-03 +1.1984e-03 +1.3460e-03 +1.5648e-03 +1.8845e-03 
-0000.00250 +2.1109e-03 +1.9689e-03 +1.8246e-03 +1.7068e-03 +1.6366e-03 +1.6279e-03 +1.6879e-03 +1.8197e-03 +2.0277e-03 +2.3241e-03 +2.7347e-03 
# Horizontal Final Position [m]
START
            -0000.00400 -0000.00320 -0000.00240 -0000.00160 -0000.00080 +0000.00000 +0000.00080 +0000.00160 +0000.00240 +0000.00320 +0000.00400 
+0000.00250 -3.9360e-03 -3.1500e-03 -2.3619e-03 -1.5722e-03 -7.8108e-04 +1.1284e-05 +8.0486e-04 +1.5996e-03 +2.3952e-03 +3.1916e-03 +3.9883e-03 
+0000.00167 -3.9369e-03 -3.1511e-03 -2.3629e-03 -1.5728e-03 -7.8116e-04 +1.1836e-05 +8.0609e-04 +1.6015e-03 +2.3980e-03 +3.1955e-03 +3.9937e-03 
+0000.00083 -3.9373e-03 -3.1516e-03 -2.3633e-03 -1.5730e-03 -7.8107e-04 +1.2295e-05 +8.0696e-04 +1.6029e-03 +2.3999e-03 +3.1981e-03 +3.9976e-03 
+0000.00000 -3.9371e-03 -3.1515e-03 -2.3632e-03 -1.5729e-03 -7.8084e-04 +1.2641e-05 +8.0744e-04 +1.6035e-03 +2.4007e-03 +3.1992e-03 +3.9992e-03 
-0000.00083 -3.9365e-03 -3.1509e-03 -2.3627e-03 -1.5724e-03 -7.8048e-04 +1.2867e-05 +8.0751e-04 +1.6034e-03 +2.4004e-03 +3.1986e-03 +3.9981e-03 
-0000.00167 -3.9355e-03 -3.1497e-03 -2.3616e-03 -1.5715e-03 -7.7997e-04 +1.2982e-05 +8.0719e-04 +1.6026e-03 +2.3990e-03 +3.1964e-03 +3.9946e-03 
-0000.00250 -3.9339e-03 -3.1480e-03 -2.3600e-03 -1.5703e-03 -7.7928e-04 +1.3011e-05 +8.0650e-04 +1.6011e-03 +2.3967e-03 +3.1930e-03 +3.9896e-03 
# Vertical Final Position [m]
START
            -0000.00400 -0000.00320 -0000.00240 -0000.00160 -0000.00080 +0000.00000 +0000.00080 +0000.00160 +0000.00240 +0000.00320 +0000.00400 
+0000.00250 +2.4784e-03 +2.4797e-03 +2.4811e-03 +2.4821e-03 +2.4826e-03 +2.4825e-03 +2.4815e-03 +2.4798e-03 +2.4772e-03 +2.4736e-03 +2.4688e-03 
+0000.00167 +1.6535e-03 +1.6542e-03 +1.6550e-03 +1.6556e-03 +1.6558e-03 +1.6556e-03 +1.6548e-03 +1.6536e-03 +1.6517e-03 +1.6490e-03 +1.6452e-03 
+0000.00083 +8.2812e-04 +8.2830e-04 +8.2851e-04 +8.2864e-04 +8.2861e-04 +8.2836e-04 +8.2788e-04 +8.2712e-04 +8.2603e-04 +8.2449e-04 +8.2227e-04 
+0000.00000 +2.4733e-06 +2.1476e-06 +1.8461e-06 +1.5629e-06 +1.2954e-06 +1.0430e-06 +8.0587e-07 +5.8405e-07 +3.7722e-07 +1.8426e-07 +3.0254e-09 
-0000.00083 -8.2317e-04 -8.2400e-04 -8.2481e-04 -8.2551e-04 -8.2601e-04 -8.2627e-04 -8.2626e-04 -8.2595e-04 -8.2527e-04 -8.2412e-04 -8.2226e-04 
-0000.00167 -1.6486e-03 -1.6499e-03 -1.6513e-03 -1.6524e-03 -1.6532e-03 -1.6535e-03 -1.6532e-03 -1.6524e-03 -1.6509e-03 -1.6486e-03 -1.6451e-03 
-0000.00250 -2.4734e-03 -2.4753e-03 -2.4773e-03 -2.4789e-03 -2.4800e-03 -2.4804e-03 -2.4799e-03 -2.4787e-03 -2.4765e-03 -2.4733e-03 -2.4688e-03 