# Author: FAC idanalysis.IDKickMap
# 
# Total Length of Longitudinal Interval [m]
1.2
# Number of Horizontal Points
11
# Number of Vertical Points
7
# Total Horizontal 2nd Order Kick [T2m2]
START
            -0000.00400 -0000.00320 -0000.00240 -0000.00160 -0000.00080 +0000.00000 +0000.00080 +0000.00160 +0000.00240 +0000.00320 +0000.00400 
+0000.00250 +2.7668e-03 +2.0560e-03 +1.4474e-03 +9.0384e-04 +3.9941e-04 -8.4625e-05 -5.6297e-04 -1.0506e-03 -1.5671e-03 -2.1395e-03 -2.8058e-03 
+0000.00167 +2.4898e-03 +1.8413e-03 +1.2894e-03 +8.0148e-04 +3.5422e-04 -7.0947e-05 -4.9056e-04 -9.2128e-04 -1.3820e-03 -1.8964e-03 -2.4972e-03 
+0000.00083 +2.3007e-03 +1.7040e-03 +1.1925e-03 +7.4050e-04 +3.2790e-04 -6.2745e-05 -4.4785e-04 -8.4388e-04 -1.2683e-03 -1.7411e-03 -2.2873e-03 
+0000.00000 +2.2319e-03 +1.6562e-03 +1.1595e-03 +7.2007e-04 +3.1917e-04 -6.0013e-05 -4.3366e-04 -8.1796e-04 -1.2297e-03 -1.6872e-03 -2.2114e-03 
-0000.00083 +2.2996e-03 +1.7033e-03 +1.1920e-03 +7.4018e-04 +3.2774e-04 -6.2768e-05 -4.4776e-04 -8.4369e-04 -1.2681e-03 -1.7408e-03 -2.2869e-03 
-0000.00167 +2.4877e-03 +1.8398e-03 +1.2884e-03 +8.0080e-04 +3.5387e-04 -7.1022e-05 -4.9041e-04 -9.2096e-04 -1.3816e-03 -1.8959e-03 -2.4966e-03 
-0000.00250 +2.7639e-03 +2.0538e-03 +1.4457e-03 +9.0274e-04 +3.9880e-04 -8.4811e-05 -5.6281e-04 -1.0502e-03 -1.5665e-03 -2.1388e-03 -2.8052e-03 
# Total Vertical 2nd Order Kick [T2m2]
START
            -0000.00400 -0000.00320 -0000.00240 -0000.00160 -0000.00080 +0000.00000 +0000.00080 +0000.00160 +0000.00240 +0000.00320 +0000.00400 
+0000.00250 -1.8781e-03 -1.6086e-03 -1.3985e-03 -1.2486e-03 -1.1621e-03 -1.1433e-03 -1.1937e-03 -1.3114e-03 -1.4922e-03 -1.7333e-03 -2.0357e-03 
+0000.00167 -1.2443e-03 -1.0457e-03 -8.9946e-04 -7.9922e-04 -7.4320e-04 -7.3148e-04 -7.6428e-04 -8.4132e-04 -9.6269e-04 -1.1309e-03 -1.3536e-03 
+0000.00083 -6.2554e-04 -5.1732e-04 -4.4123e-04 -3.9055e-04 -3.6277e-04 -3.5709e-04 -3.7337e-04 -4.1177e-04 -4.7323e-04 -5.6068e-04 -6.8165e-04 
+0000.00000 -1.8999e-06 -1.5133e-06 -1.2732e-06 -1.1367e-06 -1.0812e-06 -1.0909e-06 -1.1526e-06 -1.2555e-06 -1.3920e-06 -1.5607e-06 -1.7703e-06 
-0000.00083 +6.2168e-04 +5.1419e-04 +4.3858e-04 +3.8819e-04 +3.6054e-04 +3.5485e-04 +3.7101e-04 +4.0921e-04 +4.7041e-04 +5.5755e-04 +6.7815e-04 
-0000.00167 +1.2402e-03 +1.0423e-03 +8.9651e-04 +7.9661e-04 +7.4076e-04 +7.2907e-04 +7.6177e-04 +8.3864e-04 +9.5977e-04 +1.1277e-03 +1.3501e-03 
-0000.00250 +1.8734e-03 +1.6046e-03 +1.3950e-03 +1.2455e-03 +1.1593e-03 +1.1406e-03 +1.1910e-03 +1.3085e-03 +1.4891e-03 +1.7300e-03 +2.0321e-03 
# Horizontal Final Position [m]
START
            -0000.00400 -0000.00320 -0000.00240 -0000.00160 -0000.00080 +0000.00000 +0000.00080 +0000.00160 +0000.00240 +0000.00320 +0000.00400 
+0000.00250 -3.9707e-03 -3.1786e-03 -2.3854e-03 -1.5915e-03 -7.9710e-04 -2.4792e-06 +7.9222e-04 +1.5868e-03 +2.3811e-03 +3.1748e-03 +3.9674e-03 
+0000.00167 -3.9732e-03 -3.1804e-03 -2.3866e-03 -1.5921e-03 -7.9707e-04 -1.8120e-06 +7.9351e-04 +1.5887e-03 +2.3836e-03 +3.1778e-03 +3.9711e-03 
+0000.00083 -3.9746e-03 -3.1813e-03 -2.3871e-03 -1.5922e-03 -7.9682e-04 -1.2146e-06 +7.9446e-04 +1.5900e-03 +2.3852e-03 +3.1799e-03 +3.9738e-03 
+0000.00000 -3.9747e-03 -3.1812e-03 -2.3868e-03 -1.5918e-03 -7.9638e-04 -6.8249e-07 +7.9508e-04 +1.5907e-03 +2.3860e-03 +3.1809e-03 +3.9749e-03 
-0000.00083 -3.9732e-03 -3.1800e-03 -2.3859e-03 -1.5910e-03 -7.9574e-04 -2.1277e-07 +7.9538e-04 +1.5908e-03 +2.3860e-03 +3.1806e-03 +3.9743e-03 
-0000.00167 -3.9703e-03 -3.1778e-03 -2.3841e-03 -1.5898e-03 -7.9490e-04 +1.9762e-07 +7.9535e-04 +1.5904e-03 +2.3851e-03 +3.1791e-03 +3.9722e-03 
-0000.00250 -3.9665e-03 -3.1747e-03 -2.3817e-03 -1.5880e-03 -7.9384e-04 +5.5257e-07 +7.9500e-04 +1.5893e-03 +2.3833e-03 +3.1767e-03 +3.9689e-03 
# Vertical Final Position [m]
START
            -0000.00400 -0000.00320 -0000.00240 -0000.00160 -0000.00080 +0000.00000 +0000.00080 +0000.00160 +0000.00240 +0000.00320 +0000.00400 
+0000.00250 +2.4863e-03 +2.4888e-03 +2.4906e-03 +2.4918e-03 +2.4923e-03 +2.4920e-03 +2.4910e-03 +2.4893e-03 +2.4869e-03 +2.4839e-03 +2.4802e-03 
+0000.00167 +1.6602e-03 +1.6619e-03 +1.6630e-03 +1.6636e-03 +1.6637e-03 +1.6634e-03 +1.6626e-03 +1.6614e-03 +1.6597e-03 +1.6575e-03 +1.6547e-03 
+0000.00083 +8.3394e-04 +8.3454e-04 +8.3484e-04 +8.3489e-04 +8.3472e-04 +8.3434e-04 +8.3375e-04 +8.3295e-04 +8.3193e-04 +8.3066e-04 +8.2905e-04 
+0000.00000 +7.7044e-06 +7.0703e-06 +6.4996e-06 +5.9779e-06 +5.4978e-06 +5.0567e-06 +4.6544e-06 +4.2916e-06 +3.9696e-06 +3.6893e-06 +3.4506e-06 
-0000.00083 -8.1857e-04 -8.2042e-04 -8.2185e-04 -8.2294e-04 -8.2374e-04 -8.2425e-04 -8.2447e-04 -8.2440e-04 -8.2402e-04 -8.2331e-04 -8.2218e-04 
-0000.00167 -1.6449e-03 -1.6478e-03 -1.6500e-03 -1.6517e-03 -1.6528e-03 -1.6534e-03 -1.6534e-03 -1.6529e-03 -1.6518e-03 -1.6502e-03 -1.6479e-03 
-0000.00250 -2.4711e-03 -2.4748e-03 -2.4777e-03 -2.4799e-03 -2.4814e-03 -2.4821e-03 -2.4819e-03 -2.4810e-03 -2.4792e-03 -2.4768e-03 -2.4736e-03 