# Author: FAC idanalysis.IDKickMap
#
# Total Length of Longitudinal Interval [m]
1.2
# Number of Horizontal Points
11
# Number of Vertical Points
7
# Total Horizontal 2nd Order Kick [T2m2]
START
            -0000.00400 -0000.00320 -0000.00240 -0000.00160 -0000.00080 +0000.00000 +0000.00080 +0000.00160 +0000.00240 +0000.00320 +0000.00400
+0000.00250 +3.7006e-03 +2.9141e-03 +2.1891e-03 +1.4898e-03 +7.9623e-04 +1.0142e-04 -5.9314e-04 -1.2860e-03 -1.9840e-03 -2.7073e-03 -3.4913e-03
+0000.00167 +3.4421e-03 +2.6855e-03 +2.0004e-03 +1.3535e-03 +7.2451e-04 +1.0228e-04 -5.1968e-04 -1.1478e-03 -1.7933e-03 -2.4764e-03 -3.2303e-03
+0000.00083 +3.2829e-03 +2.5515e-03 +1.8933e-03 +1.2778e-03 +6.8535e-04 +1.0282e-04 -4.7942e-04 -1.0710e-03 -1.6850e-03 -2.3409e-03 -3.0694e-03
+0000.00000 +3.2282e-03 +2.5071e-03 +1.8585e-03 +1.2535e-03 +6.7288e-04 +1.0302e-04 -4.6653e-04 -1.0463e-03 -1.6497e-03 -2.2960e-03 -3.0141e-03
-0000.00083 +3.2830e-03 +2.5516e-03 +1.8934e-03 +1.2779e-03 +6.8542e-04 +1.0289e-04 -4.7934e-04 -1.0709e-03 -1.6849e-03 -2.3408e-03 -3.0693e-03
-0000.00167 +3.4423e-03 +2.6857e-03 +2.0005e-03 +1.3536e-03 +7.2466e-04 +1.0244e-04 -5.1950e-04 -1.1476e-03 -1.7931e-03 -2.4761e-03 -3.2300e-03
-0000.00250 +3.7009e-03 +2.9144e-03 +2.1893e-03 +1.4901e-03 +7.9648e-04 +1.0169e-04 -5.9285e-04 -1.2857e-03 -1.9836e-03 -2.7069e-03 -3.4910e-03
# Total Vertical 2nd Order Kick [T2m2]
START
            -0000.00400 -0000.00320 -0000.00240 -0000.00160 -0000.00080 +0000.00000 +0000.00080 +0000.00160 +0000.00240 +0000.00320 +0000.00400
+0000.00250 -9.4221e-04 -6.5820e-04 -4.0975e-04 -2.1275e-04 -8.4821e-05 -4.0808e-05 -8.6611e-05 -2.1639e-04 -4.1539e-04 -6.6608e-04 -9.5269e-04
+0000.00167 -6.1569e-04 -4.2875e-04 -2.7193e-04 -1.5152e-04 -7.5176e-05 -4.9288e-05 -7.6378e-05 -1.5398e-04 -2.7576e-04 -4.3411e-04 -6.2283e-04
+0000.00083 -3.0711e-04 -2.1261e-04 -1.3613e-04 -7.8668e-05 -4.2750e-05 -3.0664e-05 -4.3328e-05 -7.9855e-05 -1.3798e-04 -2.1523e-04 -3.1061e-04
+0000.00000 -1.3679e-07 -1.2127e-07 -1.0054e-07 -7.4426e-08 -4.3729e-08 -1.0380e-08 +2.2912e-08 +5.3433e-08 +7.9452e-08 +1.0123e-07 +1.2175e-07
-0000.00083 +3.0685e-04 +2.1238e-04 +1.3593e-04 +7.8524e-05 +4.2665e-05 +3.0645e-05 +4.3374e-05 +7.9959e-05 +1.3814e-04 +2.1542e-04 +3.1084e-04
-0000.00167 +6.1548e-04 +4.2855e-04 +2.7176e-04 +1.5139e-04 +7.5100e-05 +4.9274e-05 +7.6424e-05 +1.5408e-04 +2.7589e-04 +4.3426e-04 +6.2300e-04
-0000.00250 +9.4209e-04 +6.5806e-04 +4.0962e-04 +2.1264e-04 +8.4765e-05 +4.0803e-05 +8.6654e-05 +2.1647e-04 +4.1548e-04 +6.6616e-04 +9.5275e-04
# Horizontal Final Position [m]
START
            -0000.00400 -0000.00320 -0000.00240 -0000.00160 -0000.00080 +0000.00000 +0000.00080 +0000.00160 +0000.00240 +0000.00320 +0000.00400
+0000.00250 -3.9577e-03 -3.1667e-03 -2.3749e-03 -1.5828e-03 -7.9066e-04 +1.4658e-06 +7.9360e-04 +1.5858e-03 +2.3779e-03 +3.1697e-03 +3.9608e-03
+0000.00167 -3.9608e-03 -3.1693e-03 -2.3771e-03 -1.5844e-03 -7.9158e-04 +1.3720e-06 +7.9433e-04 +1.5872e-03 +2.3799e-03 +3.1722e-03 +3.9636e-03
+0000.00083 -3.9627e-03 -3.1710e-03 -2.3784e-03 -1.5854e-03 -7.9212e-04 +1.2729e-06 +7.9467e-04 +1.5880e-03 +2.3810e-03 +3.1736e-03 +3.9653e-03
+0000.00000 -3.9634e-03 -3.1715e-03 -2.3789e-03 -1.5858e-03 -7.9236e-04 +1.1691e-06 +7.9471e-04 +1.5881e-03 +2.3813e-03 +3.1739e-03 +3.9658e-03
-0000.00083 -3.9628e-03 -3.1711e-03 -2.3786e-03 -1.5856e-03 -7.9232e-04 +1.0615e-06 +7.9445e-04 +1.5877e-03 +2.3808e-03 +3.1733e-03 +3.9650e-03
-0000.00167 -3.9611e-03 -3.1697e-03 -2.3775e-03 -1.5848e-03 -7.9198e-04 +9.5123e-07 +7.9388e-04 +1.5867e-03 +2.3794e-03 +3.1716e-03 +3.9630e-03
-0000.00250 -3.9583e-03 -3.1672e-03 -2.3754e-03 -1.5834e-03 -7.9126e-04 +8.3924e-07 +7.9294e-04 +1.5851e-03 +2.3771e-03 +3.1689e-03 +3.9599e-03
# Vertical Final Position [m]
START
            -0000.00400 -0000.00320 -0000.00240 -0000.00160 -0000.00080 +0000.00000 +0000.00080 +0000.00160 +0000.00240 +0000.00320 +0000.00400
+0000.00250 +2.4891e-03 +2.4924e-03 +2.4953e-03 +2.4976e-03 +2.4992e-03 +2.4998e-03 +2.4993e-03 +2.4980e-03 +2.4958e-03 +2.4931e-03 +2.4900e-03
+0000.00167 +1.6595e-03 +1.6617e-03 +1.6635e-03 +1.6650e-03 +1.6659e-03 +1.6663e-03 +1.6661e-03 +1.6654e-03 +1.6641e-03 +1.6624e-03 +1.6604e-03
+0000.00083 +8.2963e-04 +8.3078e-04 +8.3173e-04 +8.3247e-04 +8.3297e-04 +8.3320e-04 +8.3316e-04 +8.3286e-04 +8.3233e-04 +8.3158e-04 +8.3064e-04
+0000.00000 -2.2660e-07 -1.4380e-07 -6.0990e-08 +2.5098e-08 +1.1662e-07 +2.1505e-07 +3.2142e-07 +4.3650e-07 +5.6101e-07 +6.9584e-07 +8.4212e-07
-0000.00083 -8.3007e-04 -8.3106e-04 -8.3185e-04 -8.3241e-04 -8.3273e-04 -8.3277e-04 -8.3252e-04 -8.3199e-04 -8.3121e-04 -8.3020e-04 -8.2897e-04
-0000.00167 -1.6599e-03 -1.6619e-03 -1.6636e-03 -1.6649e-03 -1.6657e-03 -1.6659e-03 -1.6655e-03 -1.6645e-03 -1.6630e-03 -1.6611e-03 -1.6588e-03
-0000.00250 -2.4895e-03 -2.4926e-03 -2.4954e-03 -2.4975e-03 -2.4989e-03 -2.4993e-03 -2.4987e-03 -2.4971e-03 -2.4947e-03 -2.4918e-03 -2.4884e-03
