# Author: FAC idanalysis.IDKickMap
# 
# Total Length of Longitudinal Interval [m]
1.2
# Number of Horizontal Points
11
# Number of Vertical Points
7
# Total Horizontal 2nd Order Kick [T2m2]
START
            -0000.00400 -0000.00320 -0000.00240 -0000.00160 -0000.00080 +0000.00000 +0000.00080 +0000.00160 +0000.00240 +0000.00320 +0000.00400 
+0000.00250 +5.1873e-03 +3.9715e-03 +2.8638e-03 +1.8185e-03 +8.0602e-04 -1.9192e-04 -1.1878e-03 -2.1943e-03 -3.2301e-03 -4.3253e-03 -5.5264e-03 
+0000.00167 +5.0128e-03 +3.8158e-03 +2.7391e-03 +1.7325e-03 +7.6423e-04 -1.8674e-04 -1.1358e-03 -2.0984e-03 -3.0957e-03 -4.1600e-03 -5.3416e-03 
+0000.00083 +4.8894e-03 +3.7101e-03 +2.6560e-03 +1.6759e-03 +7.3673e-04 -1.8367e-04 -1.1022e-03 -2.0358e-03 -3.0067e-03 -4.0481e-03 -5.2113e-03 
+0000.00000 +4.8443e-03 +3.6725e-03 +2.6268e-03 +1.6561e-03 +7.2714e-04 -1.8265e-04 -1.0906e-03 -2.0140e-03 -2.9754e-03 -4.0083e-03 -5.1637e-03 
-0000.00083 +4.8892e-03 +3.7099e-03 +2.6559e-03 +1.6758e-03 +7.3669e-04 -1.8365e-04 -1.1021e-03 -2.0356e-03 -3.0065e-03 -4.0479e-03 -5.2111e-03 
-0000.00167 +5.0125e-03 +3.8155e-03 +2.7388e-03 +1.7324e-03 +7.6418e-04 -1.8668e-04 -1.1356e-03 -2.0982e-03 -3.0954e-03 -4.1597e-03 -5.3413e-03 
-0000.00250 +5.1870e-03 +3.9711e-03 +2.8635e-03 +1.8183e-03 +8.0600e-04 -1.9179e-04 -1.1876e-03 -2.1940e-03 -3.2297e-03 -4.3249e-03 -5.5261e-03 
# Total Vertical 2nd Order Kick [T2m2]
START
            -0000.00400 -0000.00320 -0000.00240 -0000.00160 -0000.00080 +0000.00000 +0000.00080 +0000.00160 +0000.00240 +0000.00320 +0000.00400 
+0000.00250 -3.8740e-03 -3.6982e-03 -3.5471e-03 -3.4328e-03 -3.3632e-03 -3.3434e-03 -3.3751e-03 -3.4563e-03 -3.5818e-03 -3.7437e-03 -3.9304e-03 
+0000.00167 -2.5899e-03 -2.4506e-03 -2.3344e-03 -2.2479e-03 -2.1956e-03 -2.1804e-03 -2.2034e-03 -2.2634e-03 -2.3575e-03 -2.4813e-03 -2.6287e-03 
+0000.00083 -1.3021e-03 -1.2242e-03 -1.1609e-03 -1.1143e-03 -1.0863e-03 -1.0782e-03 -1.0902e-03 -1.1220e-03 -1.1724e-03 -1.2396e-03 -1.3218e-03 
+0000.00000 -2.6827e-06 -2.5532e-06 -2.4310e-06 -2.3355e-06 -2.2745e-06 -2.2495e-06 -2.2585e-06 -2.2985e-06 -2.3658e-06 -2.4576e-06 -2.5720e-06 
-0000.00083 +1.2967e-03 +1.2191e-03 +1.1560e-03 +1.1096e-03 +1.0817e-03 +1.0736e-03 +1.0856e-03 +1.1174e-03 +1.1676e-03 +1.2347e-03 +1.3167e-03 
-0000.00167 +2.5846e-03 +2.4455e-03 +2.3294e-03 +2.2430e-03 +2.1908e-03 +2.1757e-03 +2.1986e-03 +2.2585e-03 +2.3525e-03 +2.4762e-03 +2.6234e-03 
-0000.00250 +3.8686e-03 +3.6929e-03 +3.5419e-03 +3.4276e-03 +3.3581e-03 +3.3383e-03 +3.3699e-03 +3.4511e-03 +3.5765e-03 +3.7383e-03 +3.9248e-03 
# Horizontal Final Position [m]
START
            -0000.00400 -0000.00320 -0000.00240 -0000.00160 -0000.00080 +0000.00000 +0000.00080 +0000.00160 +0000.00240 +0000.00320 +0000.00400 
+0000.00250 -3.9410e-03 -3.1549e-03 -2.3676e-03 -1.5796e-03 -7.9117e-04 -2.6028e-06 +7.8599e-04 +1.5745e-03 +2.3626e-03 +3.1500e-03 +3.9363e-03 
+0000.00167 -3.9428e-03 -3.1565e-03 -2.3688e-03 -1.5804e-03 -7.9149e-04 -2.4023e-06 +7.8671e-04 +1.5757e-03 +2.3642e-03 +3.1520e-03 +3.9384e-03 
+0000.00083 -3.9439e-03 -3.1575e-03 -2.3696e-03 -1.5809e-03 -7.9166e-04 -2.2380e-06 +7.8721e-04 +1.5765e-03 +2.3653e-03 +3.1533e-03 +3.9400e-03 
+0000.00000 -3.9442e-03 -3.1577e-03 -2.3698e-03 -1.5809e-03 -7.9163e-04 -2.1032e-06 +7.8744e-04 +1.5768e-03 +2.3657e-03 +3.1538e-03 +3.9405e-03 
-0000.00083 -3.9434e-03 -3.1571e-03 -2.3692e-03 -1.5805e-03 -7.9137e-04 -1.9918e-06 +7.8741e-04 +1.5766e-03 +2.3654e-03 +3.1534e-03 +3.9400e-03 
-0000.00167 -3.9418e-03 -3.1556e-03 -2.3681e-03 -1.5797e-03 -7.9091e-04 -1.8983e-06 +7.8713e-04 +1.5760e-03 +2.3645e-03 +3.1522e-03 +3.9385e-03 
-0000.00250 -3.9395e-03 -3.1536e-03 -2.3664e-03 -1.5785e-03 -7.9026e-04 -1.8168e-06 +7.8665e-04 +1.5750e-03 +2.3630e-03 +3.1503e-03 +3.9364e-03 
# Vertical Final Position [m]
START
            -0000.00400 -0000.00320 -0000.00240 -0000.00160 -0000.00080 +0000.00000 +0000.00080 +0000.00160 +0000.00240 +0000.00320 +0000.00400 
+0000.00250 +2.4598e-03 +2.4616e-03 +2.4631e-03 +2.4642e-03 +2.4649e-03 +2.4649e-03 +2.4644e-03 +2.4634e-03 +2.4619e-03 +2.4599e-03 +2.4577e-03 
+0000.00167 +1.6412e-03 +1.6426e-03 +1.6437e-03 +1.6445e-03 +1.6450e-03 +1.6450e-03 +1.6446e-03 +1.6438e-03 +1.6427e-03 +1.6412e-03 +1.6395e-03 
+0000.00083 +8.2272e-04 +8.2338e-04 +8.2390e-04 +8.2426e-04 +8.2443e-04 +8.2439e-04 +8.2414e-04 +8.2369e-04 +8.2305e-04 +8.2223e-04 +8.2127e-04 
+0000.00000 +4.3488e-06 +4.1090e-06 +3.9049e-06 +3.7291e-06 +3.5779e-06 +3.4496e-06 +3.3438e-06 +3.2604e-06 +3.2000e-06 +3.1635e-06 +3.1524e-06 
-0000.00083 -8.1402e-04 -8.1515e-04 -8.1609e-04 -8.1680e-04 -8.1728e-04 -8.1750e-04 -8.1747e-04 -8.1719e-04 -8.1667e-04 -8.1594e-04 -8.1500e-04 
-0000.00167 -1.6325e-03 -1.6344e-03 -1.6359e-03 -1.6371e-03 -1.6378e-03 -1.6382e-03 -1.6380e-03 -1.6374e-03 -1.6364e-03 -1.6350e-03 -1.6333e-03 
-0000.00250 -2.4510e-03 -2.4533e-03 -2.4553e-03 -2.4568e-03 -2.4577e-03 -2.4581e-03 -2.4579e-03 -2.4571e-03 -2.4557e-03 -2.4539e-03 -2.4518e-03 