# Author: FAC idanalysis.IDKickMap
# 
# Total Length of Longitudinal Interval [m]
2
# Number of Horizontal Points
9
# Number of Vertical Points
3
# Total Horizontal 2nd Order Kick [T2m2]
START
            -0000.00400 -0000.00300 -0000.00200 -0000.00100 +0000.00000 +0000.00100 +0000.00200 +0000.00300 +0000.00400 
+0000.00150 -3.9454e-08 -2.7084e-08 -1.8547e-08 -1.1871e-08 -5.6417e-09 +6.9379e-10 +7.6845e-09 +1.6724e-08 +2.9747e-08 
+0000.00000 -4.1419e-08 -2.8466e-08 -1.9191e-08 -1.1944e-08 -5.5035e-09 +1.0360e-09 +8.5743e-09 +1.8314e-08 +3.1870e-08 
-0000.00150 -3.9549e-08 -2.7136e-08 -1.8562e-08 -1.1855e-08 -5.6004e-09 +7.5895e-10 +7.7761e-09 +1.6847e-08 +2.9907e-08 
# Total Vertical 2nd Order Kick [T2m2]
START
            -0000.00400 -0000.00300 -0000.00200 -0000.00100 +0000.00000 +0000.00100 +0000.00200 +0000.00300 +0000.00400 
+0000.00150 -3.3224e-06 -3.3198e-06 -3.3183e-06 -3.3179e-06 -3.3180e-06 -3.3182e-06 -3.3189e-06 -3.3207e-06 -3.3235e-06 
+0000.00000 +1.1680e-09 +1.1929e-09 +1.2046e-09 +1.2050e-09 +1.1958e-09 +1.1780e-09 +1.1515e-09 +1.1153e-09 +1.0677e-09 
-0000.00150 +3.3248e-06 +3.3223e-06 +3.3207e-06 +3.3203e-06 +3.3204e-06 +3.3206e-06 +3.3213e-06 +3.3230e-06 +3.3257e-06 
# Horizontal Final Position [m]
START
            -0000.00400 -0000.00300 -0000.00200 -0000.00100 +0000.00000 +0000.00100 +0000.00200 +0000.00300 +0000.00400 
+0000.00150 -4.0006e-03 -3.0006e-03 -2.0006e-03 -1.0006e-03 -5.6417e-07 +9.9944e-04 +1.9994e-03 +2.9994e-03 +3.9994e-03 
+0000.00000 -4.0005e-03 -3.0006e-03 -2.0006e-03 -1.0006e-03 -5.6242e-07 +9.9944e-04 +1.9994e-03 +2.9994e-03 +3.9995e-03 
-0000.00150 -4.0006e-03 -3.0006e-03 -2.0006e-03 -1.0006e-03 -5.6417e-07 +9.9944e-04 +1.9994e-03 +2.9994e-03 +3.9994e-03 
# Vertical Final Position [m]
START
            -0000.00400 -0000.00300 -0000.00200 -0000.00100 +0000.00000 +0000.00100 +0000.00200 +0000.00300 +0000.00400 
+0000.00150 +1.5000e-03 +1.5000e-03 +1.5000e-03 +1.5000e-03 +1.5000e-03 +1.5000e-03 +1.5000e-03 +1.5000e-03 +1.5000e-03 
+0000.00000 +5.5100e-12 +5.6447e-12 +5.7301e-12 +5.7689e-12 +5.7639e-12 +5.7172e-12 +5.6296e-12 +5.5007e-12 +5.3287e-12 
-0000.00150 -1.5000e-03 -1.5000e-03 -1.5000e-03 -1.5000e-03 -1.5000e-03 -1.5000e-03 -1.5000e-03 -1.5000e-03 -1.5000e-03 