# Author: FAC idanalysis.IDKickMap
# 
# Total Length of Longitudinal Interval [m]
2
# Number of Horizontal Points
9
# Number of Vertical Points
3
# Total Horizontal 2nd Order Kick [T2m2]
START
            -0000.00400 -0000.00300 -0000.00200 -0000.00100 +0000.00000 +0000.00100 +0000.00200 +0000.00300 +0000.00400 
+0000.00150 -2.5439e-08 -1.0312e-09 -1.7555e-08 -2.9358e-08 -3.1879e-09 +2.3169e-08 +1.1852e-08 -3.9718e-09 +2.1334e-08 
+0000.00000 -3.8615e-08 -2.0966e-08 -1.5916e-08 -1.2409e-08 -2.9449e-09 +6.6581e-09 +1.0565e-08 +1.6235e-08 +3.4654e-08 
-0000.00150 -2.5754e-08 -1.3073e-09 -1.7745e-08 -2.9400e-08 -3.0437e-09 +2.3481e-08 +1.2263e-08 -3.5519e-09 +2.1700e-08 
# Total Vertical 2nd Order Kick [T2m2]
START
            -0000.00400 -0000.00300 -0000.00200 -0000.00100 +0000.00000 +0000.00100 +0000.00200 +0000.00300 +0000.00400 
+0000.00150 -1.7969e-05 -1.7934e-05 -1.7914e-05 -1.7938e-05 -1.7960e-05 -1.7939e-05 -1.7915e-05 -1.7935e-05 -1.7970e-05 
+0000.00000 +1.5016e-09 +1.5975e-09 +1.6703e-09 +1.7045e-09 +1.6867e-09 +1.6146e-09 +1.5012e-09 +1.3696e-09 +1.2415e-09 
-0000.00150 +1.7972e-05 +1.7937e-05 +1.7918e-05 +1.7942e-05 +1.7963e-05 +1.7942e-05 +1.7918e-05 +1.7938e-05 +1.7973e-05 
# Horizontal Final Position [m]
START
            -0000.00400 -0000.00300 -0000.00200 -0000.00100 +0000.00000 +0000.00100 +0000.00200 +0000.00300 +0000.00400 
+0000.00150 -4.0007e-03 -3.0007e-03 -2.0007e-03 -1.0007e-03 -7.2745e-07 +9.9927e-04 +1.9993e-03 +2.9993e-03 +3.9993e-03 
+0000.00000 -4.0007e-03 -3.0007e-03 -2.0007e-03 -1.0007e-03 -7.2704e-07 +9.9927e-04 +1.9993e-03 +2.9993e-03 +3.9993e-03 
-0000.00150 -4.0007e-03 -3.0007e-03 -2.0007e-03 -1.0007e-03 -7.2745e-07 +9.9927e-04 +1.9993e-03 +2.9993e-03 +3.9993e-03 
# Vertical Final Position [m]
START
            -0000.00400 -0000.00300 -0000.00200 -0000.00100 +0000.00000 +0000.00100 +0000.00200 +0000.00300 +0000.00400 
+0000.00150 +1.5000e-03 +1.5000e-03 +1.5000e-03 +1.5000e-03 +1.5000e-03 +1.5000e-03 +1.5000e-03 +1.5000e-03 +1.5000e-03 
+0000.00000 +7.0292e-12 +7.3303e-12 +7.5532e-12 +7.6646e-12 +7.6301e-12 +7.4431e-12 +7.1379e-12 +6.7743e-12 +6.4045e-12 
-0000.00150 -1.5000e-03 -1.5000e-03 -1.5000e-03 -1.5000e-03 -1.5000e-03 -1.5000e-03 -1.5000e-03 -1.5000e-03 -1.5000e-03 