# Author: FAC idanalysis.IDKickMap
# 
# Total Length of Longitudinal Interval [m]
1.2
# Number of Horizontal Points
11
# Number of Vertical Points
3
# Total Horizontal 2nd Order Kick [T2m2]
START
            -0000.00497 -0000.00398 -0000.00298 -0000.00199 -0000.00099 +0000.00000 +0000.00099 +0000.00199 +0000.00298 +0000.00398 +0000.00497 
+0000.00250 +6.3212e-03 +4.8450e-03 +3.4481e-03 +2.1753e-03 +1.0371e-03 +8.1030e-05 -7.1381e-04 -1.3608e-03 -1.9025e-03 -2.4053e-03 -3.0520e-03 
+0000.00000 +6.3212e-03 +4.8450e-03 +3.4481e-03 +2.1753e-03 +1.0371e-03 +8.1030e-05 -7.1381e-04 -1.3608e-03 -1.9025e-03 -2.4053e-03 -3.0520e-03 
-0000.00250 +6.3212e-03 +4.8450e-03 +3.4481e-03 +2.1753e-03 +1.0371e-03 +8.1030e-05 -7.1381e-04 -1.3608e-03 -1.9025e-03 -2.4053e-03 -3.0520e-03 
# Total Vertical 2nd Order Kick [T2m2]
START
            -0000.00497 -0000.00398 -0000.00298 -0000.00199 -0000.00099 +0000.00000 +0000.00099 +0000.00199 +0000.00298 +0000.00398 +0000.00497 
+0000.00250 -3.4643e-03 +1.0522e-03 -6.9213e-04 -1.4448e-04 -3.7013e-04 -5.6916e-04 -7.0713e-04 -7.1293e-04 -5.6386e-04 -1.2578e-04 +4.2665e-04 
+0000.00000 -3.4643e-03 +1.0522e-03 -6.9213e-04 -1.4448e-04 -3.7013e-04 -5.6916e-04 -7.0713e-04 -7.1293e-04 -5.6386e-04 -1.2578e-04 +4.2665e-04 
-0000.00250 -3.4643e-03 +1.0522e-03 -6.9213e-04 -1.4448e-04 -3.7013e-04 -5.6916e-04 -7.0713e-04 -7.1293e-04 -5.6386e-04 -1.2578e-04 +4.2665e-04 
# Horizontal Final Position [m]
START
            -0000.00497 -0000.00398 -0000.00298 -0000.00199 -0000.00099 +0000.00000 +0000.00099 +0000.00199 +0000.00298 +0000.00398 +0000.00497 
+0000.00250 -4.9293e-03 -3.9437e-03 -2.9585e-03 -1.9725e-03 -9.8531e-04 +3.4188e-06 +9.9350e-04 +1.9848e-03 +2.9769e-03 +3.9693e-03 +4.9607e-03 
+0000.00000 -4.9293e-03 -3.9437e-03 -2.9585e-03 -1.9725e-03 -9.8531e-04 +3.4188e-06 +9.9350e-04 +1.9848e-03 +2.9769e-03 +3.9693e-03 +4.9607e-03 
-0000.00250 -4.9293e-03 -3.9437e-03 -2.9585e-03 -1.9725e-03 -9.8531e-04 +3.4188e-06 +9.9350e-04 +1.9848e-03 +2.9769e-03 +3.9693e-03 +4.9607e-03 
# Vertical Final Position [m]
START
            -0000.00497 -0000.00398 -0000.00298 -0000.00199 -0000.00099 +0000.00000 +0000.00099 +0000.00199 +0000.00298 +0000.00398 +0000.00497 
+0000.00250 +2.4523e-03 +2.4956e-03 +2.4836e-03 +2.4893e-03 +2.4884e-03 +2.4874e-03 +2.4874e-03 +2.4889e-03 +2.4927e-03 +2.5001e-03 +2.5106e-03 
+0000.00000 -4.7749e-05 -4.4111e-06 -1.6439e-05 -1.0675e-05 -1.1649e-05 -1.2554e-05 -1.2620e-05 -1.1087e-05 -7.2813e-06 +1.3881e-07 +1.0646e-05 
-0000.00250 -2.5477e-03 -2.5044e-03 -2.5164e-03 -2.5107e-03 -2.5116e-03 -2.5126e-03 -2.5126e-03 -2.5111e-03 -2.5073e-03 -2.4999e-03 -2.4894e-03 