# Author: FAC idanalysis.IDKickMap
#
# Total Length of Longitudinal Interval [m]
1.2
# Number of Horizontal Points
11
# Number of Vertical Points
3
# Total Horizontal 2nd Order Kick [T2m2]
START
            -0000.00498 -0000.00398 -0000.00299 -0000.00199 -0000.00100 +0000.00000 +0000.00100 +0000.00199 +0000.00299 +0000.00398 +0000.00498
+0000.00250 +4.3006e-03 +3.9737e-03 +3.2846e-03 +2.4470e-03 +1.5292e-03 +6.2831e-04 -2.1817e-04 -9.9155e-04 -1.6928e-03 -2.4135e-03 -3.3120e-03
+0000.00000 +4.3006e-03 +3.9737e-03 +3.2846e-03 +2.4470e-03 +1.5292e-03 +6.2831e-04 -2.1817e-04 -9.9155e-04 -1.6928e-03 -2.4135e-03 -3.3120e-03
-0000.00250 +4.3006e-03 +3.9737e-03 +3.2846e-03 +2.4470e-03 +1.5292e-03 +6.2831e-04 -2.1817e-04 -9.9155e-04 -1.6928e-03 -2.4135e-03 -3.3120e-03
# Total Vertical 2nd Order Kick [T2m2]
START
            -0000.00498 -0000.00398 -0000.00299 -0000.00199 -0000.00100 +0000.00000 +0000.00100 +0000.00199 +0000.00299 +0000.00398 +0000.00498
+0000.00250 -2.6447e-03 -2.5009e-03 -2.4370e-03 -2.3964e-03 -2.3825e-03 -2.4349e-03 -2.4938e-03 -2.2659e-03 -1.8928e-03 -1.3399e-03 -4.8962e-04
+0000.00000 -2.6447e-03 -2.5009e-03 -2.4370e-03 -2.3964e-03 -2.3825e-03 -2.4349e-03 -2.4938e-03 -2.2659e-03 -1.8928e-03 -1.3399e-03 -4.8962e-04
-0000.00250 -2.6447e-03 -2.5009e-03 -2.4370e-03 -2.3964e-03 -2.3825e-03 -2.4349e-03 -2.4938e-03 -2.2659e-03 -1.8928e-03 -1.3399e-03 -4.8962e-04
# Horizontal Final Position [m]
START
            -0000.00498 -0000.00398 -0000.00299 -0000.00199 -0000.00100 +0000.00000 +0000.00100 +0000.00199 +0000.00299 +0000.00398 +0000.00498
+0000.00250 -4.9626e-03 -3.9652e-03 -2.9720e-03 -1.9802e-03 -9.8917e-04 +2.0375e-06 +9.9376e-04 +1.9861e-03 +2.9792e-03 +3.9721e-03 +4.9637e-03
+0000.00000 -4.9626e-03 -3.9652e-03 -2.9720e-03 -1.9802e-03 -9.8917e-04 +2.0375e-06 +9.9376e-04 +1.9861e-03 +2.9792e-03 +3.9721e-03 +4.9637e-03
-0000.00250 -4.9626e-03 -3.9652e-03 -2.9720e-03 -1.9802e-03 -9.8917e-04 +2.0375e-06 +9.9376e-04 +1.9861e-03 +2.9792e-03 +3.9721e-03 +4.9637e-03
# Vertical Final Position [m]
START
            -0000.00498 -0000.00398 -0000.00299 -0000.00199 -0000.00100 +0000.00000 +0000.00100 +0000.00199 +0000.00299 +0000.00398 +0000.00498
+0000.00250 +2.4650e-03 +2.4689e-03 +2.4710e-03 +2.4729e-03 +2.4741e-03 +2.4734e-03 +2.4734e-03 +2.4776e-03 +2.4837e-03 +2.4924e-03 +2.5056e-03
+0000.00000 +2.4650e-03 +2.4689e-03 +2.4710e-03 +2.4729e-03 +2.4741e-03 +2.4734e-03 +2.4734e-03 +2.4776e-03 +2.4837e-03 +2.4924e-03 +2.5056e-03
-0000.00250 -2.5350e-03 -2.5311e-03 -2.5290e-03 -2.5271e-03 -2.5259e-03 -2.5266e-03 -2.5266e-03 -2.5224e-03 -2.5163e-03 -2.5076e-03 -2.4944e-03
