# Author: FAC idanalysis.IDKickMap
#
# Total Length of Longitudinal Interval [m]
1.2
# Number of Horizontal Points
11
# Number of Vertical Points
3
# Total Horizontal 2nd Order Kick [T2m2]
START
            -0000.00498 -0000.00398 -0000.00299 -0000.00199 -0000.00100 +0000.00000 +0000.00100 +0000.00199 +0000.00299 +0000.00398 +0000.00498
+0000.00250 +5.7298e-03 +5.1251e-03 +4.3024e-03 +3.4753e-03 +2.6715e-03 +1.8985e-03 +1.1830e-03 +4.5653e-04 -3.1553e-04 -1.3446e-03 -3.0535e-03
+0000.00000 +5.7298e-03 +5.1251e-03 +4.3024e-03 +3.4753e-03 +2.6715e-03 +1.8985e-03 +1.1830e-03 +4.5653e-04 -3.1553e-04 -1.3446e-03 -3.0535e-03
-0000.00250 +5.7298e-03 +5.1251e-03 +4.3024e-03 +3.4753e-03 +2.6715e-03 +1.8985e-03 +1.1830e-03 +4.5653e-04 -3.1553e-04 -1.3446e-03 -3.0535e-03
# Total Vertical 2nd Order Kick [T2m2]
START
            -0000.00498 -0000.00398 -0000.00299 -0000.00199 -0000.00100 +0000.00000 +0000.00100 +0000.00199 +0000.00299 +0000.00398 +0000.00498
+0000.00250 -1.9756e-03 -1.4752e-03 -1.1059e-03 -8.6630e-04 -6.1545e-04 -4.3576e-04 -2.0008e-04 +1.2773e-04 +5.8827e-04 +1.3577e-03 +2.4932e-03
+0000.00000 -1.9756e-03 -1.4752e-03 -1.1059e-03 -8.6630e-04 -6.1545e-04 -4.3576e-04 -2.0008e-04 +1.2773e-04 +5.8827e-04 +1.3577e-03 +2.4932e-03
-0000.00250 -1.9756e-03 -1.4752e-03 -1.1059e-03 -8.6630e-04 -6.1545e-04 -4.3576e-04 -2.0008e-04 +1.2773e-04 +5.8827e-04 +1.3577e-03 +2.4932e-03
# Horizontal Final Position [m]
START
            -0000.00498 -0000.00398 -0000.00299 -0000.00199 -0000.00100 +0000.00000 +0000.00100 +0000.00199 +0000.00299 +0000.00398 +0000.00498
+0000.00250 -4.9505e-03 -3.9547e-03 -2.9621e-03 -1.9699e-03 -9.7753e-04 +1.5142e-05 +1.0082e-03 +2.0010e-03 +2.9935e-03 +3.9835e-03 +4.9676e-03
+0000.00000 -4.9505e-03 -3.9547e-03 -2.9621e-03 -1.9699e-03 -9.7753e-04 +1.5142e-05 +1.0082e-03 +2.0010e-03 +2.9935e-03 +3.9835e-03 +4.9676e-03
-0000.00250 -4.9505e-03 -3.9547e-03 -2.9621e-03 -1.9699e-03 -9.7753e-04 +1.5142e-05 +1.0082e-03 +2.0010e-03 +2.9935e-03 +3.9835e-03 +4.9676e-03
# Vertical Final Position [m]
START
            -0000.00498 -0000.00398 -0000.00299 -0000.00199 -0000.00100 +0000.00000 +0000.00100 +0000.00199 +0000.00299 +0000.00398 +0000.00498
+0000.00250 +2.4555e-03 +2.4650e-03 +2.4717e-03 +2.4761e-03 +2.4799e-03 +2.4828e-03 +2.4865e-03 +2.4913e-03 +2.4979e-03 +2.5084e-03 +2.5239e-03
+0000.00000 +2.4555e-03 +2.4650e-03 +2.4717e-03 +2.4761e-03 +2.4799e-03 +2.4828e-03 +2.4865e-03 +2.4913e-03 +2.4979e-03 +2.5084e-03 +2.5239e-03
-0000.00250 -2.5445e-03 -2.5350e-03 -2.5283e-03 -2.5239e-03 -2.5201e-03 -2.5172e-03 -2.5135e-03 -2.5087e-03 -2.5021e-03 -2.4916e-03 -2.4761e-03
