# Author: FAC idanalysis.IDKickMap
#
# Total Length of Longitudinal Interval [m]
1.2
# Number of Horizontal Points
11
# Number of Vertical Points
3
# Total Horizontal 2nd Order Kick [T2m2]
START
            -0000.00500 -0000.00400 -0000.00300 -0000.00200 -0000.00100 +0000.00000 +0000.00100 +0000.00200 +0000.00300 +0000.00400 +0000.00500
+0000.00250 +2.6157e-03 +3.4090e-03 +2.9390e-03 +2.2795e-03 +1.5366e-03 +7.5728e-04 -1.2035e-05 -7.3435e-04 -1.4607e-03 -2.1820e-03 -1.8241e-03
+0000.00000 +2.6157e-03 +3.4090e-03 +2.9390e-03 +2.2795e-03 +1.5366e-03 +7.5728e-04 -1.2035e-05 -7.3435e-04 -1.4607e-03 -2.1820e-03 -1.8241e-03
-0000.00250 +2.6157e-03 +3.4090e-03 +2.9390e-03 +2.2795e-03 +1.5366e-03 +7.5728e-04 -1.2035e-05 -7.3435e-04 -1.4607e-03 -2.1820e-03 -1.8241e-03
# Total Vertical 2nd Order Kick [T2m2]
START
            -0000.00500 -0000.00400 -0000.00300 -0000.00200 -0000.00100 +0000.00000 +0000.00100 +0000.00200 +0000.00300 +0000.00400 +0000.00500
+0000.00250 -1.5235e-03 -1.0295e-03 -7.4456e-04 -5.5273e-04 -4.4805e-04 -3.6252e-04 -2.1417e-04 +9.1249e-06 +3.2411e-04 +8.0593e-04 +1.4099e-03
+0000.00000 -1.5235e-03 -1.0295e-03 -7.4456e-04 -5.5273e-04 -4.4805e-04 -3.6252e-04 -2.1417e-04 +9.1249e-06 +3.2411e-04 +8.0593e-04 +1.4099e-03
-0000.00250 -1.5235e-03 -1.0295e-03 -7.4456e-04 -5.5273e-04 -4.4805e-04 -3.6252e-04 -2.1417e-04 +9.1249e-06 +3.2411e-04 +8.0593e-04 +1.4099e-03
# Horizontal Final Position [m]
START
            -0000.00500 -0000.00400 -0000.00300 -0000.00200 -0000.00100 +0000.00000 +0000.00100 +0000.00200 +0000.00300 +0000.00400 +0000.00500
+0000.00250 -1.3986e-06 -1.8257e-06 -1.4820e-06 -1.4341e-06 -1.3393e-06 -1.6040e-06 -1.4552e-06 -1.8651e-06 -1.3725e-06 -1.3972e-06 -1.4561e-06
+0000.00000 -1.3986e-06 -1.8257e-06 -1.4820e-06 -1.4341e-06 -1.3393e-06 -1.6040e-06 -1.4552e-06 -1.8651e-06 -1.3725e-06 -1.3972e-06 -1.4561e-06
-0000.00250 -1.3986e-06 -1.8257e-06 -1.4820e-06 -1.4341e-06 -1.3393e-06 -1.6040e-06 -1.4552e-06 -1.8651e-06 -1.3725e-06 -1.3972e-06 -1.4561e-06
# Vertical Final Position [m]
START
            -0000.00500 -0000.00400 -0000.00300 -0000.00200 -0000.00100 +0000.00000 +0000.00100 +0000.00200 +0000.00300 +0000.00400 +0000.00500
+0000.00250 -4.4347e-06 -5.5633e-06 -6.2303e-06 -6.3361e-06 -3.9095e-06 -4.4328e-06 -5.7553e-06 -5.7447e-06 -5.1687e-06 -3.9634e-06 -5.6518e-06
+0000.00000 -4.4347e-06 -5.5633e-06 -6.2303e-06 -6.3361e-06 -3.9095e-06 -4.4328e-06 -5.7553e-06 -5.7447e-06 -5.1687e-06 -3.9634e-06 -5.6518e-06
-0000.00250 -4.4347e-06 -5.5633e-06 -6.2303e-06 -6.3361e-06 -3.9095e-06 -4.4328e-06 -5.7553e-06 -5.7447e-06 -5.1687e-06 -3.9634e-06 -5.6518e-06
