# Author: FAC idanalysis.IDKickMap
# 
# Total Length of Longitudinal Interval [m]
1.2
# Number of Horizontal Points
11
# Number of Vertical Points
3
# Total Horizontal 2nd Order Kick [T2m2]
START
            -0000.00497 -0000.00398 -0000.00298 -0000.00199 -0000.00099 +0000.00000 +0000.00099 +0000.00199 +0000.00298 +0000.00398 +0000.00497 
+0000.00250 +3.4919e-03 +3.4014e-03 +2.9284e-03 +2.2710e-03 +1.5320e-03 +7.5728e-04 -7.5875e-06 -7.2570e-04 -1.4479e-03 -2.1639e-03 -3.0016e-03 
+0000.00000 +3.4919e-03 +3.4014e-03 +2.9284e-03 +2.2710e-03 +1.5320e-03 +7.5728e-04 -7.5875e-06 -7.2570e-04 -1.4479e-03 -2.1639e-03 -3.0016e-03 
-0000.00250 +3.4919e-03 +3.4014e-03 +2.9284e-03 +2.2710e-03 +1.5320e-03 +7.5728e-04 -7.5875e-06 -7.2570e-04 -1.4479e-03 -2.1639e-03 -3.0016e-03 
# Total Vertical 2nd Order Kick [T2m2]
START
            -0000.00497 -0000.00398 -0000.00298 -0000.00199 -0000.00099 +0000.00000 +0000.00099 +0000.00199 +0000.00298 +0000.00398 +0000.00497 
+0000.00250 -2.4983e-03 -1.8289e-03 -1.5145e-03 -2.0916e-03 -4.0995e-03 -3.5385e-04 +3.5958e-03 +7.3675e-04 +1.6533e-03 +1.8753e-03 +2.4364e-03 
+0000.00000 -2.4983e-03 -1.8289e-03 -1.5145e-03 -2.0916e-03 -4.0995e-03 -3.5385e-04 +3.5958e-03 +7.3675e-04 +1.6533e-03 +1.8753e-03 +2.4364e-03 
-0000.00250 -2.4983e-03 -1.8289e-03 -1.5145e-03 -2.0916e-03 -4.0995e-03 -3.5385e-04 +3.5958e-03 +7.3675e-04 +1.6533e-03 +1.8753e-03 +2.4364e-03 
# Horizontal Final Position [m]
START
            -0000.00497 -0000.00398 -0000.00298 -0000.00199 -0000.00099 +0000.00000 +0000.00099 +0000.00199 +0000.00298 +0000.00398 +0000.00497 
+0000.00250 -4.9592e-03 -3.9615e-03 -2.9683e-03 -1.9770e-03 -9.8634e-04 +4.0614e-06 +9.9463e-04 +1.9857e-03 +2.9768e-03 +3.9679e-03 +4.9584e-03 
+0000.00000 -4.9592e-03 -3.9615e-03 -2.9683e-03 -1.9770e-03 -9.8634e-04 +4.0614e-06 +9.9463e-04 +1.9857e-03 +2.9768e-03 +3.9679e-03 +4.9584e-03 
-0000.00250 -4.9592e-03 -3.9615e-03 -2.9683e-03 -1.9770e-03 -9.8634e-04 +4.0614e-06 +9.9463e-04 +1.9857e-03 +2.9768e-03 +3.9679e-03 +4.9584e-03 
# Vertical Final Position [m]
START
            -0000.00497 -0000.00398 -0000.00298 -0000.00199 -0000.00099 +0000.00000 +0000.00099 +0000.00199 +0000.00298 +0000.00398 +0000.00497 
+0000.00250 +2.4561e-03 +2.4665e-03 +2.4723e-03 +2.4696e-03 +2.4514e-03 +2.4861e-03 +2.5227e-03 +2.5013e-03 +2.5088e-03 +2.5149e-03 +2.5255e-03 
+0000.00000 -4.3885e-05 -3.3546e-05 -2.7678e-05 -3.0447e-05 -4.8572e-05 -1.3901e-05 +2.2691e-05 +1.3225e-06 +8.8443e-06 +1.4909e-05 +2.5496e-05 
-0000.00250 -2.5439e-03 -2.5335e-03 -2.5277e-03 -2.5304e-03 -2.5486e-03 -2.5139e-03 -2.4773e-03 -2.4987e-03 -2.4912e-03 -2.4851e-03 -2.4745e-03 