# Author: FAC idanalysis.IDKickMap
# 
# Total Length of Longitudinal Interval [m]
1.2
# Number of Horizontal Points
11
# Number of Vertical Points
3
# Total Horizontal 2nd Order Kick [T2m2]
START
            -0000.00497 -0000.00398 -0000.00298 -0000.00199 -0000.00099 +0000.00000 +0000.00099 +0000.00199 +0000.00298 +0000.00398 +0000.00497 
+0000.00250 +7.8311e-03 +6.2055e-03 +4.6182e-03 +3.1401e-03 +1.7486e-03 +4.4057e-04 -7.8348e-04 -1.9774e-03 -3.1188e-03 -4.4206e-03 -6.1964e-03 
+0000.00000 +7.8311e-03 +6.2055e-03 +4.6182e-03 +3.1401e-03 +1.7486e-03 +4.4057e-04 -7.8348e-04 -1.9774e-03 -3.1188e-03 -4.4206e-03 -6.1964e-03 
-0000.00250 +7.8311e-03 +6.2055e-03 +4.6182e-03 +3.1401e-03 +1.7486e-03 +4.4057e-04 -7.8348e-04 -1.9774e-03 -3.1188e-03 -4.4206e-03 -6.1964e-03 
# Total Vertical 2nd Order Kick [T2m2]
START
            -0000.00497 -0000.00398 -0000.00298 -0000.00199 -0000.00099 +0000.00000 +0000.00099 +0000.00199 +0000.00298 +0000.00398 +0000.00497 
+0000.00250 -6.5759e-04 -3.2707e-04 -1.8028e-04 -2.4068e-04 -5.5923e-04 -5.2085e-04 -2.6689e-04 -2.5687e-05 +4.7384e-04 +1.3662e-03 +2.4472e-03 
+0000.00000 -6.5759e-04 -3.2707e-04 -1.8028e-04 -2.4068e-04 -5.5923e-04 -5.2085e-04 -2.6689e-04 -2.5687e-05 +4.7384e-04 +1.3662e-03 +2.4472e-03 
-0000.00250 -6.5759e-04 -3.2707e-04 -1.8028e-04 -2.4068e-04 -5.5923e-04 -5.2085e-04 -2.6689e-04 -2.5687e-05 +4.7384e-04 +1.3662e-03 +2.4472e-03 
# Horizontal Final Position [m]
START
            -0000.00497 -0000.00398 -0000.00298 -0000.00199 -0000.00099 +0000.00000 +0000.00099 +0000.00199 +0000.00298 +0000.00398 +0000.00497 
+0000.00250 -4.9223e-03 -3.9386e-03 -2.9554e-03 -1.9712e-03 -9.8627e-04 -5.3061e-07 +9.8595e-04 +1.9727e-03 +2.9600e-03 +3.9458e-03 +4.9274e-03 
+0000.00000 -4.9223e-03 -3.9386e-03 -2.9554e-03 -1.9712e-03 -9.8627e-04 -5.3061e-07 +9.8595e-04 +1.9727e-03 +2.9600e-03 +3.9458e-03 +4.9274e-03 
-0000.00250 -4.9223e-03 -3.9386e-03 -2.9554e-03 -1.9712e-03 -9.8627e-04 -5.3061e-07 +9.8595e-04 +1.9727e-03 +2.9600e-03 +3.9458e-03 +4.9274e-03 
# Vertical Final Position [m]
START
            -0000.00497 -0000.00398 -0000.00298 -0000.00199 -0000.00099 +0000.00000 +0000.00099 +0000.00199 +0000.00298 +0000.00398 +0000.00497 
+0000.00250 +2.4854e-03 +2.4900e-03 +2.4923e-03 +2.4922e-03 +2.4896e-03 +2.4903e-03 +2.4933e-03 +2.4968e-03 +2.5034e-03 +2.5143e-03 +2.5293e-03 
+0000.00000 -1.4566e-05 -9.9927e-06 -7.7466e-06 -7.7621e-06 -1.0420e-05 -9.6530e-06 -6.6617e-06 -3.1835e-06 +3.4134e-06 +1.4267e-05 +2.9290e-05 
-0000.00250 -2.5146e-03 -2.5100e-03 -2.5077e-03 -2.5078e-03 -2.5104e-03 -2.5097e-03 -2.5067e-03 -2.5032e-03 -2.4966e-03 -2.4857e-03 -2.4707e-03 