# Author: FAC idanalysis.IDKickMap
# 
# Total Length of Longitudinal Interval [m]
1.2
# Number of Horizontal Points
11
# Number of Vertical Points
3
# Total Horizontal 2nd Order Kick [T2m2]
START
            -0000.00497 -0000.00398 -0000.00298 -0000.00199 -0000.00099 +0000.00000 +0000.00099 +0000.00199 +0000.00298 +0000.00398 +0000.00497 
+0000.00250 +5.7285e-03 +5.0827e-03 +4.2880e-03 +3.4666e-03 +2.6645e-03 +1.9099e-03 +1.1712e-03 +4.5452e-04 -3.2691e-04 -1.3227e-03 -2.8947e-03 
+0000.00000 +5.7285e-03 +5.0827e-03 +4.2880e-03 +3.4666e-03 +2.6645e-03 +1.9099e-03 +1.1712e-03 +4.5452e-04 -3.2691e-04 -1.3227e-03 -2.8947e-03 
-0000.00250 +5.7285e-03 +5.0827e-03 +4.2880e-03 +3.4666e-03 +2.6645e-03 +1.9099e-03 +1.1712e-03 +4.5452e-04 -3.2691e-04 -1.3227e-03 -2.8947e-03 
# Total Vertical 2nd Order Kick [T2m2]
START
            -0000.00497 -0000.00398 -0000.00298 -0000.00199 -0000.00099 +0000.00000 +0000.00099 +0000.00199 +0000.00298 +0000.00398 +0000.00497 
+0000.00250 -2.1735e-03 -1.6564e-03 -1.2986e-03 -1.0342e-03 -8.0996e-04 -6.4401e-04 -3.7589e-04 -7.4489e-05 +3.7836e-04 +1.1947e-03 +2.3435e-03 
+0000.00000 -2.1735e-03 -1.6564e-03 -1.2986e-03 -1.0342e-03 -8.0996e-04 -6.4401e-04 -3.7589e-04 -7.4489e-05 +3.7836e-04 +1.1947e-03 +2.3435e-03 
-0000.00250 -2.1735e-03 -1.6564e-03 -1.2986e-03 -1.0342e-03 -8.0996e-04 -6.4401e-04 -3.7589e-04 -7.4489e-05 +3.7836e-04 +1.1947e-03 +2.3435e-03 
# Horizontal Final Position [m]
START
            -0000.00497 -0000.00398 -0000.00298 -0000.00199 -0000.00099 +0000.00000 +0000.00099 +0000.00199 +0000.00298 +0000.00398 +0000.00497 
+0000.00250 -4.9401e-03 -3.9468e-03 -2.9560e-03 -1.9657e-03 -9.7530e-04 +1.5434e-05 +1.0063e-03 +1.9973e-03 +2.9877e-03 +3.9762e-03 +4.9598e-03 
+0000.00000 -4.9401e-03 -3.9468e-03 -2.9560e-03 -1.9657e-03 -9.7530e-04 +1.5434e-05 +1.0063e-03 +1.9973e-03 +2.9877e-03 +3.9762e-03 +4.9598e-03 
-0000.00250 -4.9401e-03 -3.9468e-03 -2.9560e-03 -1.9657e-03 -9.7530e-04 +1.5434e-05 +1.0063e-03 +1.9973e-03 +2.9877e-03 +3.9762e-03 +4.9598e-03 
# Vertical Final Position [m]
START
            -0000.00497 -0000.00398 -0000.00298 -0000.00199 -0000.00099 +0000.00000 +0000.00099 +0000.00199 +0000.00298 +0000.00398 +0000.00497 
+0000.00250 +2.4531e-03 +2.4629e-03 +2.4696e-03 +2.4743e-03 +2.4779e-03 +2.4807e-03 +2.4846e-03 +2.4893e-03 +2.4960e-03 +2.5069e-03 +2.5226e-03 
+0000.00000 -4.6932e-05 -3.7070e-05 -3.0446e-05 -2.5702e-05 -2.2120e-05 -1.9271e-05 -1.5368e-05 -1.0678e-05 -4.0061e-06 +6.9344e-06 +2.2633e-05 
-0000.00250 -2.5469e-03 -2.5371e-03 -2.5304e-03 -2.5257e-03 -2.5221e-03 -2.5193e-03 -2.5154e-03 -2.5107e-03 -2.5040e-03 -2.4931e-03 -2.4774e-03 