# Author: FAC idanalysis.IDKickMap
# 
# Total Length of Longitudinal Interval [m]
1.2
# Number of Horizontal Points
11
# Number of Vertical Points
3
# Total Horizontal 2nd Order Kick [T2m2]
START
            -0000.00497 -0000.00398 -0000.00298 -0000.00199 -0000.00099 +0000.00000 +0000.00099 +0000.00199 +0000.00298 +0000.00398 +0000.00497 
+0000.00250 +6.4299e-03 +5.1313e-03 +3.8071e-03 +2.5127e-03 +1.1966e-03 -3.2277e-05 -1.1812e-03 -2.2682e-03 -3.3267e-03 -4.4822e-03 -5.8320e-03 
+0000.00000 +6.4299e-03 +5.1313e-03 +3.8071e-03 +2.5127e-03 +1.1966e-03 -3.2277e-05 -1.1812e-03 -2.2682e-03 -3.3267e-03 -4.4822e-03 -5.8320e-03 
-0000.00250 +6.4299e-03 +5.1313e-03 +3.8071e-03 +2.5127e-03 +1.1966e-03 -3.2277e-05 -1.1812e-03 -2.2682e-03 -3.3267e-03 -4.4822e-03 -5.8320e-03 
# Total Vertical 2nd Order Kick [T2m2]
START
            -0000.00497 -0000.00398 -0000.00298 -0000.00199 -0000.00099 +0000.00000 +0000.00099 +0000.00199 +0000.00298 +0000.00398 +0000.00497 
+0000.00250 -1.6670e-03 -1.3336e-03 -1.1819e-03 -1.1324e-03 -1.1676e-03 -1.4192e-03 -1.0945e-03 -9.1402e-04 -5.5142e-04 -7.9117e-05 +3.7635e-04 
+0000.00000 -1.6670e-03 -1.3336e-03 -1.1819e-03 -1.1324e-03 -1.1676e-03 -1.4192e-03 -1.0945e-03 -9.1402e-04 -5.5142e-04 -7.9117e-05 +3.7635e-04 
-0000.00250 -1.6670e-03 -1.3336e-03 -1.1819e-03 -1.1324e-03 -1.1676e-03 -1.4192e-03 -1.0945e-03 -9.1402e-04 -5.5142e-04 -7.9117e-05 +3.7635e-04 
# Horizontal Final Position [m]
START
            -0000.00497 -0000.00398 -0000.00298 -0000.00199 -0000.00099 +0000.00000 +0000.00099 +0000.00199 +0000.00298 +0000.00398 +0000.00497 
+0000.00250 -4.9372e-03 -3.9504e-03 -2.9644e-03 -1.9783e-03 -9.9241e-04 -5.7052e-06 +9.8172e-04 +1.9698e-03 +2.9579e-03 +3.9453e-03 +4.9311e-03 
+0000.00000 -4.9372e-03 -3.9504e-03 -2.9644e-03 -1.9783e-03 -9.9241e-04 -5.7052e-06 +9.8172e-04 +1.9698e-03 +2.9579e-03 +3.9453e-03 +4.9311e-03 
-0000.00250 -4.9372e-03 -3.9504e-03 -2.9644e-03 -1.9783e-03 -9.9241e-04 -5.7052e-06 +9.8172e-04 +1.9698e-03 +2.9579e-03 +3.9453e-03 +4.9311e-03 
# Vertical Final Position [m]
START
            -0000.00497 -0000.00398 -0000.00298 -0000.00199 -0000.00099 +0000.00000 +0000.00099 +0000.00199 +0000.00298 +0000.00398 +0000.00497 
+0000.00250 +2.4799e-03 +2.4837e-03 +2.4854e-03 +2.4860e-03 +2.4856e-03 +2.4831e-03 +2.4866e-03 +2.4894e-03 +2.4947e-03 +2.5022e-03 +2.5113e-03 
+0000.00000 -2.0091e-05 -1.6304e-05 -1.4641e-05 -1.3982e-05 -1.4420e-05 -1.6909e-05 -1.3431e-05 -1.0649e-05 -5.2552e-06 +2.1987e-06 +1.1306e-05 
-0000.00250 -2.5201e-03 -2.5163e-03 -2.5146e-03 -2.5140e-03 -2.5144e-03 -2.5169e-03 -2.5134e-03 -2.5106e-03 -2.5053e-03 -2.4978e-03 -2.4887e-03 