# Author: FAC idanalysis.IDKickMap
# 
# Total Length of Longitudinal Interval [m]
1.2
# Number of Horizontal Points
11
# Number of Vertical Points
3
# Total Horizontal 2nd Order Kick [T2m2]
START
            -0000.00497 -0000.00398 -0000.00298 -0000.00199 -0000.00099 +0000.00000 +0000.00099 +0000.00199 +0000.00298 +0000.00398 +0000.00497 
+0000.00250 +4.2795e-03 +3.9496e-03 +3.2650e-03 +2.4113e-03 +1.4939e-03 +5.9802e-04 -2.5075e-04 -1.0191e-03 -1.7295e-03 -2.4493e-03 -3.3596e-03 
+0000.00000 +4.2795e-03 +3.9496e-03 +3.2650e-03 +2.4113e-03 +1.4939e-03 +5.9802e-04 -2.5075e-04 -1.0191e-03 -1.7295e-03 -2.4493e-03 -3.3596e-03 
-0000.00250 +4.2795e-03 +3.9496e-03 +3.2650e-03 +2.4113e-03 +1.4939e-03 +5.9802e-04 -2.5075e-04 -1.0191e-03 -1.7295e-03 -2.4493e-03 -3.3596e-03 
# Total Vertical 2nd Order Kick [T2m2]
START
            -0000.00497 -0000.00398 -0000.00298 -0000.00199 -0000.00099 +0000.00000 +0000.00099 +0000.00199 +0000.00298 +0000.00398 +0000.00497 
+0000.00250 -2.7317e-03 -2.5314e-03 -2.4681e-03 -2.3746e-03 -2.3256e-03 -2.3716e-03 -2.3641e-03 -2.1276e-03 -1.7825e-03 -1.2502e-03 -4.1037e-04 
+0000.00000 -2.7317e-03 -2.5314e-03 -2.4681e-03 -2.3746e-03 -2.3256e-03 -2.3716e-03 -2.3641e-03 -2.1276e-03 -1.7825e-03 -1.2502e-03 -4.1037e-04 
-0000.00250 -2.7317e-03 -2.5314e-03 -2.4681e-03 -2.3746e-03 -2.3256e-03 -2.3716e-03 -2.3641e-03 -2.1276e-03 -1.7825e-03 -1.2502e-03 -4.1037e-04 
# Horizontal Final Position [m]
START
            -0000.00497 -0000.00398 -0000.00298 -0000.00199 -0000.00099 +0000.00000 +0000.00099 +0000.00199 +0000.00298 +0000.00398 +0000.00497 
+0000.00250 -4.9523e-03 -3.9570e-03 -2.9657e-03 -1.9761e-03 -9.8704e-04 +2.2225e-06 +9.9195e-04 +1.9823e-03 +2.9733e-03 +3.9643e-03 +4.9539e-03 
+0000.00000 -4.9523e-03 -3.9570e-03 -2.9657e-03 -1.9761e-03 -9.8704e-04 +2.2225e-06 +9.9195e-04 +1.9823e-03 +2.9733e-03 +3.9643e-03 +4.9539e-03 
-0000.00250 -4.9523e-03 -3.9570e-03 -2.9657e-03 -1.9761e-03 -9.8704e-04 +2.2225e-06 +9.9195e-04 +1.9823e-03 +2.9733e-03 +3.9643e-03 +4.9539e-03 
# Vertical Final Position [m]
START
            -0000.00497 -0000.00398 -0000.00298 -0000.00199 -0000.00099 +0000.00000 +0000.00099 +0000.00199 +0000.00298 +0000.00398 +0000.00497 
+0000.00250 +2.4634e-03 +2.4677e-03 +2.4702e-03 +2.4725e-03 +2.4740e-03 +2.4736e-03 +2.4740e-03 +2.4781e-03 +2.4842e-03 +2.4928e-03 +2.5057e-03 
+0000.00000 -3.6624e-05 -3.2290e-05 -2.9849e-05 -2.7546e-05 -2.6021e-05 -2.6354e-05 -2.5991e-05 -2.1866e-05 -1.5838e-05 -7.2478e-06 +5.7200e-06 
-0000.00250 -2.5366e-03 -2.5323e-03 -2.5298e-03 -2.5275e-03 -2.5260e-03 -2.5264e-03 -2.5260e-03 -2.5219e-03 -2.5158e-03 -2.5072e-03 -2.4943e-03 