# Author: FAC idanalysis.IDKickMap
# 
# Total Length of Longitudinal Interval [m]
1.2
# Number of Horizontal Points
11
# Number of Vertical Points
3
# Total Horizontal 2nd Order Kick [T2m2]
START
            -0000.00497 -0000.00398 -0000.00298 -0000.00199 -0000.00099 +0000.00000 +0000.00099 +0000.00199 +0000.00298 +0000.00398 +0000.00497 
+0000.00250 +9.0376e-03 +7.3406e-03 +5.8607e-03 +4.5580e-03 +3.4061e-03 +2.3660e-03 +1.3990e-03 +4.4983e-04 -5.9835e-04 -1.8657e-03 -3.7194e-03 
+0000.00000 +9.0376e-03 +7.3406e-03 +5.8607e-03 +4.5580e-03 +3.4061e-03 +2.3660e-03 +1.3990e-03 +4.4983e-04 -5.9835e-04 -1.8657e-03 -3.7194e-03 
-0000.00250 +9.0376e-03 +7.3406e-03 +5.8607e-03 +4.5580e-03 +3.4061e-03 +2.3660e-03 +1.3990e-03 +4.4983e-04 -5.9835e-04 -1.8657e-03 -3.7194e-03 
# Total Vertical 2nd Order Kick [T2m2]
START
            -0000.00497 -0000.00398 -0000.00298 -0000.00199 -0000.00099 +0000.00000 +0000.00099 +0000.00199 +0000.00298 +0000.00398 +0000.00497 
+0000.00250 +6.0947e-04 +8.8259e-04 +1.1145e-03 +1.2373e-03 +1.3089e-03 +1.4445e-03 +1.6325e-03 +1.9692e-03 +2.3958e-03 +3.1824e-03 +4.2495e-03 
+0000.00000 +6.0947e-04 +8.8259e-04 +1.1145e-03 +1.2373e-03 +1.3089e-03 +1.4445e-03 +1.6325e-03 +1.9692e-03 +2.3958e-03 +3.1824e-03 +4.2495e-03 
-0000.00250 +6.0947e-04 +8.8259e-04 +1.1145e-03 +1.2373e-03 +1.3089e-03 +1.4445e-03 +1.6325e-03 +1.9692e-03 +2.3958e-03 +3.1824e-03 +4.2495e-03 
# Horizontal Final Position [m]
START
            -0000.00497 -0000.00398 -0000.00298 -0000.00199 -0000.00099 +0000.00000 +0000.00099 +0000.00199 +0000.00298 +0000.00398 +0000.00497 
+0000.00250 -4.9102e-03 -3.9269e-03 -2.9423e-03 -1.9564e-03 -9.6921e-04 +1.9033e-05 +1.0079e-03 +1.9969e-03 +2.9849e-03 +3.9710e-03 +4.9523e-03 
+0000.00000 -4.9102e-03 -3.9269e-03 -2.9423e-03 -1.9564e-03 -9.6921e-04 +1.9033e-05 +1.0079e-03 +1.9969e-03 +2.9849e-03 +3.9710e-03 +4.9523e-03 
-0000.00250 -4.9102e-03 -3.9269e-03 -2.9423e-03 -1.9564e-03 -9.6921e-04 +1.9033e-05 +1.0079e-03 +1.9969e-03 +2.9849e-03 +3.9710e-03 +4.9523e-03 
# Vertical Final Position [m]
START
            -0000.00497 -0000.00398 -0000.00298 -0000.00199 -0000.00099 +0000.00000 +0000.00099 +0000.00199 +0000.00298 +0000.00398 +0000.00497 
+0000.00250 +2.4876e-03 +2.4932e-03 +2.4969e-03 +2.4989e-03 +2.5001e-03 +2.5015e-03 +2.5037e-03 +2.5075e-03 +2.5128e-03 +2.5228e-03 +2.5367e-03 
+0000.00000 -1.2391e-05 -6.8021e-06 -3.0927e-06 -1.1243e-06 +6.1445e-08 +1.4829e-06 +3.7005e-06 +7.5363e-06 +1.2845e-05 +2.2828e-05 +3.6676e-05 
-0000.00250 -2.5124e-03 -2.5068e-03 -2.5031e-03 -2.5011e-03 -2.4999e-03 -2.4985e-03 -2.4963e-03 -2.4925e-03 -2.4872e-03 -2.4772e-03 -2.4633e-03 