# Author: FAC idanalysis.IDKickMap
# 
# Total Length of Longitudinal Interval [m]
1.2
# Number of Horizontal Points
11
# Number of Vertical Points
3
# Total Horizontal 2nd Order Kick [T2m2]
START
            -0000.00497 -0000.00398 -0000.00298 -0000.00199 -0000.00099 +0000.00000 +0000.00099 +0000.00199 +0000.00298 +0000.00398 +0000.00497 
+0000.00250 +7.4041e-03 +5.9418e-03 +4.5345e-03 +3.2820e-03 +2.2155e-03 +1.3319e-03 +5.9026e-04 +4.7575e-05 -3.9772e-04 -8.6190e-04 -1.6594e-03 
+0000.00000 +7.4041e-03 +5.9418e-03 +4.5345e-03 +3.2820e-03 +2.2155e-03 +1.3319e-03 +5.9026e-04 +4.7575e-05 -3.9772e-04 -8.6190e-04 -1.6594e-03 
-0000.00250 +7.4041e-03 +5.9418e-03 +4.5345e-03 +3.2820e-03 +2.2155e-03 +1.3319e-03 +5.9026e-04 +4.7575e-05 -3.9772e-04 -8.6190e-04 -1.6594e-03 
# Total Vertical 2nd Order Kick [T2m2]
START
            -0000.00497 -0000.00398 -0000.00298 -0000.00199 -0000.00099 +0000.00000 +0000.00099 +0000.00199 +0000.00298 +0000.00398 +0000.00497 
+0000.00250 +5.6878e-04 +8.9237e-04 +9.7023e-04 +9.0067e-04 +7.4257e-04 +5.8283e-04 +4.0829e-04 +3.5722e-03 -2.4700e-04 -1.7582e-03 +1.2554e-03 
+0000.00000 +5.6878e-04 +8.9237e-04 +9.7023e-04 +9.0067e-04 +7.4257e-04 +5.8283e-04 +4.0829e-04 +3.5722e-03 -2.4700e-04 -1.7582e-03 +1.2554e-03 
-0000.00250 +5.6878e-04 +8.9237e-04 +9.7023e-04 +9.0067e-04 +7.4257e-04 +5.8283e-04 +4.0829e-04 +3.5722e-03 -2.4700e-04 -1.7582e-03 +1.2554e-03 
# Horizontal Final Position [m]
START
            -0000.00497 -0000.00398 -0000.00298 -0000.00199 -0000.00099 +0000.00000 +0000.00099 +0000.00199 +0000.00298 +0000.00398 +0000.00497 
+0000.00250 -4.9263e-03 -3.9405e-03 -2.9551e-03 -1.9686e-03 -9.8041e-04 +9.2582e-06 +1.0000e-03 +1.9924e-03 +2.9856e-03 +3.9785e-03 +4.9688e-03 
+0000.00000 -4.9263e-03 -3.9405e-03 -2.9551e-03 -1.9686e-03 -9.8041e-04 +9.2582e-06 +1.0000e-03 +1.9924e-03 +2.9856e-03 +3.9785e-03 +4.9688e-03 
-0000.00250 -4.9263e-03 -3.9405e-03 -2.9551e-03 -1.9686e-03 -9.8041e-04 +9.2582e-06 +1.0000e-03 +1.9924e-03 +2.9856e-03 +3.9785e-03 +4.9688e-03 
# Vertical Final Position [m]
START
            -0000.00497 -0000.00398 -0000.00298 -0000.00199 -0000.00099 +0000.00000 +0000.00099 +0000.00199 +0000.00298 +0000.00398 +0000.00497 
+0000.00250 +2.4879e-03 +2.4936e-03 +2.4963e-03 +2.4969e-03 +2.4964e-03 +2.4959e-03 +2.4954e-03 +2.5236e-03 +2.4936e-03 +2.4840e-03 +2.5154e-03 
+0000.00000 -1.2137e-05 -6.4196e-06 -3.6610e-06 -3.1032e-06 -3.5748e-06 -4.1416e-06 -4.6498e-06 +2.3609e-05 -6.3856e-06 -1.6018e-05 +1.5358e-05 
-0000.00250 -2.5121e-03 -2.5064e-03 -2.5037e-03 -2.5031e-03 -2.5036e-03 -2.5041e-03 -2.5046e-03 -2.4764e-03 -2.5064e-03 -2.5160e-03 -2.4846e-03 