# Author: FAC idanalysis.IDKickMap
# 
# Total Length of Longitudinal Interval [m]
1.2
# Number of Horizontal Points
11
# Number of Vertical Points
3
# Total Horizontal 2nd Order Kick [T2m2]
START
            -0000.00497 -0000.00398 -0000.00298 -0000.00199 -0000.00099 +0000.00000 +0000.00099 +0000.00199 +0000.00298 +0000.00398 +0000.00497 
+0000.00250 +6.2687e-03 +5.1325e-03 +4.0783e-03 +3.0388e-03 +2.0896e-03 +1.2560e-03 +4.9964e-04 -1.4202e-04 -7.6642e-04 -1.5200e-03 -2.7552e-03 
+0000.00000 +6.2687e-03 +5.1325e-03 +4.0783e-03 +3.0388e-03 +2.0896e-03 +1.2560e-03 +4.9964e-04 -1.4202e-04 -7.6642e-04 -1.5200e-03 -2.7552e-03 
-0000.00250 +6.2687e-03 +5.1325e-03 +4.0783e-03 +3.0388e-03 +2.0896e-03 +1.2560e-03 +4.9964e-04 -1.4202e-04 -7.6642e-04 -1.5200e-03 -2.7552e-03 
# Total Vertical 2nd Order Kick [T2m2]
START
            -0000.00497 -0000.00398 -0000.00298 -0000.00199 -0000.00099 +0000.00000 +0000.00099 +0000.00199 +0000.00298 +0000.00398 +0000.00497 
+0000.00250 +5.4255e-04 +8.4195e-04 +9.1943e-04 +8.8606e-04 +6.3905e-04 +3.6148e-04 +5.7677e-05 +1.7138e-04 +4.5483e-04 +9.8200e-04 +1.9340e-03 
+0000.00000 +5.4255e-04 +8.4195e-04 +9.1943e-04 +8.8606e-04 +6.3905e-04 +3.6148e-04 +5.7677e-05 +1.7138e-04 +4.5483e-04 +9.8200e-04 +1.9340e-03 
-0000.00250 +5.4255e-04 +8.4195e-04 +9.1943e-04 +8.8606e-04 +6.3905e-04 +3.6148e-04 +5.7677e-05 +1.7138e-04 +4.5483e-04 +9.8200e-04 +1.9340e-03 
# Horizontal Final Position [m]
START
            -0000.00497 -0000.00398 -0000.00298 -0000.00199 -0000.00099 +0000.00000 +0000.00099 +0000.00199 +0000.00298 +0000.00398 +0000.00497 
+0000.00250 -4.9398e-03 -3.9511e-03 -2.9621e-03 -1.9734e-03 -9.8379e-04 +6.5887e-06 +9.9752e-04 +1.9893e-03 +2.9810e-03 +3.9717e-03 +4.9582e-03 
+0000.00000 -4.9398e-03 -3.9511e-03 -2.9621e-03 -1.9734e-03 -9.8379e-04 +6.5887e-06 +9.9752e-04 +1.9893e-03 +2.9810e-03 +3.9717e-03 +4.9582e-03 
-0000.00250 -4.9398e-03 -3.9511e-03 -2.9621e-03 -1.9734e-03 -9.8379e-04 +6.5887e-06 +9.9752e-04 +1.9893e-03 +2.9810e-03 +3.9717e-03 +4.9582e-03 
# Vertical Final Position [m]
START
            -0000.00497 -0000.00398 -0000.00298 -0000.00199 -0000.00099 +0000.00000 +0000.00099 +0000.00199 +0000.00298 +0000.00398 +0000.00497 
+0000.00250 +2.4882e-03 +2.4933e-03 +2.4955e-03 +2.4960e-03 +2.4946e-03 +2.4930e-03 +2.4912e-03 +2.4937e-03 +2.4986e-03 +2.5067e-03 +2.5204e-03 
+0000.00000 -1.1812e-05 -6.7425e-06 -4.5092e-06 -3.9974e-06 -5.4046e-06 -7.0373e-06 -8.8157e-06 -6.2978e-06 -1.4244e-06 +6.7413e-06 +2.0376e-05 
-0000.00250 -2.5118e-03 -2.5067e-03 -2.5045e-03 -2.5040e-03 -2.5054e-03 -2.5070e-03 -2.5088e-03 -2.5063e-03 -2.5014e-03 -2.4933e-03 -2.4796e-03 