# Author: FAC idanalysis.IDKickMap
#
# Total Length of Longitudinal Interval [m]
1.2
# Number of Horizontal Points
11
# Number of Vertical Points
3
# Total Horizontal 2nd Order Kick [T2m2]
START
            -0000.00500 -0000.00400 -0000.00300 -0000.00200 -0000.00100 +0000.00000 +0000.00100 +0000.00200 +0000.00300 +0000.00400 +0000.00500
+0000.00250 +3.1982e-03 +3.8523e-03 +3.2578e-03 +2.6143e-03 +1.9571e-03 +1.3540e-03 +8.4009e-04 +3.9140e-04 -1.0382e-07 -4.8753e-04 -5.1681e-05
+0000.00000 +3.1982e-03 +3.8523e-03 +3.2578e-03 +2.6143e-03 +1.9571e-03 +1.3540e-03 +8.4009e-04 +3.9140e-04 -1.0382e-07 -4.8753e-04 -5.1681e-05
-0000.00250 +3.1982e-03 +3.8523e-03 +3.2578e-03 +2.6143e-03 +1.9571e-03 +1.3540e-03 +8.4009e-04 +3.9140e-04 -1.0382e-07 -4.8753e-04 -5.1681e-05
# Total Vertical 2nd Order Kick [T2m2]
START
            -0000.00500 -0000.00400 -0000.00300 -0000.00200 -0000.00100 +0000.00000 +0000.00100 +0000.00200 +0000.00300 +0000.00400 +0000.00500
+0000.00250 -8.4087e-04 -3.4476e-04 -8.4634e-05 +3.7299e-05 +1.5718e-04 +2.2956e-04 +3.8607e-04 +6.7698e-04 +1.1150e-03 +1.9870e-03 +3.1901e-03
+0000.00000 -8.4087e-04 -3.4476e-04 -8.4634e-05 +3.7299e-05 +1.5718e-04 +2.2956e-04 +3.8607e-04 +6.7698e-04 +1.1150e-03 +1.9870e-03 +3.1901e-03
-0000.00250 -8.4087e-04 -3.4476e-04 -8.4634e-05 +3.7299e-05 +1.5718e-04 +2.2956e-04 +3.8607e-04 +6.7698e-04 +1.1150e-03 +1.9870e-03 +3.1901e-03
# Horizontal Final Position [m]
START
            -0000.00500 -0000.00400 -0000.00300 -0000.00200 -0000.00100 +0000.00000 +0000.00100 +0000.00200 +0000.00300 +0000.00400 +0000.00500
+0000.00250 -1.7388e-06 -1.4946e-06 -1.5987e-06 -1.3452e-06 -1.5120e-06 -1.4610e-06 -1.5755e-06 -1.6687e-06 -1.3352e-06 -1.6026e-06 -1.4882e-06
+0000.00000 -1.7388e-06 -1.4946e-06 -1.5987e-06 -1.3452e-06 -1.5120e-06 -1.4610e-06 -1.5755e-06 -1.6687e-06 -1.3352e-06 -1.6026e-06 -1.4882e-06
-0000.00250 -1.7388e-06 -1.4946e-06 -1.5987e-06 -1.3452e-06 -1.5120e-06 -1.4610e-06 -1.5755e-06 -1.6687e-06 -1.3352e-06 -1.6026e-06 -1.4882e-06
# Vertical Final Position [m]
START
            -0000.00500 -0000.00400 -0000.00300 -0000.00200 -0000.00100 +0000.00000 +0000.00100 +0000.00200 +0000.00300 +0000.00400 +0000.00500
+0000.00250 -3.5045e-06 -5.0311e-06 -6.8195e-06 -3.9627e-06 -5.4839e-06 -5.8923e-06 -5.4864e-06 -4.2955e-06 -5.2058e-06 -5.4298e-06 -6.4848e-06
+0000.00000 -3.5045e-06 -5.0311e-06 -6.8195e-06 -3.9627e-06 -5.4839e-06 -5.8923e-06 -5.4864e-06 -4.2955e-06 -5.2058e-06 -5.4298e-06 -6.4848e-06
-0000.00250 -3.5045e-06 -5.0311e-06 -6.8195e-06 -3.9627e-06 -5.4839e-06 -5.8923e-06 -5.4864e-06 -4.2955e-06 -5.2058e-06 -5.4298e-06 -6.4848e-06
