# Author: FAC idanalysis.IDKickMap
# 
# Total Length of Longitudinal Interval [m]
1.2
# Number of Horizontal Points
11
# Number of Vertical Points
3
# Total Horizontal 2nd Order Kick [T2m2]
START
            -0000.00497 -0000.00398 -0000.00298 -0000.00199 -0000.00099 +0000.00000 +0000.00099 +0000.00199 +0000.00298 +0000.00398 +0000.00497 
+0000.00250 +7.9535e-03 +6.6449e-03 +5.4413e-03 +4.3190e-03 +3.2950e-03 +2.3683e-03 +1.4846e-03 +6.0360e-04 -3.3503e-04 -1.5248e-03 -3.4063e-03 
+0000.00000 +7.9535e-03 +6.6449e-03 +5.4413e-03 +4.3190e-03 +3.2950e-03 +2.3683e-03 +1.4846e-03 +6.0360e-04 -3.3503e-04 -1.5248e-03 -3.4063e-03 
-0000.00250 +7.9535e-03 +6.6449e-03 +5.4413e-03 +4.3190e-03 +3.2950e-03 +2.3683e-03 +1.4846e-03 +6.0360e-04 -3.3503e-04 -1.5248e-03 -3.4063e-03 
# Total Vertical 2nd Order Kick [T2m2]
START
            -0000.00497 -0000.00398 -0000.00298 -0000.00199 -0000.00099 +0000.00000 +0000.00099 +0000.00199 +0000.00298 +0000.00398 +0000.00497 
+0000.00250 -1.6921e-03 -1.1903e-03 -8.5105e-04 -6.6583e-04 -4.4339e-04 -2.3134e-04 -2.3883e-05 +2.5365e-04 +7.3481e-04 +1.5284e-03 +2.6583e-03 
+0000.00000 -1.6921e-03 -1.1903e-03 -8.5105e-04 -6.6583e-04 -4.4339e-04 -2.3134e-04 -2.3883e-05 +2.5365e-04 +7.3481e-04 +1.5284e-03 +2.6583e-03 
-0000.00250 -1.6921e-03 -1.1903e-03 -8.5105e-04 -6.6583e-04 -4.4339e-04 -2.3134e-04 -2.3883e-05 +2.5365e-04 +7.3481e-04 +1.5284e-03 +2.6583e-03 
# Horizontal Final Position [m]
START
            -0000.00497 -0000.00398 -0000.00298 -0000.00199 -0000.00099 +0000.00000 +0000.00099 +0000.00199 +0000.00298 +0000.00398 +0000.00497 
+0000.00250 -4.9194e-03 -3.9324e-03 -2.9454e-03 -1.9578e-03 -9.6957e-04 +1.9627e-05 +1.0092e-03 +1.9987e-03 +2.9876e-03 +3.9743e-03 +4.9551e-03 
+0000.00000 -4.9194e-03 -3.9324e-03 -2.9454e-03 -1.9578e-03 -9.6957e-04 +1.9627e-05 +1.0092e-03 +1.9987e-03 +2.9876e-03 +3.9743e-03 +4.9551e-03 
-0000.00250 -4.9194e-03 -3.9324e-03 -2.9454e-03 -1.9578e-03 -9.6957e-04 +1.9627e-05 +1.0092e-03 +1.9987e-03 +2.9876e-03 +3.9743e-03 +4.9551e-03 
# Vertical Final Position [m]
START
            -0000.00497 -0000.00398 -0000.00298 -0000.00199 -0000.00099 +0000.00000 +0000.00099 +0000.00199 +0000.00298 +0000.00398 +0000.00497 
+0000.00250 +2.4598e-03 +2.4689e-03 +2.4750e-03 +2.4785e-03 +2.4816e-03 +2.4846e-03 +2.4877e-03 +2.4919e-03 +2.4986e-03 +2.5090e-03 +2.5240e-03 
+0000.00000 -4.0216e-05 -3.1118e-05 -2.5031e-05 -2.1522e-05 -1.8425e-05 -1.5438e-05 -1.2343e-05 -8.1470e-06 -1.3852e-06 +8.9554e-06 +2.3971e-05 
-0000.00250 -2.5402e-03 -2.5311e-03 -2.5250e-03 -2.5215e-03 -2.5184e-03 -2.5154e-03 -2.5123e-03 -2.5081e-03 -2.5014e-03 -2.4910e-03 -2.4760e-03 