# Author: FAC idanalysis.IDKickMap
# 
# Total Length of Longitudinal Interval [m]
1.2
# Number of Horizontal Points
11
# Number of Vertical Points
3
# Total Horizontal 2nd Order Kick [T2m2]
START
            -0000.00497 -0000.00398 -0000.00298 -0000.00199 -0000.00099 +0000.00000 +0000.00099 +0000.00199 +0000.00298 +0000.00398 +0000.00497 
+0000.00250 +9.3242e-03 +7.8900e-03 +6.4723e-03 +5.1831e-03 +3.9650e-03 +2.8108e-03 +1.7647e-03 +7.5877e-04 -2.2669e-04 -1.3261e-03 -2.7793e-03 
+0000.00000 +9.3242e-03 +7.8900e-03 +6.4723e-03 +5.1831e-03 +3.9650e-03 +2.8108e-03 +1.7647e-03 +7.5877e-04 -2.2669e-04 -1.3261e-03 -2.7793e-03 
-0000.00250 +9.3242e-03 +7.8900e-03 +6.4723e-03 +5.1831e-03 +3.9650e-03 +2.8108e-03 +1.7647e-03 +7.5877e-04 -2.2669e-04 -1.3261e-03 -2.7793e-03 
# Total Vertical 2nd Order Kick [T2m2]
START
            -0000.00497 -0000.00398 -0000.00298 -0000.00199 -0000.00099 +0000.00000 +0000.00099 +0000.00199 +0000.00298 +0000.00398 +0000.00497 
+0000.00250 +7.1823e-04 -1.8601e-03 -8.3869e-04 -1.3905e-03 -1.2230e-03 -9.7271e-04 -7.3153e-04 -4.3356e-04 +4.3935e-05 +6.8336e-04 +1.6696e-03 
+0000.00000 +7.1823e-04 -1.8601e-03 -8.3869e-04 -1.3905e-03 -1.2230e-03 -9.7271e-04 -7.3153e-04 -4.3356e-04 +4.3935e-05 +6.8336e-04 +1.6696e-03 
-0000.00250 +7.1823e-04 -1.8601e-03 -8.3869e-04 -1.3905e-03 -1.2230e-03 -9.7271e-04 -7.3153e-04 -4.3356e-04 +4.3935e-05 +6.8336e-04 +1.6696e-03 
# Horizontal Final Position [m]
START
            -0000.00497 -0000.00398 -0000.00298 -0000.00199 -0000.00099 +0000.00000 +0000.00099 +0000.00199 +0000.00298 +0000.00398 +0000.00497 
+0000.00250 -4.9124e-03 -3.9272e-03 -2.9426e-03 -1.9569e-03 -9.7055e-04 +1.6547e-05 +1.0048e-03 +1.9934e-03 +2.9823e-03 +3.9703e-03 +4.9555e-03 
+0000.00000 -4.9124e-03 -3.9272e-03 -2.9426e-03 -1.9569e-03 -9.7055e-04 +1.6547e-05 +1.0048e-03 +1.9934e-03 +2.9823e-03 +3.9703e-03 +4.9555e-03 
-0000.00250 -4.9124e-03 -3.9272e-03 -2.9426e-03 -1.9569e-03 -9.7055e-04 +1.6547e-05 +1.0048e-03 +1.9934e-03 +2.9823e-03 +3.9703e-03 +4.9555e-03 
# Vertical Final Position [m]
START
            -0000.00497 -0000.00398 -0000.00298 -0000.00199 -0000.00099 +0000.00000 +0000.00099 +0000.00199 +0000.00298 +0000.00398 +0000.00497 
+0000.00250 +2.5065e-03 +2.4830e-03 +2.4909e-03 +2.4864e-03 +2.4872e-03 +2.4889e-03 +2.4908e-03 +2.4940e-03 +2.4996e-03 +2.5079e-03 +2.5213e-03 
+0000.00000 +6.4774e-06 -1.6982e-05 -9.0778e-06 -1.3646e-05 -1.2791e-05 -1.1145e-05 -9.2370e-06 -6.0137e-06 -3.6461e-07 +7.9089e-06 +2.1316e-05 
-0000.00250 -2.4935e-03 -2.5170e-03 -2.5091e-03 -2.5136e-03 -2.5128e-03 -2.5111e-03 -2.5092e-03 -2.5060e-03 -2.5004e-03 -2.4921e-03 -2.4787e-03 