# Author: FAC idanalysis.IDKickMap
# 
# Total Length of Longitudinal Interval [m]
1.2
# Number of Horizontal Points
11
# Number of Vertical Points
3
# Total Horizontal 2nd Order Kick [T2m2]
START
            -0000.00497 -0000.00398 -0000.00298 -0000.00199 -0000.00099 +0000.00000 +0000.00099 +0000.00199 +0000.00298 +0000.00398 +0000.00497 
+0000.00250 +7.2976e-03 +6.0092e-03 +4.7522e-03 +3.4871e-03 +2.2569e-03 +1.0920e-03 -7.7317e-05 -1.1828e-03 -2.3370e-03 -3.6443e-03 -5.4646e-03 
+0000.00000 +7.2976e-03 +6.0092e-03 +4.7522e-03 +3.4871e-03 +2.2569e-03 +1.0920e-03 -7.7317e-05 -1.1828e-03 -2.3370e-03 -3.6443e-03 -5.4646e-03 
-0000.00250 +7.2976e-03 +6.0092e-03 +4.7522e-03 +3.4871e-03 +2.2569e-03 +1.0920e-03 -7.7317e-05 -1.1828e-03 -2.3370e-03 -3.6443e-03 -5.4646e-03 
# Total Vertical 2nd Order Kick [T2m2]
START
            -0000.00497 -0000.00398 -0000.00298 -0000.00199 -0000.00099 +0000.00000 +0000.00099 +0000.00199 +0000.00298 +0000.00398 +0000.00497 
+0000.00250 -2.3043e-03 -1.6753e-03 -1.2973e-03 -1.0032e-03 -7.4567e-04 -3.8892e-04 +8.8803e-05 +3.7080e-04 +8.6680e-04 +1.4932e-03 +2.2636e-03 
+0000.00000 -2.3043e-03 -1.6753e-03 -1.2973e-03 -1.0032e-03 -7.4567e-04 -3.8892e-04 +8.8803e-05 +3.7080e-04 +8.6680e-04 +1.4932e-03 +2.2636e-03 
-0000.00250 -2.3043e-03 -1.6753e-03 -1.2973e-03 -1.0032e-03 -7.4567e-04 -3.8892e-04 +8.8803e-05 +3.7080e-04 +8.6680e-04 +1.4932e-03 +2.2636e-03 
# Horizontal Final Position [m]
START
            -0000.00497 -0000.00398 -0000.00298 -0000.00199 -0000.00099 +0000.00000 +0000.00099 +0000.00199 +0000.00298 +0000.00398 +0000.00497 
+0000.00250 -4.9225e-03 -3.9363e-03 -2.9507e-03 -1.9652e-03 -9.7956e-04 +6.9829e-06 +9.9367e-04 +1.9810e-03 +2.9679e-03 +3.9534e-03 +4.9346e-03 
+0000.00000 -4.9225e-03 -3.9363e-03 -2.9507e-03 -1.9652e-03 -9.7956e-04 +6.9829e-06 +9.9367e-04 +1.9810e-03 +2.9679e-03 +3.9534e-03 +4.9346e-03 
-0000.00250 -4.9225e-03 -3.9363e-03 -2.9507e-03 -1.9652e-03 -9.7956e-04 +6.9829e-06 +9.9367e-04 +1.9810e-03 +2.9679e-03 +3.9534e-03 +4.9346e-03 
# Vertical Final Position [m]
START
            -0000.00497 -0000.00398 -0000.00298 -0000.00199 -0000.00099 +0000.00000 +0000.00099 +0000.00199 +0000.00298 +0000.00398 +0000.00497 
+0000.00250 +2.4581e-03 +2.4686e-03 +2.4749e-03 +2.4793e-03 +2.4828e-03 +2.4865e-03 +2.4920e-03 +2.4960e-03 +2.5025e-03 +2.5113e-03 +2.5232e-03 
+0000.00000 -4.1937e-05 -3.1428e-05 -2.5109e-05 -2.0666e-05 -1.7202e-05 -1.3535e-05 -8.0107e-06 -3.9961e-06 +2.4727e-06 +1.1335e-05 +2.3225e-05 
-0000.00250 -2.5419e-03 -2.5314e-03 -2.5251e-03 -2.5207e-03 -2.5172e-03 -2.5135e-03 -2.5080e-03 -2.5040e-03 -2.4975e-03 -2.4887e-03 -2.4768e-03 