# Author: FAC idanalysis.IDKickMap
# 
# Total Length of Longitudinal Interval [m]
1.2
# Number of Horizontal Points
11
# Number of Vertical Points
3
# Total Horizontal 2nd Order Kick [T2m2]
START
            -0000.00497 -0000.00398 -0000.00298 -0000.00199 -0000.00099 +0000.00000 +0000.00099 +0000.00199 +0000.00298 +0000.00398 +0000.00497 
+0000.00250 +4.1788e-03 +3.8401e-03 +3.2463e-03 +2.6065e-03 +1.9532e-03 +1.3540e-03 +8.4296e-04 +3.9633e-04 +7.0432e-06 -4.7261e-04 -1.3177e-03 
+0000.00000 +4.1788e-03 +3.8401e-03 +3.2463e-03 +2.6065e-03 +1.9532e-03 +1.3540e-03 +8.4296e-04 +3.9633e-04 +7.0432e-06 -4.7261e-04 -1.3177e-03 
-0000.00250 +4.1788e-03 +3.8401e-03 +3.2463e-03 +2.6065e-03 +1.9532e-03 +1.3540e-03 +8.4296e-04 +3.9633e-04 +7.0432e-06 -4.7261e-04 -1.3177e-03 
# Total Vertical 2nd Order Kick [T2m2]
START
            -0000.00497 -0000.00398 -0000.00298 -0000.00199 -0000.00099 +0000.00000 +0000.00099 +0000.00199 +0000.00298 +0000.00398 +0000.00497 
+0000.00250 +4.2555e-04 +6.6142e-04 +7.5358e-04 +3.5406e-03 +4.0707e-03 +3.5006e-04 -3.1386e-03 +1.5767e-04 +5.3700e-04 +9.8298e-04 +1.8782e-03 
+0000.00000 +4.2555e-04 +6.6142e-04 +7.5358e-04 +3.5406e-03 +4.0707e-03 +3.5006e-04 -3.1386e-03 +1.5767e-04 +5.3700e-04 +9.8298e-04 +1.8782e-03 
-0000.00250 +4.2555e-04 +6.6142e-04 +7.5358e-04 +3.5406e-03 +4.0707e-03 +3.5006e-04 -3.1386e-03 +1.5767e-04 +5.3700e-04 +9.8298e-04 +1.8782e-03 
# Horizontal Final Position [m]
START
            -0000.00497 -0000.00398 -0000.00298 -0000.00199 -0000.00099 +0000.00000 +0000.00099 +0000.00199 +0000.00298 +0000.00398 +0000.00497 
+0000.00250 -4.9585e-03 -3.9625e-03 -2.9695e-03 -1.9772e-03 -9.8505e-04 +7.4408e-06 +1.0006e-03 +1.9942e-03 +2.9881e-03 +3.9813e-03 +4.9714e-03 
+0000.00000 -4.9585e-03 -3.9625e-03 -2.9695e-03 -1.9772e-03 -9.8505e-04 +7.4408e-06 +1.0006e-03 +1.9942e-03 +2.9881e-03 +3.9813e-03 +4.9714e-03 
-0000.00250 -4.9585e-03 -3.9625e-03 -2.9695e-03 -1.9772e-03 -9.8505e-04 +7.4408e-06 +1.0006e-03 +1.9942e-03 +2.9881e-03 +3.9813e-03 +4.9714e-03 
# Vertical Final Position [m]
START
            -0000.00497 -0000.00398 -0000.00298 -0000.00199 -0000.00099 +0000.00000 +0000.00099 +0000.00199 +0000.00298 +0000.00398 +0000.00497 
+0000.00250 +2.4862e-03 +2.4908e-03 +2.4940e-03 +2.5209e-03 +2.5244e-03 +2.4919e-03 +2.4618e-03 +2.4947e-03 +2.4985e-03 +2.5062e-03 +2.5199e-03 
+0000.00000 -1.3799e-05 -9.1518e-06 -5.9915e-06 +2.0929e-05 +2.4402e-05 -8.0786e-06 -3.8157e-05 -5.2704e-06 -1.4517e-06 +6.1778e-06 +1.9883e-05 
-0000.00250 -2.5138e-03 -2.5092e-03 -2.5060e-03 -2.4791e-03 -2.4756e-03 -2.5081e-03 -2.5382e-03 -2.5053e-03 -2.5015e-03 -2.4938e-03 -2.4801e-03 