# Author: FAC idanalysis.IDKickMap
#
# Total Length of Longitudinal Interval [m]
1.2
# Number of Horizontal Points
11
# Number of Vertical Points
3
# Total Horizontal 2nd Order Kick [T2m2]
START
            -0000.00500 -0000.00400 -0000.00300 -0000.00200 -0000.00100 +0000.00000 +0000.00100 +0000.00200 +0000.00300 +0000.00400 +0000.00500
+0000.00250 +7.8214e-03 +7.6594e-03 +6.5194e-03 +5.4008e-03 +4.3266e-03 +3.2940e-03 +2.2994e-03 +1.2865e-03 +2.1915e-04 -1.0518e-03 +6.7523e-04
+0000.00000 +7.8214e-03 +7.6594e-03 +6.5194e-03 +5.4008e-03 +4.3266e-03 +3.2940e-03 +2.2994e-03 +1.2865e-03 +2.1915e-04 -1.0518e-03 +6.7523e-04
-0000.00250 +7.8214e-03 +7.6594e-03 +6.5194e-03 +5.4008e-03 +4.3266e-03 +3.2940e-03 +2.2994e-03 +1.2865e-03 +2.1915e-04 -1.0518e-03 +6.7523e-04
# Total Vertical 2nd Order Kick [T2m2]
START
            -0000.00500 -0000.00400 -0000.00300 -0000.00200 -0000.00100 +0000.00000 +0000.00100 +0000.00200 +0000.00300 +0000.00400 +0000.00500
+0000.00250 -1.3749e-03 -7.1510e-04 -3.3686e-04 +1.3861e-06 +2.8467e-04 +5.7908e-04 +9.5008e-04 +1.4030e-03 +2.1224e-03 +3.0977e-03 +4.4682e-03
+0000.00000 -1.3749e-03 -7.1510e-04 -3.3686e-04 +1.3861e-06 +2.8467e-04 +5.7908e-04 +9.5008e-04 +1.4030e-03 +2.1224e-03 +3.0977e-03 +4.4682e-03
-0000.00250 -1.3749e-03 -7.1510e-04 -3.3686e-04 +1.3861e-06 +2.8467e-04 +5.7908e-04 +9.5008e-04 +1.4030e-03 +2.1224e-03 +3.0977e-03 +4.4682e-03
# Horizontal Final Position [m]
START
            -0000.00500 -0000.00400 -0000.00300 -0000.00200 -0000.00100 +0000.00000 +0000.00100 +0000.00200 +0000.00300 +0000.00400 +0000.00500
+0000.00250 -1.4336e-06 -1.3140e-06 -1.4865e-06 -1.5791e-06 -1.4612e-06 -1.4893e-06 -1.4252e-06 -1.6770e-06 -1.4167e-06 -1.4023e-06 -1.6151e-06
+0000.00000 -1.4336e-06 -1.3140e-06 -1.4865e-06 -1.5791e-06 -1.4612e-06 -1.4893e-06 -1.4252e-06 -1.6770e-06 -1.4167e-06 -1.4023e-06 -1.6151e-06
-0000.00250 -1.4336e-06 -1.3140e-06 -1.4865e-06 -1.5791e-06 -1.4612e-06 -1.4893e-06 -1.4252e-06 -1.6770e-06 -1.4167e-06 -1.4023e-06 -1.6151e-06
# Vertical Final Position [m]
START
            -0000.00500 -0000.00400 -0000.00300 -0000.00200 -0000.00100 +0000.00000 +0000.00100 +0000.00200 +0000.00300 +0000.00400 +0000.00500
+0000.00250 -5.3241e-06 -5.2868e-06 -6.3249e-06 -4.8330e-06 -4.7084e-06 -5.1338e-06 -6.6225e-06 -5.5718e-06 -4.2568e-06 -5.3089e-06 -6.0495e-06
+0000.00000 -5.3241e-06 -5.2868e-06 -6.3249e-06 -4.8330e-06 -4.7084e-06 -5.1338e-06 -6.6225e-06 -5.5718e-06 -4.2568e-06 -5.3089e-06 -6.0495e-06
-0000.00250 -5.3241e-06 -5.2868e-06 -6.3249e-06 -4.8330e-06 -4.7084e-06 -5.1338e-06 -6.6225e-06 -5.5718e-06 -4.2568e-06 -5.3089e-06 -6.0495e-06
