# Author: FAC idanalysis.IDKickMap
# Termination_kicks [T2m2]: +0.0000e+00 +0.0000e+00 +0.0000e+00 +0.0000e+00 
# Total Length of Longitudinal Interval [m]
1.2
# Number of Horizontal Points
11
# Number of Vertical Points
7
# Total Horizontal 2nd Order Kick [T2m2]
START
            -0000.00400 -0000.00320 -0000.00240 -0000.00160 -0000.00080 +0000.00000 +0000.00080 +0000.00160 +0000.00240 +0000.00320 +0000.00400 
+0000.00250 +3.7993e-03 +2.7639e-03 +1.8948e-03 +1.1529e-03 +5.1373e-04 -3.7840e-05 -5.1337e-04 -9.2610e-04 -1.2947e-03 -1.6442e-03 -2.0089e-03 
+0000.00167 +3.6357e-03 +2.6084e-03 +1.7663e-03 +1.0651e-03 +4.7673e-04 -1.7610e-05 -4.3272e-04 -7.8226e-04 -1.0807e-03 -1.3437e-03 -1.5902e-03 
+0000.00083 +3.5325e-03 +2.5145e-03 +1.6907e-03 +1.0146e-03 +4.5643e-04 -4.5500e-06 -3.8363e-04 -6.9365e-04 -9.4514e-04 -1.1454e-03 -1.2967e-03 
+0000.00000 +3.4962e-03 +2.4827e-03 +1.6656e-03 +9.9813e-04 +4.4983e-04 +0.0000e+00 -3.6704e-04 -6.6351e-04 -8.9837e-04 -1.0754e-03 -1.1892e-03 
-0000.00083 +3.5319e-03 +2.5140e-03 +1.6903e-03 +1.0144e-03 +4.5623e-04 -4.5200e-06 -3.8348e-04 -6.9339e-04 -9.4477e-04 -1.1449e-03 -1.2960e-03 
-0000.00167 +3.6345e-03 +2.6073e-03 +1.7655e-03 +1.0646e-03 +4.7653e-04 -1.7590e-05 -4.3246e-04 -7.8179e-04 -1.0800e-03 -1.3428e-03 -1.5891e-03 
-0000.00250 +3.7974e-03 +2.7623e-03 +1.8934e-03 +1.1520e-03 +5.1333e-04 -3.7890e-05 -5.1307e-04 -9.2552e-04 -1.2939e-03 -1.6432e-03 -2.0078e-03 
# Total Vertical 2nd Order Kick [T2m2]
START
            -0000.00400 -0000.00320 -0000.00240 -0000.00160 -0000.00080 +0000.00000 +0000.00080 +0000.00160 +0000.00240 +0000.00320 +0000.00400 
+0000.00250 -1.8665e-03 -1.6818e-03 -1.5156e-03 -1.3873e-03 -1.3120e-03 -1.3003e-03 -1.3577e-03 -1.4856e-03 -1.6866e-03 -1.9691e-03 -2.3524e-03 
+0000.00167 -1.2074e-03 -1.0823e-03 -9.7308e-04 -8.9112e-04 -8.4451e-04 -8.3895e-04 -8.7806e-04 -9.6487e-04 -1.1048e-03 -1.3096e-03 -1.6038e-03 
+0000.00083 -5.9487e-04 -5.3038e-04 -4.7591e-04 -4.3581e-04 -4.1346e-04 -4.1135e-04 -4.3135e-04 -4.7558e-04 -5.4800e-04 -6.5703e-04 -8.2046e-04 
+0000.00000 +2.0163e-07 +1.1276e-07 +8.4390e-08 +6.7300e-08 +4.0980e-08 +0.0000e+00 -5.4320e-08 -1.1923e-07 -1.9417e-07 -2.8330e-07 -3.9854e-07 
-0000.00083 +5.9514e-04 +5.3050e-04 +4.7600e-04 +4.3588e-04 +4.1350e-04 +4.1132e-04 +4.3122e-04 +4.7533e-04 +5.4762e-04 +6.5649e-04 +8.1975e-04 
-0000.00167 +1.2072e-03 +1.0820e-03 +9.7291e-04 +8.9100e-04 +8.4441e-04 +8.3881e-04 +8.7785e-04 +9.6458e-04 +1.1043e-03 +1.3090e-03 +1.6031e-03 
-0000.00250 +1.8655e-03 +1.6809e-03 +1.5149e-03 +1.3868e-03 +1.3115e-03 +1.2999e-03 +1.3572e-03 +1.4851e-03 +1.6860e-03 +1.9685e-03 +2.3518e-03 
# Horizontal Final Position [m]
START
            -0000.00400 -0000.00320 -0000.00240 -0000.00160 -0000.00080 +0000.00000 +0000.00080 +0000.00160 +0000.00240 +0000.00320 +0000.00400 
+0000.00250 -3.9498e-03 -3.1615e-03 -2.3713e-03 -1.5797e-03 -7.8685e-04 +6.9545e-06 +8.0163e-04 +1.5970e-03 +2.3929e-03 +3.1891e-03 +3.9850e-03 
+0000.00167 -3.9511e-03 -3.1627e-03 -2.3722e-03 -1.5801e-03 -7.8679e-04 +7.6414e-06 +8.0298e-04 +1.5991e-03 +2.3957e-03 +3.1928e-03 +3.9901e-03 
+0000.00083 -3.9517e-03 -3.1632e-03 -2.3726e-03 -1.5802e-03 -7.8654e-04 +8.2420e-06 +8.0396e-04 +1.6005e-03 +2.3976e-03 +3.1954e-03 +3.9937e-03 
+0000.00000 -3.9515e-03 -3.1630e-03 -2.3723e-03 -1.5799e-03 -7.8614e-04 +8.7436e-06 +8.0457e-04 +1.6012e-03 +2.3985e-03 +3.1965e-03 +3.9952e-03 
-0000.00083 -3.9504e-03 -3.1621e-03 -2.3715e-03 -1.5792e-03 -7.8558e-04 +9.1423e-06 +8.0480e-04 +1.6012e-03 +2.3984e-03 +3.1960e-03 +3.9943e-03 
-0000.00167 -3.9486e-03 -3.1604e-03 -2.3701e-03 -1.5781e-03 -7.8487e-04 +9.4455e-06 +8.0466e-04 +1.6006e-03 +2.3972e-03 +3.1941e-03 +3.9912e-03 
-0000.00250 -3.9462e-03 -3.1581e-03 -2.3681e-03 -1.5766e-03 -7.8397e-04 +9.6714e-06 +8.0417e-04 +1.5994e-03 +2.3951e-03 +3.1910e-03 +3.9868e-03 
# Vertical Final Position [m]
START
            -0000.00400 -0000.00320 -0000.00240 -0000.00160 -0000.00080 +0000.00000 +0000.00080 +0000.00160 +0000.00240 +0000.00320 +0000.00400 
+0000.00250 +2.4845e-03 +2.4861e-03 +2.4875e-03 +2.4885e-03 +2.4889e-03 +2.4886e-03 +2.4876e-03 +2.4858e-03 +2.4832e-03 +2.4797e-03 +2.4751e-03 
+0000.00167 +1.6587e-03 +1.6596e-03 +1.6604e-03 +1.6608e-03 +1.6609e-03 +1.6606e-03 +1.6598e-03 +1.6584e-03 +1.6565e-03 +1.6539e-03 +1.6503e-03 
+0000.00083 +8.3238e-04 +8.3256e-04 +8.3269e-04 +8.3268e-04 +8.3251e-04 +8.3213e-04 +8.3154e-04 +8.3070e-04 +8.2957e-04 +8.2805e-04 +8.2594e-04 
+0000.00000 +5.8282e-06 +5.2742e-06 +4.7726e-06 +4.3110e-06 +3.8831e-06 +3.4861e-06 +3.1194e-06 +2.7828e-06 +2.4759e-06 +2.1976e-06 +1.9456e-06 
-0000.00083 -8.2074e-04 -8.2203e-04 -8.2315e-04 -8.2407e-04 -8.2475e-04 -8.2517e-04 -8.2531e-04 -8.2515e-04 -8.2463e-04 -8.2367e-04 -8.2206e-04 
-0000.00167 -1.6471e-03 -1.6491e-03 -1.6508e-03 -1.6522e-03 -1.6532e-03 -1.6537e-03 -1.6536e-03 -1.6529e-03 -1.6517e-03 -1.6496e-03 -1.6465e-03 
-0000.00250 -2.4730e-03 -2.4756e-03 -2.4780e-03 -2.4799e-03 -2.4812e-03 -2.4818e-03 -2.4815e-03 -2.4804e-03 -2.4784e-03 -2.4755e-03 -2.4714e-03 