# Author: FAC idanalysis.IDKickMap
# 
# Total Length of Longitudinal Interval [m]
1.2
# Number of Horizontal Points
11
# Number of Vertical Points
7
# Total Horizontal 2nd Order Kick [T2m2]
START
            -0000.00400 -0000.00320 -0000.00240 -0000.00160 -0000.00080 +0000.00000 +0000.00080 +0000.00160 +0000.00240 +0000.00320 +0000.00400 
+0000.00250 +3.0285e-03 +2.2484e-03 +1.5606e-03 +9.3101e-04 +3.3677e-04 -2.3868e-04 -8.0919e-04 -1.3889e-03 -1.9951e-03 -2.6516e-03 -3.3938e-03 
+0000.00167 +2.7406e-03 +2.0414e-03 +1.4192e-03 +8.4542e-04 +3.0120e-04 -2.2691e-04 -7.5025e-04 -1.2802e-03 -1.8308e-03 -2.4208e-03 -3.0796e-03 
+0000.00083 +2.5296e-03 +1.8963e-03 +1.3222e-03 +7.8704e-04 +2.7660e-04 -2.1986e-04 -7.1158e-04 -1.2078e-03 -1.7194e-03 -2.2606e-03 -2.8509e-03 
+0000.00000 +2.4509e-03 +1.8438e-03 +1.2876e-03 +7.6634e-04 +2.6786e-04 -2.1747e-04 -6.9807e-04 -1.1823e-03 -1.6799e-03 -2.2027e-03 -2.7660e-03 
-0000.00083 +2.5290e-03 +1.8960e-03 +1.3221e-03 +7.8699e-04 +2.7665e-04 -2.1973e-04 -7.1137e-04 -1.2075e-03 -1.7191e-03 -2.2601e-03 -2.8503e-03 
-0000.00167 +2.7397e-03 +2.0408e-03 +1.4190e-03 +8.4537e-04 +3.0133e-04 -2.2664e-04 -7.4984e-04 -1.2797e-03 -1.8301e-03 -2.4200e-03 -3.0785e-03 
-0000.00250 +3.0274e-03 +2.2477e-03 +1.5604e-03 +9.3105e-04 +3.3704e-04 -2.3823e-04 -8.0860e-04 -1.3882e-03 -1.9943e-03 -2.6506e-03 -3.3926e-03 
# Total Vertical 2nd Order Kick [T2m2]
START
            -0000.00400 -0000.00320 -0000.00240 -0000.00160 -0000.00080 +0000.00000 +0000.00080 +0000.00160 +0000.00240 +0000.00320 +0000.00400 
+0000.00250 -3.7690e-03 -3.5143e-03 -3.3321e-03 -3.2126e-03 -3.1491e-03 -3.1373e-03 -3.1759e-03 -3.2659e-03 -3.4112e-03 -3.6193e-03 -3.9010e-03 
+0000.00167 -2.5448e-03 -2.3345e-03 -2.1889e-03 -2.0947e-03 -2.0443e-03 -2.0338e-03 -2.0620e-03 -2.1301e-03 -2.2420e-03 -2.4057e-03 -2.6360e-03 
+0000.00083 -1.2904e-03 -1.1693e-03 -1.0880e-03 -1.0360e-03 -1.0082e-03 -1.0022e-03 -1.0171e-03 -1.0537e-03 -1.1145e-03 -1.2052e-03 -1.3368e-03 
+0000.00000 -4.0436e-06 -3.5350e-06 -3.1924e-06 -2.9625e-06 -2.8168e-06 -2.7390e-06 -2.7202e-06 -2.7578e-06 -2.8563e-06 -3.0302e-06 -3.3128e-06 
-0000.00083 +1.2824e-03 +1.1622e-03 +1.0815e-03 +1.0300e-03 +1.0025e-03 +9.9660e-04 +1.0115e-03 +1.0481e-03 +1.1088e-03 +1.1991e-03 +1.3303e-03 
-0000.00167 +2.5370e-03 +2.3274e-03 +2.1823e-03 +2.0885e-03 +2.0383e-03 +2.0279e-03 +2.0562e-03 +2.1243e-03 +2.2361e-03 +2.3996e-03 +2.6295e-03 
-0000.00250 +3.7612e-03 +3.5069e-03 +3.3251e-03 +3.2059e-03 +3.1425e-03 +3.1309e-03 +3.1696e-03 +3.2596e-03 +3.4049e-03 +3.6129e-03 +3.8945e-03 
# Horizontal Final Position [m]
START
            -0000.00400 -0000.00320 -0000.00240 -0000.00160 -0000.00080 +0000.00000 +0000.00080 +0000.00160 +0000.00240 +0000.00320 +0000.00400 
+0000.00250 -3.9664e-03 -3.1752e-03 -2.3830e-03 -1.5901e-03 -7.9683e-04 -3.3487e-06 +7.9020e-04 +1.5836e-03 +2.3768e-03 +3.1693e-03 +3.9609e-03 
+0000.00167 -3.9693e-03 -3.1772e-03 -2.3843e-03 -1.5908e-03 -7.9700e-04 -3.0010e-06 +7.9105e-04 +1.5850e-03 +2.3788e-03 +3.1721e-03 +3.9646e-03 
+0000.00083 -3.9713e-03 -3.1786e-03 -2.3851e-03 -1.5912e-03 -7.9705e-04 -2.7193e-06 +7.9167e-04 +1.5860e-03 +2.3802e-03 +3.1740e-03 +3.9672e-03 
+0000.00000 -3.9719e-03 -3.1788e-03 -2.3852e-03 -1.5912e-03 -7.9693e-04 -2.4967e-06 +7.9199e-04 +1.5864e-03 +2.3807e-03 +3.1747e-03 +3.9682e-03 
-0000.00083 -3.9706e-03 -3.1779e-03 -2.3845e-03 -1.5907e-03 -7.9660e-04 -2.3277e-06 +7.9200e-04 +1.5863e-03 +2.3804e-03 +3.1741e-03 +3.9673e-03 
-0000.00167 -3.9678e-03 -3.1759e-03 -2.3831e-03 -1.5898e-03 -7.9608e-04 -2.2069e-06 +7.9172e-04 +1.5856e-03 +2.3792e-03 +3.1724e-03 +3.9647e-03 
-0000.00250 -3.9641e-03 -3.1732e-03 -2.3812e-03 -1.5885e-03 -7.9543e-04 -2.1286e-06 +7.9123e-04 +1.5845e-03 +2.3774e-03 +3.1698e-03 +3.9612e-03 
# Vertical Final Position [m]
START
            -0000.00400 -0000.00320 -0000.00240 -0000.00160 -0000.00080 +0000.00000 +0000.00080 +0000.00160 +0000.00240 +0000.00320 +0000.00400 
+0000.00250 +2.4627e-03 +2.4652e-03 +2.4670e-03 +2.4681e-03 +2.4686e-03 +2.4685e-03 +2.4678e-03 +2.4667e-03 +2.4649e-03 +2.4624e-03 +2.4591e-03 
+0000.00167 +1.6434e-03 +1.6454e-03 +1.6468e-03 +1.6476e-03 +1.6479e-03 +1.6478e-03 +1.6473e-03 +1.6464e-03 +1.6450e-03 +1.6431e-03 +1.6404e-03 
+0000.00083 +8.2446e-04 +8.2549e-04 +8.2610e-04 +8.2643e-04 +8.2651e-04 +8.2637e-04 +8.2603e-04 +8.2547e-04 +8.2466e-04 +8.2355e-04 +8.2200e-04 
+0000.00000 +5.8995e-06 +5.5371e-06 +5.2253e-06 +4.9539e-06 +4.7179e-06 +4.5153e-06 +4.3455e-06 +4.2087e-06 +4.1054e-06 +4.0368e-06 +4.0050e-06 
-0000.00083 -8.1266e-04 -8.1441e-04 -8.1565e-04 -8.1652e-04 -8.1708e-04 -8.1735e-04 -8.1735e-04 -8.1707e-04 -8.1647e-04 -8.1550e-04 -8.1403e-04 
-0000.00167 -1.6316e-03 -1.6344e-03 -1.6363e-03 -1.6377e-03 -1.6385e-03 -1.6389e-03 -1.6387e-03 -1.6381e-03 -1.6369e-03 -1.6351e-03 -1.6325e-03 
-0000.00250 -2.4509e-03 -2.4541e-03 -2.4565e-03 -2.4582e-03 -2.4592e-03 -2.4595e-03 -2.4593e-03 -2.4584e-03 -2.4569e-03 -2.4546e-03 -2.4514e-03 