# Author: FAC idanalysis.IDKickMap
# Termination_kicks [T2m2]: +0.0000e+00 +0.0000e+00 +0.0000e+00 +0.0000e+00 
# Total Length of Longitudinal Interval [m]
1.2
# Number of Horizontal Points
11
# Number of Vertical Points
7
# Total Horizontal 2nd Order Kick [T2m2]
START
            -0000.00400 -0000.00320 -0000.00240 -0000.00160 -0000.00080 +0000.00000 +0000.00080 +0000.00160 +0000.00240 +0000.00320 +0000.00400 
+0000.00250 +3.9410e-03 +3.0959e-03 +2.3047e-03 +1.5344e-03 +7.6797e-04 -4.9061e-09 -7.6798e-04 -1.5344e-03 -2.3047e-03 -3.0959e-03 -3.9409e-03 
+0000.00167 +3.6783e-03 +2.8812e-03 +2.1381e-03 +1.4193e-03 +7.0879e-04 -4.8941e-10 -7.0879e-04 -1.4193e-03 -2.1381e-03 -2.8812e-03 -3.6783e-03 
+0000.00083 +3.5008e-03 +2.7427e-03 +2.0338e-03 +1.3486e-03 +6.7287e-04 +7.7063e-10 -6.7286e-04 -1.3486e-03 -2.0338e-03 -2.7427e-03 -3.5008e-03 
+0000.00000 +3.4372e-03 +2.6946e-03 +1.9981e-03 +1.3246e-03 +6.6078e-04 +0.0000e+00 -6.6078e-04 -1.3246e-03 -1.9981e-03 -2.6946e-03 -3.4372e-03 
-0000.00083 +3.5008e-03 +2.7427e-03 +2.0338e-03 +1.3486e-03 +6.7286e-04 -7.6725e-10 -6.7286e-04 -1.3486e-03 -2.0338e-03 -2.7427e-03 -3.5008e-03 
-0000.00167 +3.6783e-03 +2.8812e-03 +2.1381e-03 +1.4193e-03 +7.0879e-04 +4.9735e-10 -7.0878e-04 -1.4193e-03 -2.1381e-03 -2.8812e-03 -3.6783e-03 
-0000.00250 +3.9409e-03 +3.0959e-03 +2.3047e-03 +1.5344e-03 +7.6798e-04 +4.9212e-09 -7.6797e-04 -1.5344e-03 -2.3047e-03 -3.0959e-03 -3.9410e-03 
# Total Vertical 2nd Order Kick [T2m2]
START
            -0000.00400 -0000.00320 -0000.00240 -0000.00160 -0000.00080 +0000.00000 +0000.00080 +0000.00160 +0000.00240 +0000.00320 +0000.00400 
+0000.00250 -2.9198e-03 -2.6587e-03 -2.4458e-03 -2.2859e-03 -2.1858e-03 -2.1516e-03 -2.1858e-03 -2.2859e-03 -2.4458e-03 -2.6588e-03 -2.9199e-03 
+0000.00167 -1.9722e-03 -1.7785e-03 -1.6270e-03 -1.5164e-03 -1.4485e-03 -1.4256e-03 -1.4486e-03 -1.5164e-03 -1.6270e-03 -1.7786e-03 -1.9722e-03 
+0000.00083 -9.9838e-04 -8.9352e-04 -8.1401e-04 -7.5712e-04 -7.2261e-04 -7.1102e-04 -7.2262e-04 -7.5712e-04 -8.1402e-04 -8.9354e-04 -9.9840e-04 
+0000.00000 +5.1066e-09 +6.3773e-09 +4.7482e-09 +2.6453e-09 +1.0611e-09 +0.0000e+00 -1.0521e-09 -2.6145e-09 -4.6809e-09 -6.2557e-09 -4.9156e-09 
-0000.00083 +9.9840e-04 +8.9354e-04 +8.1402e-04 +7.5712e-04 +7.2262e-04 +7.1102e-04 +7.2261e-04 +7.5712e-04 +8.1401e-04 +8.9352e-04 +9.9838e-04 
-0000.00167 +1.9722e-03 +1.7786e-03 +1.6270e-03 +1.5164e-03 +1.4486e-03 +1.4256e-03 +1.4485e-03 +1.5164e-03 +1.6270e-03 +1.7785e-03 +1.9722e-03 
-0000.00250 +2.9199e-03 +2.6588e-03 +2.4458e-03 +2.2859e-03 +2.1858e-03 +2.1516e-03 +2.1858e-03 +2.2859e-03 +2.4458e-03 +2.6587e-03 +2.9198e-03 
# Horizontal Final Position [m]
START
            -0000.00400 -0000.00320 -0000.00240 -0000.00160 -0000.00080 +0000.00000 +0000.00080 +0000.00160 +0000.00240 +0000.00320 +0000.00400 
+0000.00250 -3.9550e-03 -3.1646e-03 -2.3736e-03 -1.5824e-03 -7.9109e-04 +1.8816e-07 +7.9147e-04 +1.5828e-03 +2.3741e-03 +3.1651e-03 +3.9555e-03 
+0000.00167 -3.9581e-03 -3.1671e-03 -2.3756e-03 -1.5838e-03 -7.9183e-04 +1.2724e-07 +7.9208e-04 +1.5840e-03 +2.3759e-03 +3.1675e-03 +3.9584e-03 
+0000.00083 -3.9602e-03 -3.1688e-03 -2.3768e-03 -1.5846e-03 -7.9230e-04 +6.4186e-08 +7.9243e-04 +1.5848e-03 +2.3770e-03 +3.1690e-03 +3.9604e-03 
+0000.00000 -3.9610e-03 -3.1694e-03 -2.3773e-03 -1.5850e-03 -7.9250e-04 +7.3958e-12 +7.9250e-04 +1.5850e-03 +2.3773e-03 +3.1694e-03 +3.9610e-03 
-0000.00083 -3.9604e-03 -3.1690e-03 -2.3770e-03 -1.5848e-03 -7.9243e-04 -6.4172e-08 +7.9230e-04 +1.5846e-03 +2.3768e-03 +3.1688e-03 +3.9602e-03 
-0000.00167 -3.9584e-03 -3.1675e-03 -2.3759e-03 -1.5840e-03 -7.9208e-04 -1.2722e-07 +7.9183e-04 +1.5838e-03 +2.3756e-03 +3.1671e-03 +3.9581e-03 
-0000.00250 -3.9555e-03 -3.1651e-03 -2.3741e-03 -1.5828e-03 -7.9147e-04 -1.8814e-07 +7.9109e-04 +1.5824e-03 +2.3736e-03 +3.1646e-03 +3.9550e-03 
# Vertical Final Position [m]
START
            -0000.00400 -0000.00320 -0000.00240 -0000.00160 -0000.00080 +0000.00000 +0000.00080 +0000.00160 +0000.00240 +0000.00320 +0000.00400 
+0000.00250 +2.4665e-03 +2.4696e-03 +2.4721e-03 +2.4739e-03 +2.4751e-03 +2.4756e-03 +2.4753e-03 +2.4742e-03 +2.4724e-03 +2.4701e-03 +2.4672e-03 
+0000.00167 +1.6440e-03 +1.6462e-03 +1.6480e-03 +1.6493e-03 +1.6502e-03 +1.6505e-03 +1.6503e-03 +1.6496e-03 +1.6484e-03 +1.6467e-03 +1.6446e-03 
+0000.00083 +8.2167e-04 +8.2294e-04 +8.2391e-04 +8.2462e-04 +8.2507e-04 +8.2526e-04 +8.2519e-04 +8.2487e-04 +8.2428e-04 +8.2345e-04 +8.2232e-04 
+0000.00000 -3.2473e-07 -2.5524e-07 -1.8880e-07 -1.2468e-07 -6.1999e-08 +1.6392e-12 +6.2002e-08 +1.2468e-07 +1.8881e-07 +2.5524e-07 +3.2473e-07 
-0000.00083 -8.2232e-04 -8.2345e-04 -8.2428e-04 -8.2487e-04 -8.2519e-04 -8.2526e-04 -8.2507e-04 -8.2462e-04 -8.2391e-04 -8.2294e-04 -8.2167e-04 
-0000.00167 -1.6446e-03 -1.6467e-03 -1.6484e-03 -1.6496e-03 -1.6503e-03 -1.6505e-03 -1.6502e-03 -1.6493e-03 -1.6480e-03 -1.6462e-03 -1.6440e-03 
-0000.00250 -2.4672e-03 -2.4701e-03 -2.4724e-03 -2.4742e-03 -2.4753e-03 -2.4756e-03 -2.4751e-03 -2.4739e-03 -2.4721e-03 -2.4696e-03 -2.4665e-03 