# Author: FAC idanalysis.IDKickMap
# Termination_kicks [T2m2]: +0.0000e+00 +0.0000e+00 +0.0000e+00 +0.0000e+00 
# Total Length of Longitudinal Interval [m]
1.2
# Number of Horizontal Points
11
# Number of Vertical Points
7
# Total Horizontal 2nd Order Kick [T2m2]
START
            -0000.00400 -0000.00320 -0000.00240 -0000.00160 -0000.00080 +0000.00000 +0000.00080 +0000.00160 +0000.00240 +0000.00320 +0000.00400 
+0000.00250 +4.0482e-03 +3.1822e-03 +2.3698e-03 +1.5780e-03 +7.8983e-04 +4.0088e-09 -7.8982e-04 -1.5780e-03 -2.3697e-03 -3.1821e-03 -4.0481e-03 
+0000.00167 +3.7866e-03 +2.9679e-03 +2.2033e-03 +1.4628e-03 +7.3056e-04 +2.1387e-09 -7.3055e-04 -1.4628e-03 -2.2032e-03 -2.9679e-03 -3.7866e-03 
+0000.00083 +3.6100e-03 +2.8298e-03 +2.0991e-03 +1.3921e-03 +6.9463e-04 +7.8070e-10 -6.9462e-04 -1.3921e-03 -2.0991e-03 -2.8298e-03 -3.6099e-03 
+0000.00000 +3.5468e-03 +2.7819e-03 +2.0635e-03 +1.3682e-03 +6.8254e-04 +0.0000e+00 -6.8254e-04 -1.3682e-03 -2.0635e-03 -2.7819e-03 -3.5468e-03 
-0000.00083 +3.6099e-03 +2.8298e-03 +2.0991e-03 +1.3921e-03 +6.9462e-04 -7.7223e-10 -6.9462e-04 -1.3921e-03 -2.0991e-03 -2.8298e-03 -3.6100e-03 
-0000.00167 +3.7866e-03 +2.9679e-03 +2.2033e-03 +1.4628e-03 +7.3056e-04 -2.1100e-09 -7.3056e-04 -1.4628e-03 -2.2033e-03 -2.9679e-03 -3.7866e-03 
-0000.00250 +4.0481e-03 +3.1821e-03 +2.3697e-03 +1.5780e-03 +7.8982e-04 -3.9475e-09 -7.8983e-04 -1.5780e-03 -2.3698e-03 -3.1822e-03 -4.0482e-03 
# Total Vertical 2nd Order Kick [T2m2]
START
            -0000.00400 -0000.00320 -0000.00240 -0000.00160 -0000.00080 +0000.00000 +0000.00080 +0000.00160 +0000.00240 +0000.00320 +0000.00400 
+0000.00250 -2.8513e-03 -2.5909e-03 -2.3781e-03 -2.2181e-03 -2.1178e-03 -2.0836e-03 -2.1178e-03 -2.2181e-03 -2.3781e-03 -2.5909e-03 -2.8513e-03 
+0000.00167 -1.9259e-03 -1.7329e-03 -1.5816e-03 -1.4711e-03 -1.4032e-03 -1.3803e-03 -1.4032e-03 -1.4711e-03 -1.5816e-03 -1.7329e-03 -1.9258e-03 
+0000.00083 -9.7502e-04 -8.7060e-04 -7.9128e-04 -7.3445e-04 -6.9995e-04 -6.8835e-04 -6.9995e-04 -7.3444e-04 -7.9127e-04 -8.7057e-04 -9.7498e-04 
+0000.00000 -1.8932e-08 -1.2186e-08 -5.3518e-09 -1.0359e-09 +3.9300e-10 +0.0000e+00 -3.9593e-10 +1.0204e-09 +5.3199e-09 +1.2129e-08 +1.8843e-08 
-0000.00083 +9.7498e-04 +8.7057e-04 +7.9127e-04 +7.3444e-04 +6.9995e-04 +6.8835e-04 +6.9995e-04 +7.3445e-04 +7.9128e-04 +8.7060e-04 +9.7502e-04 
-0000.00167 +1.9258e-03 +1.7329e-03 +1.5816e-03 +1.4711e-03 +1.4032e-03 +1.3803e-03 +1.4032e-03 +1.4711e-03 +1.5816e-03 +1.7329e-03 +1.9259e-03 
-0000.00250 +2.8513e-03 +2.5909e-03 +2.3781e-03 +2.2181e-03 +2.1178e-03 +2.0836e-03 +2.1178e-03 +2.2181e-03 +2.3781e-03 +2.5909e-03 +2.8513e-03 
# Horizontal Final Position [m]
START
            -0000.00400 -0000.00320 -0000.00240 -0000.00160 -0000.00080 +0000.00000 +0000.00080 +0000.00160 +0000.00240 +0000.00320 +0000.00400 
+0000.00250 -3.9537e-03 -3.1637e-03 -2.3730e-03 -1.5821e-03 -7.9113e-04 -1.9696e-07 +7.9073e-04 +1.5817e-03 +2.3726e-03 +3.1633e-03 +3.9533e-03 
+0000.00167 -3.9567e-03 -3.1661e-03 -2.3748e-03 -1.5833e-03 -7.9174e-04 -1.2995e-07 +7.9148e-04 +1.5831e-03 +2.3746e-03 +3.1658e-03 +3.9564e-03 
+0000.00083 -3.9586e-03 -3.1676e-03 -2.3760e-03 -1.5841e-03 -7.9209e-04 -6.4581e-08 +7.9196e-04 +1.5840e-03 +2.3758e-03 +3.1674e-03 +3.9585e-03 
+0000.00000 -3.9593e-03 -3.1681e-03 -2.3763e-03 -1.5843e-03 -7.9216e-04 +1.6334e-11 +7.9216e-04 +1.5843e-03 +2.3763e-03 +3.1681e-03 +3.9593e-03 
-0000.00083 -3.9585e-03 -3.1674e-03 -2.3758e-03 -1.5840e-03 -7.9196e-04 +6.4614e-08 +7.9209e-04 +1.5841e-03 +2.3760e-03 +3.1676e-03 +3.9586e-03 
-0000.00167 -3.9564e-03 -3.1658e-03 -2.3746e-03 -1.5831e-03 -7.9148e-04 +1.2998e-07 +7.9174e-04 +1.5833e-03 +2.3748e-03 +3.1661e-03 +3.9567e-03 
-0000.00250 -3.9533e-03 -3.1633e-03 -2.3726e-03 -1.5817e-03 -7.9073e-04 +1.9699e-07 +7.9113e-04 +1.5821e-03 +2.3730e-03 +3.1637e-03 +3.9537e-03 
# Vertical Final Position [m]
START
            -0000.00400 -0000.00320 -0000.00240 -0000.00160 -0000.00080 +0000.00000 +0000.00080 +0000.00160 +0000.00240 +0000.00320 +0000.00400 
+0000.00250 +2.4676e-03 +2.4705e-03 +2.4729e-03 +2.4747e-03 +2.4758e-03 +2.4761e-03 +2.4756e-03 +2.4744e-03 +2.4725e-03 +2.4700e-03 +2.4669e-03 
+0000.00167 +1.6449e-03 +1.6470e-03 +1.6487e-03 +1.6499e-03 +1.6506e-03 +1.6508e-03 +1.6505e-03 +1.6496e-03 +1.6483e-03 +1.6465e-03 +1.6442e-03 
+0000.00083 +8.2243e-04 +8.2358e-04 +8.2443e-04 +8.2503e-04 +8.2536e-04 +8.2543e-04 +8.2524e-04 +8.2478e-04 +8.2407e-04 +8.2310e-04 +8.2184e-04 
+0000.00000 +2.8972e-07 +2.3703e-07 +1.8096e-07 +1.2224e-07 +6.1619e-08 -2.7924e-12 -6.1625e-08 -1.2225e-07 -1.8097e-07 -2.3703e-07 -2.8972e-07 
-0000.00083 -8.2184e-04 -8.2310e-04 -8.2407e-04 -8.2478e-04 -8.2524e-04 -8.2543e-04 -8.2536e-04 -8.2503e-04 -8.2443e-04 -8.2358e-04 -8.2243e-04 
-0000.00167 -1.6442e-03 -1.6465e-03 -1.6483e-03 -1.6496e-03 -1.6505e-03 -1.6508e-03 -1.6506e-03 -1.6499e-03 -1.6487e-03 -1.6470e-03 -1.6449e-03 
-0000.00250 -2.4669e-03 -2.4700e-03 -2.4725e-03 -2.4744e-03 -2.4756e-03 -2.4761e-03 -2.4758e-03 -2.4747e-03 -2.4729e-03 -2.4705e-03 -2.4676e-03 