# Author: FAC idanalysis.IDKickMap
# Termination_kicks [T2m2]: +0.0000e+00 +0.0000e+00 +0.0000e+00 +0.0000e+00 
# Total Length of Longitudinal Interval [m]
1.2
# Number of Horizontal Points
11
# Number of Vertical Points
7
# Total Horizontal 2nd Order Kick [T2m2]
START
            -0000.00400 -0000.00320 -0000.00240 -0000.00160 -0000.00080 +0000.00000 +0000.00080 +0000.00160 +0000.00240 +0000.00320 +0000.00400 
+0000.00250 +4.9396e-03 +3.8097e-03 +2.7915e-03 +1.8350e-03 +9.0700e-04 -1.0422e-05 -9.2569e-04 -1.8473e-03 -2.7935e-03 -3.7977e-03 -4.9104e-03 
+0000.00167 +4.7843e-03 +3.6325e-03 +2.6261e-03 +1.7083e-03 +8.4034e-04 -4.6480e-06 -8.4753e-04 -1.7091e-03 -2.6166e-03 -3.6087e-03 -4.7421e-03 
+0000.00083 +4.7043e-03 +3.5386e-03 +2.5384e-03 +1.6417e-03 +8.0585e-04 -1.1780e-06 -8.0610e-04 -1.6357e-03 -2.5218e-03 -3.5073e-03 -4.6536e-03 
+0000.00000 +4.6794e-03 +3.5094e-03 +2.5110e-03 +1.6211e-03 +7.9521e-04 +0.0000e+00 -7.9310e-04 -1.6126e-03 -2.4920e-03 -3.4754e-03 -4.6257e-03 
-0000.00083 +4.7043e-03 +3.5387e-03 +2.5384e-03 +1.6418e-03 +8.0590e-04 -1.1130e-06 -8.0602e-04 -1.6356e-03 -2.5217e-03 -3.5072e-03 -4.6535e-03 
-0000.00167 +4.7844e-03 +3.6326e-03 +2.6262e-03 +1.7084e-03 +8.4045e-04 -4.5160e-06 -8.4737e-04 -1.7090e-03 -2.6164e-03 -3.6085e-03 -4.7419e-03 
-0000.00250 +4.9398e-03 +3.8098e-03 +2.7916e-03 +1.8351e-03 +9.0717e-04 -1.0214e-05 -9.2545e-04 -1.8470e-03 -2.7932e-03 -3.7974e-03 -4.9101e-03 
# Total Vertical 2nd Order Kick [T2m2]
START
            -0000.00400 -0000.00320 -0000.00240 -0000.00160 -0000.00080 +0000.00000 +0000.00080 +0000.00160 +0000.00240 +0000.00320 +0000.00400 
+0000.00250 -3.8725e-04 -1.7629e-04 +3.8526e-05 +2.2256e-04 +3.4554e-04 +3.8497e-04 +3.3237e-04 +1.9635e-04 -5.5608e-07 -2.2830e-04 -4.5276e-04 
+0000.00167 -1.9856e-04 -7.8759e-05 +4.5017e-05 +1.5014e-04 +2.1929e-04 +2.4082e-04 +2.1055e-04 +1.3268e-04 +1.8803e-05 -1.1398e-04 -2.4348e-04 
+0000.00083 -8.1833e-05 -2.7783e-05 +2.8437e-05 +7.6058e-05 +1.0716e-04 +1.1667e-04 +1.0281e-04 +6.7364e-05 +1.5331e-05 -4.5490e-05 -1.0459e-04 
+0000.00000 -6.6410e-08 -6.8280e-08 -6.0567e-08 -4.6436e-08 -2.6381e-08 +0.0000e+00 +3.3548e-08 +7.6047e-08 +1.3188e-07 +2.1137e-07 +3.3757e-07 
-0000.00083 +8.1705e-05 +2.7651e-05 -2.8555e-05 -7.6148e-05 -1.0721e-04 -1.1667e-04 -1.0275e-04 -6.7216e-05 -1.5078e-05 +4.5892e-05 +1.0523e-04 
-0000.00167 +1.9844e-04 +7.8645e-05 -4.5120e-05 -1.5022e-04 -2.1934e-04 -2.4082e-04 -2.1049e-04 -1.3255e-04 -1.8579e-05 +1.1432e-04 +2.4401e-04 
-0000.00250 +3.8718e-04 +1.7620e-04 -3.8601e-05 -2.2262e-04 -3.4557e-04 -3.8496e-04 -3.3231e-04 -1.9624e-04 +7.3032e-07 +2.2855e-04 +4.5312e-04 
# Horizontal Final Position [m]
START
            -0000.00400 -0000.00320 -0000.00240 -0000.00160 -0000.00080 +0000.00000 +0000.00080 +0000.00160 +0000.00240 +0000.00320 +0000.00400 
+0000.00250 -3.9438e-03 -3.1566e-03 -2.3681e-03 -1.5789e-03 -7.8938e-04 +2.6528e-07 +7.8994e-04 +1.5796e-03 +2.3689e-03 +3.1576e-03 +3.9451e-03 
+0000.00167 -3.9456e-03 -3.1586e-03 -2.3700e-03 -1.5804e-03 -7.9018e-04 +2.7973e-07 +7.9076e-04 +1.5810e-03 +2.3708e-03 +3.1596e-03 +3.9468e-03 
+0000.00083 -3.9465e-03 -3.1597e-03 -2.3710e-03 -1.5812e-03 -7.9061e-04 +2.6468e-07 +7.9117e-04 +1.5818e-03 +2.3718e-03 +3.1606e-03 +3.9477e-03 
+0000.00000 -3.9468e-03 -3.1601e-03 -2.3714e-03 -1.5814e-03 -7.9078e-04 +2.2193e-07 +7.9125e-04 +1.5820e-03 +2.3720e-03 +3.1609e-03 +3.9479e-03 
-0000.00083 -3.9465e-03 -3.1597e-03 -2.3711e-03 -1.5812e-03 -7.9070e-04 +1.5326e-07 +7.9103e-04 +1.5816e-03 +2.3716e-03 +3.1604e-03 +3.9474e-03 
-0000.00167 -3.9456e-03 -3.1587e-03 -2.3701e-03 -1.5805e-03 -7.9036e-04 +6.0454e-08 +7.9050e-04 +1.5807e-03 +2.3704e-03 +3.1591e-03 +3.9463e-03 
-0000.00250 -3.9439e-03 -3.1567e-03 -2.3683e-03 -1.5791e-03 -7.8964e-04 -5.4878e-08 +7.8955e-04 +1.5791e-03 +2.3683e-03 +3.1569e-03 +3.9442e-03 
# Vertical Final Position [m]
START
            -0000.00400 -0000.00320 -0000.00240 -0000.00160 -0000.00080 +0000.00000 +0000.00080 +0000.00160 +0000.00240 +0000.00320 +0000.00400 
+0000.00250 +2.4958e-03 +2.4982e-03 +2.5006e-03 +2.5027e-03 +2.5041e-03 +2.5046e-03 +2.5041e-03 +2.5026e-03 +2.5004e-03 +2.4980e-03 +2.4955e-03 
+0000.00167 +1.6645e-03 +1.6659e-03 +1.6673e-03 +1.6685e-03 +1.6694e-03 +1.6696e-03 +1.6694e-03 +1.6686e-03 +1.6673e-03 +1.6659e-03 +1.6646e-03 
+0000.00083 +8.3252e-04 +8.3315e-04 +8.3380e-04 +8.3437e-04 +8.3476e-04 +8.3491e-04 +8.3481e-04 +8.3449e-04 +8.3399e-04 +8.3341e-04 +8.3286e-04 
+0000.00000 +1.1044e-07 +1.2523e-07 +1.4609e-07 +1.7449e-07 +2.1205e-07 +2.6045e-07 +3.2129e-07 +3.9617e-07 +4.8688e-07 +5.9573e-07 +7.2617e-07 
-0000.00083 -8.3229e-04 -8.3289e-04 -8.3351e-04 -8.3402e-04 -8.3433e-04 -8.3439e-04 -8.3418e-04 -8.3370e-04 -8.3302e-04 -8.3222e-04 -8.3143e-04 
-0000.00167 -1.6643e-03 -1.6656e-03 -1.6670e-03 -1.6682e-03 -1.6689e-03 -1.6691e-03 -1.6687e-03 -1.6678e-03 -1.6664e-03 -1.6648e-03 -1.6632e-03 
-0000.00250 -2.4955e-03 -2.4978e-03 -2.5003e-03 -2.5023e-03 -2.5037e-03 -2.5041e-03 -2.5035e-03 -2.5018e-03 -2.4995e-03 -2.4969e-03 -2.4942e-03 