# Author: FAC idanalysis.IDKickMap
# 
# Total Length of Longitudinal Interval [m]
1.2
# Number of Horizontal Points
11
# Number of Vertical Points
7
# Total Horizontal 2nd Order Kick [T2m2]
START
            -0000.00400 -0000.00320 -0000.00240 -0000.00160 -0000.00080 +0000.00000 +0000.00080 +0000.00160 +0000.00240 +0000.00320 +0000.00400 
+0000.00250 +1.6258e-03 +1.3408e-03 +1.0428e-03 +7.1842e-04 +3.6746e-04 -1.3543e-09 -3.6746e-04 -7.1842e-04 -1.0428e-03 -1.3408e-03 -1.6257e-03 
+0000.00167 +1.2204e-03 +1.0420e-03 +8.2594e-04 +5.7418e-04 +2.9470e-04 -5.5477e-10 -2.9470e-04 -5.7417e-04 -8.2593e-04 -1.0420e-03 -1.2204e-03 
+0000.00083 +9.4767e-04 +8.5243e-04 +6.9393e-04 +4.8890e-04 +2.5246e-04 -5.8672e-11 -2.5246e-04 -4.8890e-04 -6.9392e-04 -8.5242e-04 -9.4765e-04 
+0000.00000 +8.5009e-04 +7.8688e-04 +6.4931e-04 +4.6052e-04 +2.3853e-04 +3.1779e-11 -2.3853e-04 -4.6052e-04 -6.4931e-04 -7.8688e-04 -8.5009e-04 
-0000.00083 +9.4765e-04 +8.5242e-04 +6.9392e-04 +4.8890e-04 +2.5246e-04 +1.2125e-10 -2.5246e-04 -4.8890e-04 -6.9393e-04 -8.5243e-04 -9.4767e-04 
-0000.00167 +1.2204e-03 +1.0420e-03 +8.2593e-04 +5.7417e-04 +2.9470e-04 +6.0852e-10 -2.9470e-04 -5.7418e-04 -8.2594e-04 -1.0420e-03 -1.2204e-03 
-0000.00250 +1.6257e-03 +1.3408e-03 +1.0428e-03 +7.1842e-04 +3.6746e-04 +1.3952e-09 -3.6746e-04 -7.1842e-04 -1.0428e-03 -1.3408e-03 -1.6258e-03 
# Total Vertical 2nd Order Kick [T2m2]
START
            -0000.00400 -0000.00320 -0000.00240 -0000.00160 -0000.00080 +0000.00000 +0000.00080 +0000.00160 +0000.00240 +0000.00320 +0000.00400 
+0000.00250 -1.7262e-03 -1.3408e-03 -1.0496e-03 -8.4066e-04 -7.1293e-04 -6.6971e-04 -7.1294e-04 -8.4067e-04 -1.0496e-03 -1.3408e-03 -1.7263e-03 
+0000.00167 -1.2074e-03 -9.2589e-04 -7.2510e-04 -5.8703e-04 -5.0507e-04 -4.7775e-04 -5.0507e-04 -5.8704e-04 -7.2510e-04 -9.2590e-04 -1.2074e-03 
+0000.00083 -6.2727e-04 -4.7548e-04 -3.7158e-04 -3.0211e-04 -2.6160e-04 -2.4823e-04 -2.6160e-04 -3.0211e-04 -3.7158e-04 -4.7549e-04 -6.2729e-04 
+0000.00000 +1.9898e-09 -1.1811e-09 -1.0562e-09 -3.2916e-10 +8.2949e-11 +1.4227e-10 +2.0662e-10 +6.4445e-10 +1.4089e-09 +1.5889e-09 -1.5077e-09 
-0000.00083 +6.2729e-04 +4.7549e-04 +3.7158e-04 +3.0211e-04 +2.6160e-04 +2.4823e-04 +2.6160e-04 +3.0211e-04 +3.7158e-04 +4.7548e-04 +6.2727e-04 
-0000.00167 +1.2074e-03 +9.2590e-04 +7.2510e-04 +5.8704e-04 +5.0507e-04 +4.7775e-04 +5.0507e-04 +5.8703e-04 +7.2510e-04 +9.2589e-04 +1.2074e-03 
-0000.00250 +1.7263e-03 +1.3408e-03 +1.0496e-03 +8.4067e-04 +7.1294e-04 +6.6971e-04 +7.1293e-04 +8.4066e-04 +1.0496e-03 +1.3408e-03 +1.7262e-03 
# Horizontal Final Position [m]
START
            -0000.00400 -0000.00320 -0000.00240 -0000.00160 -0000.00080 +0000.00000 +0000.00080 +0000.00160 +0000.00240 +0000.00320 +0000.00400 
+0000.00250 -3.9814e-03 -3.1847e-03 -2.3881e-03 -1.5918e-03 -7.9581e-04 -8.0842e-09 +7.9580e-04 +1.5918e-03 +2.3881e-03 +3.1847e-03 +3.9815e-03 
+0000.00167 -3.9860e-03 -3.1881e-03 -2.3906e-03 -1.5934e-03 -7.9664e-04 -2.4397e-09 +7.9664e-04 +1.5935e-03 +2.3906e-03 +3.1881e-03 +3.9861e-03 
+0000.00083 -3.9892e-03 -3.1903e-03 -2.3921e-03 -1.5944e-03 -7.9712e-04 -3.3875e-10 +7.9712e-04 +1.5944e-03 +2.3921e-03 +3.1903e-03 +3.9892e-03 
+0000.00000 -3.9903e-03 -3.1910e-03 -2.3926e-03 -1.5947e-03 -7.9728e-04 +5.0865e-12 +7.9728e-04 +1.5947e-03 +2.3926e-03 +3.1910e-03 +3.9903e-03 
-0000.00083 -3.9892e-03 -3.1903e-03 -2.3921e-03 -1.5944e-03 -7.9712e-04 +3.4891e-10 +7.9712e-04 +1.5944e-03 +2.3921e-03 +3.1903e-03 +3.9892e-03 
-0000.00167 -3.9861e-03 -3.1881e-03 -2.3906e-03 -1.5935e-03 -7.9664e-04 +2.4498e-09 +7.9664e-04 +1.5934e-03 +2.3906e-03 +3.1881e-03 +3.9860e-03 
-0000.00250 -3.9815e-03 -3.1847e-03 -2.3881e-03 -1.5918e-03 -7.9580e-04 +8.0942e-09 +7.9581e-04 +1.5918e-03 +2.3881e-03 +3.1847e-03 +3.9814e-03 
# Vertical Final Position [m]
START
            -0000.00400 -0000.00320 -0000.00240 -0000.00160 -0000.00080 +0000.00000 +0000.00080 +0000.00160 +0000.00240 +0000.00320 +0000.00400 
+0000.00250 +2.4803e-03 +2.4847e-03 +2.4880e-03 +2.4904e-03 +2.4919e-03 +2.4924e-03 +2.4919e-03 +2.4904e-03 +2.4880e-03 +2.4847e-03 +2.4803e-03 
+0000.00167 +1.6529e-03 +1.6561e-03 +1.6584e-03 +1.6600e-03 +1.6609e-03 +1.6612e-03 +1.6609e-03 +1.6600e-03 +1.6584e-03 +1.6561e-03 +1.6529e-03 
+0000.00083 +8.2614e-04 +8.2789e-04 +8.2909e-04 +8.2989e-04 +8.3035e-04 +8.3050e-04 +8.3035e-04 +8.2989e-04 +8.2910e-04 +8.2792e-04 +8.2620e-04 
+0000.00000 -3.3709e-08 -1.6982e-08 -7.1632e-09 -2.1706e-09 -3.0833e-10 -3.0151e-13 +3.0780e-10 +2.1703e-09 +7.1632e-09 +1.6983e-08 +3.3710e-08 
-0000.00083 -8.2620e-04 -8.2792e-04 -8.2910e-04 -8.2989e-04 -8.3035e-04 -8.3050e-04 -8.3035e-04 -8.2989e-04 -8.2909e-04 -8.2789e-04 -8.2614e-04 
-0000.00167 -1.6529e-03 -1.6561e-03 -1.6584e-03 -1.6600e-03 -1.6609e-03 -1.6612e-03 -1.6609e-03 -1.6600e-03 -1.6584e-03 -1.6561e-03 -1.6529e-03 
-0000.00250 -2.4803e-03 -2.4847e-03 -2.4880e-03 -2.4904e-03 -2.4919e-03 -2.4924e-03 -2.4919e-03 -2.4904e-03 -2.4880e-03 -2.4847e-03 -2.4803e-03 