# Author: FAC idanalysis.IDKickMap
# Termination_kicks [T2m2]: +0.0000e+00 +0.0000e+00 +0.0000e+00 +0.0000e+00 
# Total Length of Longitudinal Interval [m]
1.2
# Number of Horizontal Points
11
# Number of Vertical Points
7
# Total Horizontal 2nd Order Kick [T2m2]
START
            -0000.00400 -0000.00320 -0000.00240 -0000.00160 -0000.00080 +0000.00000 +0000.00080 +0000.00160 +0000.00240 +0000.00320 +0000.00400 
+0000.00250 +2.6758e-03 +2.0004e-03 +1.4244e-03 +9.1075e-04 +4.3399e-04 -2.4051e-05 -4.7727e-04 -9.3983e-04 -1.4303e-03 -1.9752e-03 -2.6123e-03 
+0000.00167 +2.3805e-03 +1.7731e-03 +1.2578e-03 +8.0288e-04 +3.8600e-04 -1.0651e-05 -4.0272e-04 -8.0596e-04 -1.2383e-03 -1.7225e-03 -2.2904e-03 
+0000.00083 +2.1790e-03 +1.6276e-03 +1.1554e-03 +7.3848e-04 +3.5794e-04 -2.6640e-06 -3.5878e-04 -7.2587e-04 -1.1204e-03 -1.5611e-03 -2.0716e-03 
+0000.00000 +2.1062e-03 +1.5772e-03 +1.1208e-03 +7.1703e-04 +3.4870e-04 +0.0000e+00 -3.4424e-04 -6.9918e-04 -1.0805e-03 -1.5053e-03 -1.9931e-03 
-0000.00083 +2.1794e-03 +1.6279e-03 +1.1557e-03 +7.3868e-04 +3.5805e-04 -2.6560e-06 -3.5889e-04 -7.2613e-04 -1.1208e-03 -1.5618e-03 -2.0727e-03 
-0000.00167 +2.3812e-03 +1.7737e-03 +1.2583e-03 +8.0326e-04 +3.8620e-04 -1.0661e-05 -4.0298e-04 -8.0651e-04 -1.2392e-03 -1.7239e-03 -2.2923e-03 
-0000.00250 +2.6766e-03 +2.0011e-03 +1.4250e-03 +9.1125e-04 +4.3425e-04 -2.4101e-05 -4.7771e-04 -9.4063e-04 -1.4316e-03 -1.9771e-03 -2.6149e-03 
# Total Vertical 2nd Order Kick [T2m2]
START
            -0000.00400 -0000.00320 -0000.00240 -0000.00160 -0000.00080 +0000.00000 +0000.00080 +0000.00160 +0000.00240 +0000.00320 +0000.00400 
+0000.00250 -2.0065e-03 -1.7207e-03 -1.4991e-03 -1.3414e-03 -1.2502e-03 -1.2296e-03 -1.2810e-03 -1.4024e-03 -1.5894e-03 -1.8395e-03 -2.1540e-03 
+0000.00167 -1.3349e-03 -1.1237e-03 -9.6888e-04 -8.6300e-04 -8.0365e-04 -7.9063e-04 -8.2402e-04 -9.0350e-04 -1.0291e-03 -1.2037e-03 -1.4355e-03 
+0000.00083 -6.7171e-04 -5.5673e-04 -4.7617e-04 -4.2260e-04 -3.9311e-04 -3.8674e-04 -4.0324e-04 -4.4277e-04 -5.0631e-04 -5.9692e-04 -7.2253e-04 
+0000.00000 +3.8514e-07 +2.3594e-07 +1.2264e-07 +4.1340e-08 -2.7900e-09 +0.0000e+00 +6.2040e-08 +1.9754e-07 +4.2364e-07 +7.6654e-07 +1.2769e-06 
-0000.00083 +6.7247e-04 +5.5722e-04 +4.7646e-04 +4.2273e-04 +3.9316e-04 +3.8680e-04 +4.0343e-04 +4.4325e-04 +5.0723e-04 +5.9852e-04 +7.2508e-04 
-0000.00167 +1.3357e-03 +1.1243e-03 +9.6927e-04 +8.6326e-04 +8.0383e-04 +7.9084e-04 +8.2440e-04 +9.0419e-04 +1.0304e-03 +1.2056e-03 +1.4382e-03 
-0000.00250 +2.0074e-03 +1.7215e-03 +1.4998e-03 +1.3419e-03 +1.2507e-03 +1.2301e-03 +1.2818e-03 +1.4036e-03 +1.5911e-03 +1.8419e-03 +2.1570e-03 
# Horizontal Final Position [m]
START
            -0000.00400 -0000.00320 -0000.00240 -0000.00160 -0000.00080 +0000.00000 +0000.00080 +0000.00160 +0000.00240 +0000.00320 +0000.00400 
+0000.00250 -3.9718e-03 -3.1794e-03 -2.3859e-03 -1.5917e-03 -7.9711e-04 -2.2727e-06 +7.9263e-04 +1.5874e-03 +2.3820e-03 +3.1759e-03 +3.9687e-03 
+0000.00167 -3.9748e-03 -3.1817e-03 -2.3875e-03 -1.5926e-03 -7.9733e-04 -1.7924e-06 +7.9380e-04 +1.5893e-03 +2.3844e-03 +3.1790e-03 +3.9727e-03 
+0000.00083 -3.9768e-03 -3.1830e-03 -2.3884e-03 -1.5930e-03 -7.9733e-04 -1.3800e-06 +7.9462e-04 +1.5905e-03 +2.3861e-03 +3.1811e-03 +3.9754e-03 
+0000.00000 -3.9774e-03 -3.1833e-03 -2.3885e-03 -1.5930e-03 -7.9712e-04 -1.0307e-06 +7.9511e-04 +1.5911e-03 +2.3869e-03 +3.1821e-03 +3.9766e-03 
-0000.00083 -3.9763e-03 -3.1825e-03 -2.3878e-03 -1.5924e-03 -7.9670e-04 -7.4124e-07 +7.9527e-04 +1.5912e-03 +2.3867e-03 +3.1818e-03 +3.9760e-03 
-0000.00167 -3.9738e-03 -3.1806e-03 -2.3863e-03 -1.5914e-03 -7.9608e-04 -5.0849e-07 +7.9510e-04 +1.5906e-03 +2.3857e-03 +3.1803e-03 +3.9739e-03 
-0000.00250 -3.9702e-03 -3.1778e-03 -2.3842e-03 -1.5899e-03 -7.9521e-04 -3.2963e-07 +7.9459e-04 +1.5894e-03 +2.3839e-03 +3.1777e-03 +3.9706e-03 
# Vertical Final Position [m]
START
            -0000.00400 -0000.00320 -0000.00240 -0000.00160 -0000.00080 +0000.00000 +0000.00080 +0000.00160 +0000.00240 +0000.00320 +0000.00400 
+0000.00250 +2.4752e-03 +2.4781e-03 +2.4802e-03 +2.4817e-03 +2.4823e-03 +2.4822e-03 +2.4812e-03 +2.4795e-03 +2.4770e-03 +2.4739e-03 +2.4700e-03 
+0000.00167 +1.6492e-03 +1.6513e-03 +1.6527e-03 +1.6536e-03 +1.6539e-03 +1.6537e-03 +1.6529e-03 +1.6517e-03 +1.6499e-03 +1.6476e-03 +1.6447e-03 
+0000.00083 +8.2329e-04 +8.2429e-04 +8.2488e-04 +8.2515e-04 +8.2513e-04 +8.2484e-04 +8.2429e-04 +8.2347e-04 +8.2239e-04 +8.2102e-04 +8.1926e-04 
+0000.00000 -2.5254e-06 -2.8162e-06 -3.1301e-06 -3.4637e-06 -3.8130e-06 -4.1736e-06 -4.5406e-06 -4.9089e-06 -5.2737e-06 -5.6296e-06 -5.9696e-06 
-0000.00083 -8.2830e-04 -8.2988e-04 -8.3110e-04 -8.3204e-04 -8.3272e-04 -8.3315e-04 -8.3333e-04 -8.3326e-04 -8.3290e-04 -8.3224e-04 -8.3116e-04 
-0000.00167 -1.6541e-03 -1.6568e-03 -1.6588e-03 -1.6604e-03 -1.6614e-03 -1.6619e-03 -1.6619e-03 -1.6614e-03 -1.6603e-03 -1.6587e-03 -1.6564e-03 
-0000.00250 -2.4798e-03 -2.4833e-03 -2.4861e-03 -2.4882e-03 -2.4896e-03 -2.4902e-03 -2.4900e-03 -2.4890e-03 -2.4873e-03 -2.4848e-03 -2.4816e-03 