# Author: FAC idanalysis.IDKickMap
# 
# Total Length of Longitudinal Interval [m]
1.2
# Number of Horizontal Points
11
# Number of Vertical Points
7
# Total Horizontal 2nd Order Kick [T2m2]
START
            -0000.00400 -0000.00320 -0000.00240 -0000.00160 -0000.00080 +0000.00000 +0000.00080 +0000.00160 +0000.00240 +0000.00320 +0000.00400 
+0000.00250 +4.5678e-03 +3.5324e-03 +2.6633e-03 +1.9214e-03 +1.2822e-03 +7.3063e-04 +2.5510e-04 -1.5763e-04 -5.2618e-04 -8.7575e-04 -1.2404e-03 
+0000.00167 +4.4042e-03 +3.3769e-03 +2.5348e-03 +1.8336e-03 +1.2452e-03 +7.5086e-04 +3.3575e-04 -1.3789e-05 -3.1220e-04 -5.7521e-04 -8.2171e-04 
+0000.00083 +4.3010e-03 +3.2830e-03 +2.4592e-03 +1.7831e-03 +1.2249e-03 +7.6392e-04 +3.8484e-04 +7.4823e-05 -1.7667e-04 -3.7693e-04 -5.2820e-04 
+0000.00000 +4.2647e-03 +3.2512e-03 +2.4341e-03 +1.7666e-03 +1.2183e-03 +7.6847e-04 +4.0143e-04 +1.0496e-04 -1.2990e-04 -3.0692e-04 -4.2078e-04 
-0000.00083 +4.3004e-03 +3.2825e-03 +2.4588e-03 +1.7829e-03 +1.2247e-03 +7.6395e-04 +3.8499e-04 +7.5081e-05 -1.7630e-04 -3.7644e-04 -5.2753e-04 
-0000.00167 +4.4030e-03 +3.3758e-03 +2.5340e-03 +1.8331e-03 +1.2450e-03 +7.5088e-04 +3.3601e-04 -1.3324e-05 -3.1155e-04 -5.7437e-04 -8.2064e-04 
-0000.00250 +4.5659e-03 +3.5308e-03 +2.6619e-03 +1.9205e-03 +1.2818e-03 +7.3058e-04 +2.5540e-04 -1.5705e-04 -5.2538e-04 -8.7477e-04 -1.2393e-03 
# Total Vertical 2nd Order Kick [T2m2]
START
            -0000.00400 -0000.00320 -0000.00240 -0000.00160 -0000.00080 +0000.00000 +0000.00080 +0000.00160 +0000.00240 +0000.00320 +0000.00400 
+0000.00250 -1.8671e-03 -1.6824e-03 -1.5162e-03 -1.3879e-03 -1.3126e-03 -1.3009e-03 -1.3583e-03 -1.4862e-03 -1.6872e-03 -1.9697e-03 -2.3530e-03 
+0000.00167 -1.2080e-03 -1.0829e-03 -9.7373e-04 -8.9177e-04 -8.4516e-04 -8.3960e-04 -8.7871e-04 -9.6552e-04 -1.1054e-03 -1.3102e-03 -1.6044e-03 
+0000.00083 -5.9552e-04 -5.3103e-04 -4.7656e-04 -4.3646e-04 -4.1411e-04 -4.1200e-04 -4.3200e-04 -4.7623e-04 -5.4865e-04 -6.5768e-04 -8.2111e-04 
+0000.00000 -4.4803e-07 -5.3690e-07 -5.6527e-07 -5.8236e-07 -6.0868e-07 -6.4966e-07 -7.0398e-07 -7.6889e-07 -8.4383e-07 -9.3296e-07 -1.0482e-06 
-0000.00083 +5.9449e-04 +5.2985e-04 +4.7535e-04 +4.3523e-04 +4.1285e-04 +4.1067e-04 +4.3057e-04 +4.7468e-04 +5.4697e-04 +6.5584e-04 +8.1910e-04 
-0000.00167 +1.2066e-03 +1.0814e-03 +9.7226e-04 +8.9035e-04 +8.4376e-04 +8.3816e-04 +8.7720e-04 +9.6393e-04 +1.1037e-03 +1.3084e-03 +1.6025e-03 
-0000.00250 +1.8649e-03 +1.6803e-03 +1.5143e-03 +1.3862e-03 +1.3109e-03 +1.2993e-03 +1.3566e-03 +1.4845e-03 +1.6854e-03 +1.9679e-03 +2.3512e-03 
# Horizontal Final Position [m]
START
            -0000.00400 -0000.00320 -0000.00240 -0000.00160 -0000.00080 +0000.00000 +0000.00080 +0000.00160 +0000.00240 +0000.00320 +0000.00400 
+0000.00250 -3.9498e-03 -3.1615e-03 -2.3713e-03 -1.5797e-03 -7.8685e-04 +6.9545e-06 +8.0163e-04 +1.5970e-03 +2.3929e-03 +3.1891e-03 +3.9850e-03 
+0000.00167 -3.9511e-03 -3.1627e-03 -2.3722e-03 -1.5801e-03 -7.8679e-04 +7.6414e-06 +8.0298e-04 +1.5991e-03 +2.3957e-03 +3.1928e-03 +3.9901e-03 
+0000.00083 -3.9517e-03 -3.1632e-03 -2.3726e-03 -1.5802e-03 -7.8654e-04 +8.2420e-06 +8.0396e-04 +1.6005e-03 +2.3976e-03 +3.1954e-03 +3.9937e-03 
+0000.00000 -3.9515e-03 -3.1630e-03 -2.3723e-03 -1.5799e-03 -7.8614e-04 +8.7436e-06 +8.0457e-04 +1.6012e-03 +2.3985e-03 +3.1965e-03 +3.9952e-03 
-0000.00083 -3.9504e-03 -3.1621e-03 -2.3715e-03 -1.5792e-03 -7.8558e-04 +9.1423e-06 +8.0480e-04 +1.6012e-03 +2.3984e-03 +3.1960e-03 +3.9943e-03 
-0000.00167 -3.9486e-03 -3.1604e-03 -2.3701e-03 -1.5781e-03 -7.8487e-04 +9.4455e-06 +8.0466e-04 +1.6006e-03 +2.3972e-03 +3.1941e-03 +3.9912e-03 
-0000.00250 -3.9462e-03 -3.1581e-03 -2.3681e-03 -1.5766e-03 -7.8397e-04 +9.6714e-06 +8.0417e-04 +1.5994e-03 +2.3951e-03 +3.1910e-03 +3.9868e-03 
# Vertical Final Position [m]
START
            -0000.00400 -0000.00320 -0000.00240 -0000.00160 -0000.00080 +0000.00000 +0000.00080 +0000.00160 +0000.00240 +0000.00320 +0000.00400 
+0000.00250 +2.4845e-03 +2.4861e-03 +2.4875e-03 +2.4885e-03 +2.4889e-03 +2.4886e-03 +2.4876e-03 +2.4858e-03 +2.4832e-03 +2.4797e-03 +2.4751e-03 
+0000.00167 +1.6587e-03 +1.6596e-03 +1.6604e-03 +1.6608e-03 +1.6609e-03 +1.6606e-03 +1.6598e-03 +1.6584e-03 +1.6565e-03 +1.6539e-03 +1.6503e-03 
+0000.00083 +8.3238e-04 +8.3256e-04 +8.3269e-04 +8.3268e-04 +8.3251e-04 +8.3213e-04 +8.3154e-04 +8.3070e-04 +8.2957e-04 +8.2805e-04 +8.2594e-04 
+0000.00000 +5.8282e-06 +5.2742e-06 +4.7726e-06 +4.3110e-06 +3.8831e-06 +3.4861e-06 +3.1194e-06 +2.7828e-06 +2.4759e-06 +2.1976e-06 +1.9456e-06 
-0000.00083 -8.2074e-04 -8.2203e-04 -8.2315e-04 -8.2407e-04 -8.2475e-04 -8.2517e-04 -8.2531e-04 -8.2515e-04 -8.2463e-04 -8.2367e-04 -8.2206e-04 
-0000.00167 -1.6471e-03 -1.6491e-03 -1.6508e-03 -1.6522e-03 -1.6532e-03 -1.6537e-03 -1.6536e-03 -1.6529e-03 -1.6517e-03 -1.6496e-03 -1.6465e-03 
-0000.00250 -2.4730e-03 -2.4756e-03 -2.4780e-03 -2.4799e-03 -2.4812e-03 -2.4818e-03 -2.4815e-03 -2.4804e-03 -2.4784e-03 -2.4755e-03 -2.4714e-03 