# Author: FAC idanalysis.IDKickMap
# 
# Total Length of Longitudinal Interval [m]
1.2
# Number of Horizontal Points
11
# Number of Vertical Points
7
# Total Horizontal 2nd Order Kick [T2m2]
START
            -0000.00400 -0000.00320 -0000.00240 -0000.00160 -0000.00080 +0000.00000 +0000.00080 +0000.00160 +0000.00240 +0000.00320 +0000.00400 
+0000.00250 +5.6951e-03 +4.4694e-03 +3.4237e-03 +2.5199e-03 +1.7367e-03 +1.0644e-03 +4.9779e-04 +2.9230e-05 -3.5535e-04 -6.7746e-04 -9.6792e-04 
+0000.00167 +5.5881e-03 +4.3428e-03 +3.3091e-03 +2.4384e-03 +1.7029e-03 +1.0873e-03 +5.8198e-04 +1.7895e-04 -1.3062e-04 -3.5671e-04 -5.1123e-04 
+0000.00083 +5.5272e-03 +4.2694e-03 +3.2427e-03 +2.3918e-03 +1.6846e-03 +1.1024e-03 +6.3410e-04 +2.7267e-04 +1.3792e-05 -1.4256e-04 -1.8866e-04 
+0000.00000 +5.5071e-03 +4.2452e-03 +3.2209e-03 +2.3767e-03 +1.6787e-03 +1.1076e-03 +6.5184e-04 +3.0474e-04 +6.3890e-05 -6.6666e-05 -7.0565e-05 
-0000.00083 +5.5270e-03 +4.2691e-03 +3.2425e-03 +2.3917e-03 +1.6845e-03 +1.1024e-03 +6.3416e-04 +2.7278e-04 +1.3941e-05 -1.4237e-04 -1.8845e-04 
-0000.00167 +5.5876e-03 +4.3423e-03 +3.3086e-03 +2.4381e-03 +1.7028e-03 +1.0873e-03 +5.8208e-04 +1.7913e-04 -1.3037e-04 -3.5642e-04 -5.1091e-04 
-0000.00250 +5.6942e-03 +4.4685e-03 +3.4231e-03 +2.5195e-03 +1.7365e-03 +1.0643e-03 +4.9789e-04 +2.9441e-05 -3.5507e-04 -6.7716e-04 -9.6764e-04 
# Total Vertical 2nd Order Kick [T2m2]
START
            -0000.00400 -0000.00320 -0000.00240 -0000.00160 -0000.00080 +0000.00000 +0000.00080 +0000.00160 +0000.00240 +0000.00320 +0000.00400 
+0000.00250 -2.1109e-03 -1.9690e-03 -1.8248e-03 -1.7070e-03 -1.6368e-03 -1.6281e-03 -1.6881e-03 -1.8199e-03 -2.0278e-03 -2.3241e-03 -2.7345e-03 
+0000.00167 -1.3676e-03 -1.2782e-03 -1.1861e-03 -1.1118e-03 -1.0686e-03 -1.0654e-03 -1.1073e-03 -1.1986e-03 -1.3462e-03 -1.5648e-03 -1.8844e-03 
+0000.00083 -6.7301e-04 -6.2948e-04 -5.8463e-04 -5.4864e-04 -5.2809e-04 -5.2724e-04 -5.4894e-04 -5.9601e-04 -6.7327e-04 -7.9073e-04 -9.6931e-04 
+0000.00000 +2.1734e-07 +6.1137e-08 -1.9723e-08 -7.0931e-08 -1.0987e-07 -1.4013e-07 -1.5913e-07 -1.6226e-07 -1.4433e-07 -9.8573e-08 -1.2362e-08 
-0000.00083 +6.7338e-04 +6.2956e-04 +5.8457e-04 +5.4848e-04 +5.2786e-04 +5.2696e-04 +5.4862e-04 +5.9569e-04 +6.7299e-04 +7.9055e-04 +9.6931e-04 
-0000.00167 +1.3678e-03 +1.2781e-03 +1.1860e-03 +1.1116e-03 +1.0684e-03 +1.0651e-03 +1.1070e-03 +1.1983e-03 +1.3459e-03 +1.5647e-03 +1.8844e-03 
-0000.00250 +2.1108e-03 +1.9688e-03 +1.8245e-03 +1.7067e-03 +1.6365e-03 +1.6278e-03 +1.6878e-03 +1.8196e-03 +2.0276e-03 +2.3240e-03 +2.7346e-03 
# Horizontal Final Position [m]
START
            -0000.00400 -0000.00320 -0000.00240 -0000.00160 -0000.00080 +0000.00000 +0000.00080 +0000.00160 +0000.00240 +0000.00320 +0000.00400 
+0000.00250 -3.9360e-03 -3.1500e-03 -2.3619e-03 -1.5722e-03 -7.8108e-04 +1.1284e-05 +8.0486e-04 +1.5996e-03 +2.3952e-03 +3.1916e-03 +3.9883e-03 
+0000.00167 -3.9369e-03 -3.1511e-03 -2.3629e-03 -1.5728e-03 -7.8116e-04 +1.1836e-05 +8.0609e-04 +1.6015e-03 +2.3980e-03 +3.1955e-03 +3.9937e-03 
+0000.00083 -3.9373e-03 -3.1516e-03 -2.3633e-03 -1.5730e-03 -7.8107e-04 +1.2295e-05 +8.0696e-04 +1.6029e-03 +2.3999e-03 +3.1981e-03 +3.9976e-03 
+0000.00000 -3.9371e-03 -3.1515e-03 -2.3632e-03 -1.5729e-03 -7.8084e-04 +1.2641e-05 +8.0744e-04 +1.6035e-03 +2.4007e-03 +3.1992e-03 +3.9992e-03 
-0000.00083 -3.9365e-03 -3.1509e-03 -2.3627e-03 -1.5724e-03 -7.8048e-04 +1.2867e-05 +8.0751e-04 +1.6034e-03 +2.4004e-03 +3.1986e-03 +3.9981e-03 
-0000.00167 -3.9355e-03 -3.1497e-03 -2.3616e-03 -1.5715e-03 -7.7997e-04 +1.2982e-05 +8.0719e-04 +1.6026e-03 +2.3990e-03 +3.1964e-03 +3.9946e-03 
-0000.00250 -3.9339e-03 -3.1480e-03 -2.3600e-03 -1.5703e-03 -7.7928e-04 +1.3011e-05 +8.0650e-04 +1.6011e-03 +2.3967e-03 +3.1930e-03 +3.9896e-03 
# Vertical Final Position [m]
START
            -0000.00400 -0000.00320 -0000.00240 -0000.00160 -0000.00080 +0000.00000 +0000.00080 +0000.00160 +0000.00240 +0000.00320 +0000.00400 
+0000.00250 +2.4784e-03 +2.4797e-03 +2.4811e-03 +2.4821e-03 +2.4826e-03 +2.4825e-03 +2.4815e-03 +2.4798e-03 +2.4772e-03 +2.4736e-03 +2.4688e-03 
+0000.00167 +1.6535e-03 +1.6542e-03 +1.6550e-03 +1.6556e-03 +1.6558e-03 +1.6556e-03 +1.6548e-03 +1.6536e-03 +1.6517e-03 +1.6490e-03 +1.6452e-03 
+0000.00083 +8.2812e-04 +8.2830e-04 +8.2851e-04 +8.2864e-04 +8.2861e-04 +8.2836e-04 +8.2788e-04 +8.2712e-04 +8.2603e-04 +8.2449e-04 +8.2227e-04 
+0000.00000 +2.4733e-06 +2.1476e-06 +1.8461e-06 +1.5629e-06 +1.2954e-06 +1.0430e-06 +8.0587e-07 +5.8405e-07 +3.7722e-07 +1.8426e-07 +3.0254e-09 
-0000.00083 -8.2317e-04 -8.2400e-04 -8.2481e-04 -8.2551e-04 -8.2601e-04 -8.2627e-04 -8.2626e-04 -8.2595e-04 -8.2527e-04 -8.2412e-04 -8.2226e-04 
-0000.00167 -1.6486e-03 -1.6499e-03 -1.6513e-03 -1.6524e-03 -1.6532e-03 -1.6535e-03 -1.6532e-03 -1.6524e-03 -1.6509e-03 -1.6486e-03 -1.6451e-03 
-0000.00250 -2.4734e-03 -2.4753e-03 -2.4773e-03 -2.4789e-03 -2.4800e-03 -2.4804e-03 -2.4799e-03 -2.4787e-03 -2.4765e-03 -2.4733e-03 -2.4688e-03 