# Author: FAC idanalysis.IDKickMap
# Termination_kicks [T2m2]: +0.0000e+00 +0.0000e+00 +0.0000e+00 +0.0000e+00 
# Total Length of Longitudinal Interval [m]
1.2
# Number of Horizontal Points
11
# Number of Vertical Points
7
# Total Horizontal 2nd Order Kick [T2m2]
START
            -0000.00400 -0000.00320 -0000.00240 -0000.00160 -0000.00080 +0000.00000 +0000.00080 +0000.00160 +0000.00240 +0000.00320 +0000.00400 
+0000.00250 +5.3700e-03 +4.1542e-03 +3.0465e-03 +2.0012e-03 +9.8867e-04 -9.2700e-06 -1.0052e-03 -2.0117e-03 -3.0475e-03 -4.1426e-03 -5.3437e-03 
+0000.00167 +5.1955e-03 +3.9984e-03 +2.9217e-03 +1.9152e-03 +9.4688e-04 -4.0900e-06 -9.5315e-04 -1.9157e-03 -2.9130e-03 -3.9773e-03 -5.1589e-03 
+0000.00083 +5.0721e-03 +3.8927e-03 +2.8386e-03 +1.8585e-03 +9.1938e-04 -1.0200e-06 -9.1955e-04 -1.8532e-03 -2.8241e-03 -3.8654e-03 -5.0286e-03 
+0000.00000 +5.0270e-03 +3.8551e-03 +2.8094e-03 +1.8387e-03 +9.0979e-04 +0.0000e+00 -9.0795e-04 -1.8314e-03 -2.7928e-03 -3.8257e-03 -4.9810e-03 
-0000.00083 +5.0719e-03 +3.8925e-03 +2.8386e-03 +1.8584e-03 +9.1934e-04 -1.0000e-06 -9.1945e-04 -1.8529e-03 -2.8239e-03 -3.8653e-03 -5.0284e-03 
-0000.00167 +5.1951e-03 +3.9981e-03 +2.9214e-03 +1.9150e-03 +9.4683e-04 -4.0300e-06 -9.5295e-04 -1.9156e-03 -2.9127e-03 -3.9770e-03 -5.1586e-03 
-0000.00250 +5.3697e-03 +4.1538e-03 +3.0462e-03 +2.0010e-03 +9.8865e-04 -9.1400e-06 -1.0050e-03 -2.0114e-03 -3.0470e-03 -4.1422e-03 -5.3434e-03 
# Total Vertical 2nd Order Kick [T2m2]
START
            -0000.00400 -0000.00320 -0000.00240 -0000.00160 -0000.00080 +0000.00000 +0000.00080 +0000.00160 +0000.00240 +0000.00320 +0000.00400 
+0000.00250 -3.8718e-03 -3.6960e-03 -3.5449e-03 -3.4306e-03 -3.3610e-03 -3.3412e-03 -3.3729e-03 -3.4541e-03 -3.5796e-03 -3.7415e-03 -3.9282e-03 
+0000.00167 -2.5877e-03 -2.4484e-03 -2.3322e-03 -2.2457e-03 -2.1934e-03 -2.1782e-03 -2.2012e-03 -2.2612e-03 -2.3553e-03 -2.4791e-03 -2.6265e-03 
+0000.00083 -1.2999e-03 -1.2220e-03 -1.1587e-03 -1.1121e-03 -1.0841e-03 -1.0760e-03 -1.0880e-03 -1.1198e-03 -1.1702e-03 -1.2374e-03 -1.3196e-03 
+0000.00000 -4.3320e-07 -3.0370e-07 -1.8150e-07 -8.6000e-08 -2.5000e-08 +0.0000e+00 -9.0000e-09 -4.9000e-08 -1.1630e-07 -2.0810e-07 -3.2250e-07 
-0000.00083 +1.2989e-03 +1.2213e-03 +1.1582e-03 +1.1118e-03 +1.0839e-03 +1.0758e-03 +1.0878e-03 +1.1196e-03 +1.1698e-03 +1.2369e-03 +1.3189e-03 
-0000.00167 +2.5868e-03 +2.4477e-03 +2.3316e-03 +2.2452e-03 +2.1930e-03 +2.1779e-03 +2.2008e-03 +2.2607e-03 +2.3547e-03 +2.4784e-03 +2.6256e-03 
-0000.00250 +3.8708e-03 +3.6951e-03 +3.5441e-03 +3.4298e-03 +3.3603e-03 +3.3405e-03 +3.3721e-03 +3.4533e-03 +3.5787e-03 +3.7405e-03 +3.9270e-03 
# Horizontal Final Position [m]
START
            -0000.00400 -0000.00320 -0000.00240 -0000.00160 -0000.00080 +0000.00000 +0000.00080 +0000.00160 +0000.00240 +0000.00320 +0000.00400 
+0000.00250 -3.9410e-03 -3.1549e-03 -2.3676e-03 -1.5796e-03 -7.9117e-04 -2.6028e-06 +7.8599e-04 +1.5745e-03 +2.3626e-03 +3.1500e-03 +3.9363e-03 
+0000.00167 -3.9428e-03 -3.1565e-03 -2.3688e-03 -1.5804e-03 -7.9149e-04 -2.4023e-06 +7.8671e-04 +1.5757e-03 +2.3642e-03 +3.1520e-03 +3.9384e-03 
+0000.00083 -3.9439e-03 -3.1575e-03 -2.3696e-03 -1.5809e-03 -7.9166e-04 -2.2380e-06 +7.8721e-04 +1.5765e-03 +2.3653e-03 +3.1533e-03 +3.9400e-03 
+0000.00000 -3.9442e-03 -3.1577e-03 -2.3698e-03 -1.5809e-03 -7.9163e-04 -2.1032e-06 +7.8744e-04 +1.5768e-03 +2.3657e-03 +3.1538e-03 +3.9405e-03 
-0000.00083 -3.9434e-03 -3.1571e-03 -2.3692e-03 -1.5805e-03 -7.9137e-04 -1.9918e-06 +7.8741e-04 +1.5766e-03 +2.3654e-03 +3.1534e-03 +3.9400e-03 
-0000.00167 -3.9418e-03 -3.1556e-03 -2.3681e-03 -1.5797e-03 -7.9091e-04 -1.8983e-06 +7.8713e-04 +1.5760e-03 +2.3645e-03 +3.1522e-03 +3.9385e-03 
-0000.00250 -3.9395e-03 -3.1536e-03 -2.3664e-03 -1.5785e-03 -7.9026e-04 -1.8168e-06 +7.8665e-04 +1.5750e-03 +2.3630e-03 +3.1503e-03 +3.9364e-03 
# Vertical Final Position [m]
START
            -0000.00400 -0000.00320 -0000.00240 -0000.00160 -0000.00080 +0000.00000 +0000.00080 +0000.00160 +0000.00240 +0000.00320 +0000.00400 
+0000.00250 +2.4598e-03 +2.4616e-03 +2.4631e-03 +2.4642e-03 +2.4649e-03 +2.4649e-03 +2.4644e-03 +2.4634e-03 +2.4619e-03 +2.4599e-03 +2.4577e-03 
+0000.00167 +1.6412e-03 +1.6426e-03 +1.6437e-03 +1.6445e-03 +1.6450e-03 +1.6450e-03 +1.6446e-03 +1.6438e-03 +1.6427e-03 +1.6412e-03 +1.6395e-03 
+0000.00083 +8.2272e-04 +8.2338e-04 +8.2390e-04 +8.2426e-04 +8.2443e-04 +8.2439e-04 +8.2414e-04 +8.2369e-04 +8.2305e-04 +8.2223e-04 +8.2127e-04 
+0000.00000 +4.3488e-06 +4.1090e-06 +3.9049e-06 +3.7291e-06 +3.5779e-06 +3.4496e-06 +3.3438e-06 +3.2604e-06 +3.2000e-06 +3.1635e-06 +3.1524e-06 
-0000.00083 -8.1402e-04 -8.1515e-04 -8.1609e-04 -8.1680e-04 -8.1728e-04 -8.1750e-04 -8.1747e-04 -8.1719e-04 -8.1667e-04 -8.1594e-04 -8.1500e-04 
-0000.00167 -1.6325e-03 -1.6344e-03 -1.6359e-03 -1.6371e-03 -1.6378e-03 -1.6382e-03 -1.6380e-03 -1.6374e-03 -1.6364e-03 -1.6350e-03 -1.6333e-03 
-0000.00250 -2.4510e-03 -2.4533e-03 -2.4553e-03 -2.4568e-03 -2.4577e-03 -2.4581e-03 -2.4579e-03 -2.4571e-03 -2.4557e-03 -2.4539e-03 -2.4518e-03 