# Author: FAC idanalysis.IDKickMap
# Termination_kicks [T2m2]: +0.0000e+00 +0.0000e+00 +0.0000e+00 +0.0000e+00 
# Total Length of Longitudinal Interval [m]
1.2
# Number of Horizontal Points
11
# Number of Vertical Points
7
# Total Horizontal 2nd Order Kick [T2m2]
START
            -0000.00400 -0000.00320 -0000.00240 -0000.00160 -0000.00080 +0000.00000 +0000.00080 +0000.00160 +0000.00240 +0000.00320 +0000.00400 
+0000.00250 +2.8268e-03 +2.1160e-03 +1.5074e-03 +9.6385e-04 +4.5942e-04 -2.4612e-05 -5.0296e-04 -9.9059e-04 -1.5071e-03 -2.0795e-03 -2.7458e-03 
+0000.00167 +2.5498e-03 +1.9013e-03 +1.3494e-03 +8.6149e-04 +4.1423e-04 -1.0934e-05 -4.3055e-04 -8.6127e-04 -1.3220e-03 -1.8364e-03 -2.4372e-03 
+0000.00083 +2.3607e-03 +1.7640e-03 +1.2525e-03 +8.0051e-04 +3.8791e-04 -2.7320e-06 -3.8784e-04 -7.8387e-04 -1.2083e-03 -1.6811e-03 -2.2273e-03 
+0000.00000 +2.2919e-03 +1.7162e-03 +1.2195e-03 +7.8008e-04 +3.7918e-04 +0.0000e+00 -3.7365e-04 -7.5795e-04 -1.1697e-03 -1.6272e-03 -2.1514e-03 
-0000.00083 +2.3596e-03 +1.7633e-03 +1.2520e-03 +8.0019e-04 +3.8775e-04 -2.7550e-06 -3.8775e-04 -7.8368e-04 -1.2081e-03 -1.6808e-03 -2.2269e-03 
-0000.00167 +2.5477e-03 +1.8998e-03 +1.3484e-03 +8.6081e-04 +4.1388e-04 -1.1009e-05 -4.3040e-04 -8.6095e-04 -1.3216e-03 -1.8359e-03 -2.4366e-03 
-0000.00250 +2.8239e-03 +2.1138e-03 +1.5057e-03 +9.6275e-04 +4.5881e-04 -2.4798e-05 -5.0280e-04 -9.9019e-04 -1.5065e-03 -2.0788e-03 -2.7452e-03 
# Total Vertical 2nd Order Kick [T2m2]
START
            -0000.00400 -0000.00320 -0000.00240 -0000.00160 -0000.00080 +0000.00000 +0000.00080 +0000.00160 +0000.00240 +0000.00320 +0000.00400 
+0000.00250 -1.8770e-03 -1.6075e-03 -1.3974e-03 -1.2475e-03 -1.1610e-03 -1.1422e-03 -1.1926e-03 -1.3103e-03 -1.4911e-03 -1.7322e-03 -2.0346e-03 
+0000.00167 -1.2432e-03 -1.0446e-03 -8.9837e-04 -7.9813e-04 -7.4211e-04 -7.3039e-04 -7.6319e-04 -8.4023e-04 -9.6160e-04 -1.1298e-03 -1.3525e-03 
+0000.00083 -6.2445e-04 -5.1623e-04 -4.4014e-04 -3.8946e-04 -3.6168e-04 -3.5600e-04 -3.7228e-04 -4.1068e-04 -4.7214e-04 -5.5959e-04 -6.8056e-04 
+0000.00000 -8.0900e-07 -4.2240e-07 -1.8230e-07 -4.5800e-08 +9.7000e-09 +0.0000e+00 -6.1700e-08 -1.6460e-07 -3.0110e-07 -4.6980e-07 -6.7940e-07 
-0000.00083 +6.2277e-04 +5.1528e-04 +4.3967e-04 +3.8928e-04 +3.6163e-04 +3.5594e-04 +3.7210e-04 +4.1030e-04 +4.7150e-04 +5.5864e-04 +6.7924e-04 
-0000.00167 +1.2413e-03 +1.0434e-03 +8.9760e-04 +7.9770e-04 +7.4185e-04 +7.3016e-04 +7.6286e-04 +8.3973e-04 +9.6086e-04 +1.1288e-03 +1.3512e-03 
-0000.00250 +1.8745e-03 +1.6057e-03 +1.3961e-03 +1.2466e-03 +1.1604e-03 +1.1417e-03 +1.1921e-03 +1.3096e-03 +1.4902e-03 +1.7311e-03 +2.0332e-03 
# Horizontal Final Position [m]
START
            -0000.00400 -0000.00320 -0000.00240 -0000.00160 -0000.00080 +0000.00000 +0000.00080 +0000.00160 +0000.00240 +0000.00320 +0000.00400 
+0000.00250 -3.9707e-03 -3.1786e-03 -2.3854e-03 -1.5915e-03 -7.9710e-04 -2.4792e-06 +7.9222e-04 +1.5868e-03 +2.3811e-03 +3.1748e-03 +3.9674e-03 
+0000.00167 -3.9732e-03 -3.1804e-03 -2.3866e-03 -1.5921e-03 -7.9707e-04 -1.8120e-06 +7.9351e-04 +1.5887e-03 +2.3836e-03 +3.1778e-03 +3.9711e-03 
+0000.00083 -3.9746e-03 -3.1813e-03 -2.3871e-03 -1.5922e-03 -7.9682e-04 -1.2146e-06 +7.9446e-04 +1.5900e-03 +2.3852e-03 +3.1799e-03 +3.9738e-03 
+0000.00000 -3.9747e-03 -3.1812e-03 -2.3868e-03 -1.5918e-03 -7.9638e-04 -6.8249e-07 +7.9508e-04 +1.5907e-03 +2.3860e-03 +3.1809e-03 +3.9749e-03 
-0000.00083 -3.9732e-03 -3.1800e-03 -2.3859e-03 -1.5910e-03 -7.9574e-04 -2.1277e-07 +7.9538e-04 +1.5908e-03 +2.3860e-03 +3.1806e-03 +3.9743e-03 
-0000.00167 -3.9703e-03 -3.1778e-03 -2.3841e-03 -1.5898e-03 -7.9490e-04 +1.9762e-07 +7.9535e-04 +1.5904e-03 +2.3851e-03 +3.1791e-03 +3.9722e-03 
-0000.00250 -3.9665e-03 -3.1747e-03 -2.3817e-03 -1.5880e-03 -7.9384e-04 +5.5257e-07 +7.9500e-04 +1.5893e-03 +2.3833e-03 +3.1767e-03 +3.9689e-03 
# Vertical Final Position [m]
START
            -0000.00400 -0000.00320 -0000.00240 -0000.00160 -0000.00080 +0000.00000 +0000.00080 +0000.00160 +0000.00240 +0000.00320 +0000.00400 
+0000.00250 +2.4863e-03 +2.4888e-03 +2.4906e-03 +2.4918e-03 +2.4923e-03 +2.4920e-03 +2.4910e-03 +2.4893e-03 +2.4869e-03 +2.4839e-03 +2.4802e-03 
+0000.00167 +1.6602e-03 +1.6619e-03 +1.6630e-03 +1.6636e-03 +1.6637e-03 +1.6634e-03 +1.6626e-03 +1.6614e-03 +1.6597e-03 +1.6575e-03 +1.6547e-03 
+0000.00083 +8.3394e-04 +8.3454e-04 +8.3484e-04 +8.3489e-04 +8.3472e-04 +8.3434e-04 +8.3375e-04 +8.3295e-04 +8.3193e-04 +8.3066e-04 +8.2905e-04 
+0000.00000 +7.7044e-06 +7.0703e-06 +6.4996e-06 +5.9779e-06 +5.4978e-06 +5.0567e-06 +4.6544e-06 +4.2916e-06 +3.9696e-06 +3.6893e-06 +3.4506e-06 
-0000.00083 -8.1857e-04 -8.2042e-04 -8.2185e-04 -8.2294e-04 -8.2374e-04 -8.2425e-04 -8.2447e-04 -8.2440e-04 -8.2402e-04 -8.2331e-04 -8.2218e-04 
-0000.00167 -1.6449e-03 -1.6478e-03 -1.6500e-03 -1.6517e-03 -1.6528e-03 -1.6534e-03 -1.6534e-03 -1.6529e-03 -1.6518e-03 -1.6502e-03 -1.6479e-03 
-0000.00250 -2.4711e-03 -2.4748e-03 -2.4777e-03 -2.4799e-03 -2.4814e-03 -2.4821e-03 -2.4819e-03 -2.4810e-03 -2.4792e-03 -2.4768e-03 -2.4736e-03 