# Author: FAC idanalysis.IDKickMap
# 
# Total Length of Longitudinal Interval [m]
1.2
# Number of Horizontal Points
11
# Number of Vertical Points
7
# Total Horizontal 2nd Order Kick [T2m2]
START
            -0000.00400 -0000.00320 -0000.00240 -0000.00160 -0000.00080 +0000.00000 +0000.00080 +0000.00160 +0000.00240 +0000.00320 +0000.00400 
+0000.00250 +5.4839e-03 +4.3197e-03 +3.2899e-03 +2.3588e-03 +1.5080e-03 +7.3205e-04 +3.1130e-05 -5.9630e-04 -1.1589e-03 -1.6750e-03 -2.1753e-03 
+0000.00167 +5.3396e-03 +4.1711e-03 +3.1613e-03 +2.2675e-03 +1.4666e-03 +7.4822e-04 +1.0812e-04 -4.5683e-04 -9.5238e-04 -1.3888e-03 -1.7829e-03 
+0000.00083 +5.2507e-03 +4.0810e-03 +3.0843e-03 +2.2136e-03 +1.4428e-03 +7.5885e-04 +1.5578e-04 -3.6957e-04 -8.2008e-04 -1.1989e-03 -1.5084e-03 
+0000.00000 +5.2203e-03 +4.0506e-03 +3.0586e-03 +2.1958e-03 +1.4350e-03 +7.6256e-04 +1.7197e-04 -3.3977e-04 -7.7433e-04 -1.1319e-03 -1.4085e-03 
-0000.00083 +5.2507e-03 +4.0809e-03 +3.0843e-03 +2.2136e-03 +1.4428e-03 +7.5884e-04 +1.5577e-04 -3.6959e-04 -8.2012e-04 -1.1989e-03 -1.5085e-03 
-0000.00167 +5.3395e-03 +4.1710e-03 +3.1613e-03 +2.2674e-03 +1.4666e-03 +7.4819e-04 +1.0809e-04 -4.5689e-04 -9.5246e-04 -1.3889e-03 -1.7832e-03 
-0000.00250 +5.4837e-03 +4.3195e-03 +3.2898e-03 +2.3587e-03 +1.5079e-03 +7.3200e-04 +3.1068e-05 -5.9640e-04 -1.1590e-03 -1.6753e-03 -2.1757e-03 
# Total Vertical 2nd Order Kick [T2m2]
START
            -0000.00400 -0000.00320 -0000.00240 -0000.00160 -0000.00080 +0000.00000 +0000.00080 +0000.00160 +0000.00240 +0000.00320 +0000.00400 
+0000.00250 -2.5037e-03 -2.3332e-03 -2.1719e-03 -2.0428e-03 -1.9641e-03 -1.9479e-03 -2.0004e-03 -2.1225e-03 -2.3153e-03 -2.5844e-03 -2.9451e-03 
+0000.00167 -1.6544e-03 -1.5390e-03 -1.4312e-03 -1.3464e-03 -1.2957e-03 -1.2865e-03 -1.3229e-03 -1.4077e-03 -1.5443e-03 -1.7418e-03 -2.0203e-03 
+0000.00083 -8.2467e-04 -7.6584e-04 -7.1157e-04 -6.6935e-04 -6.4442e-04 -6.4026e-04 -6.5912e-04 -7.0278e-04 -7.7419e-04 -8.7988e-04 -1.0344e-03 
+0000.00000 +3.1049e-07 +2.5751e-07 +2.2527e-07 +2.0164e-07 +1.8402e-07 +1.7429e-07 +1.7611e-07 +1.9352e-07 +2.3080e-07 +2.9376e-07 +3.9324e-07 
-0000.00083 +8.2528e-04 +7.6635e-04 +7.1202e-04 +6.6976e-04 +6.4479e-04 +6.4062e-04 +6.5948e-04 +7.0318e-04 +7.7465e-04 +8.8047e-04 +1.0352e-03 
-0000.00167 +1.6549e-03 +1.5396e-03 +1.4316e-03 +1.3468e-03 +1.2961e-03 +1.2868e-03 +1.3233e-03 +1.4081e-03 +1.5448e-03 +1.7424e-03 +2.0211e-03 
-0000.00250 +2.5042e-03 +2.3338e-03 +2.1723e-03 +2.0433e-03 +1.9645e-03 +1.9483e-03 +2.0007e-03 +2.1230e-03 +2.3158e-03 +2.5850e-03 +2.9459e-03 
# Horizontal Final Position [m]
START
            -0000.00400 -0000.00320 -0000.00240 -0000.00160 -0000.00080 +0000.00000 +0000.00080 +0000.00160 +0000.00240 +0000.00320 +0000.00400 
+0000.00250 -3.9376e-03 -3.1510e-03 -2.3627e-03 -1.5734e-03 -7.8312e-04 +8.0021e-06 +7.9999e-04 +1.5928e-03 +2.3864e-03 +3.1805e-03 +3.9748e-03 
+0000.00167 -3.9391e-03 -3.1525e-03 -2.3641e-03 -1.5743e-03 -7.8347e-04 +8.3148e-06 +8.0099e-04 +1.5945e-03 +2.3889e-03 +3.1839e-03 +3.9794e-03 
+0000.00083 -3.9400e-03 -3.1534e-03 -2.3648e-03 -1.5748e-03 -7.8361e-04 +8.5617e-06 +8.0166e-04 +1.5957e-03 +2.3905e-03 +3.1862e-03 +3.9826e-03 
+0000.00000 -3.9402e-03 -3.1536e-03 -2.3650e-03 -1.5749e-03 -7.8357e-04 +8.7285e-06 +8.0197e-04 +1.5961e-03 +2.3911e-03 +3.1870e-03 +3.9839e-03 
-0000.00083 -3.9397e-03 -3.1531e-03 -2.3646e-03 -1.5745e-03 -7.8336e-04 +8.8103e-06 +8.0190e-04 +1.5959e-03 +2.3907e-03 +3.1864e-03 +3.9829e-03 
-0000.00167 -3.9386e-03 -3.1520e-03 -2.3635e-03 -1.5738e-03 -7.8296e-04 +8.8139e-06 +8.0148e-04 +1.5950e-03 +2.3893e-03 +3.1843e-03 +3.9798e-03 
-0000.00250 -3.9368e-03 -3.1501e-03 -2.3619e-03 -1.5726e-03 -7.8235e-04 +8.7564e-06 +8.0072e-04 +1.5935e-03 +2.3871e-03 +3.1812e-03 +3.9754e-03 
# Vertical Final Position [m]
START
            -0000.00400 -0000.00320 -0000.00240 -0000.00160 -0000.00080 +0000.00000 +0000.00080 +0000.00160 +0000.00240 +0000.00320 +0000.00400 
+0000.00250 +2.4717e-03 +2.4735e-03 +2.4752e-03 +2.4766e-03 +2.4774e-03 +2.4774e-03 +2.4767e-03 +2.4752e-03 +2.4729e-03 +2.4697e-03 +2.4655e-03 
+0000.00167 +1.6480e-03 +1.6492e-03 +1.6503e-03 +1.6512e-03 +1.6517e-03 +1.6516e-03 +1.6511e-03 +1.6500e-03 +1.6484e-03 +1.6460e-03 +1.6427e-03 
+0000.00083 +8.2419e-04 +8.2474e-04 +8.2523e-04 +8.2560e-04 +8.2576e-04 +8.2570e-04 +8.2537e-04 +8.2477e-04 +8.2386e-04 +8.2256e-04 +8.2070e-04 
+0000.00000 +2.9723e-07 +1.6898e-07 +4.4792e-08 -7.6121e-08 -1.9347e-07 -3.0643e-07 -4.1405e-07 -5.1560e-07 -6.1069e-07 -6.9936e-07 -7.8180e-07 
-0000.00083 -8.2358e-04 -8.2439e-04 -8.2513e-04 -8.2574e-04 -8.2615e-04 -8.2631e-04 -8.2620e-04 -8.2580e-04 -8.2508e-04 -8.2396e-04 -8.2226e-04 
-0000.00167 -1.6474e-03 -1.6488e-03 -1.6502e-03 -1.6513e-03 -1.6520e-03 -1.6522e-03 -1.6519e-03 -1.6511e-03 -1.6496e-03 -1.6474e-03 -1.6443e-03 
-0000.00250 -2.4710e-03 -2.4731e-03 -2.4750e-03 -2.4766e-03 -2.4777e-03 -2.4780e-03 -2.4775e-03 -2.4762e-03 -2.4741e-03 -2.4711e-03 -2.4671e-03 