# Author: FAC idanalysis.IDKickMap
# Termination_kicks [T2m2]: +0.0000e+00 +0.0000e+00 +0.0000e+00 +0.0000e+00 
# Total Length of Longitudinal Interval [m]
1.2
# Number of Horizontal Points
11
# Number of Vertical Points
7
# Total Horizontal 2nd Order Kick [T2m2]
START
            -0000.00400 -0000.00320 -0000.00240 -0000.00160 -0000.00080 +0000.00000 +0000.00080 +0000.00160 +0000.00240 +0000.00320 +0000.00400 
+0000.00250 +2.2082e-03 +1.7767e-03 +1.3540e-03 +9.1999e-04 +4.6833e-04 +3.7900e-06 -4.6165e-04 -9.1599e-04 -1.3541e-03 -1.7822e-03 -2.2199e-03 
+0000.00167 +1.8446e-03 +1.4967e-03 +1.1434e-03 +7.7587e-04 +3.9352e-04 +1.6600e-06 -3.9102e-04 -7.7578e-04 -1.1472e-03 -1.5057e-03 -1.8600e-03 
+0000.00083 +1.6042e-03 +1.3224e-03 +1.0175e-03 +6.9210e-04 +3.5080e-04 +4.1000e-07 -3.5076e-04 -6.9438e-04 -1.0236e-03 -1.3337e-03 -1.6222e-03 
+0000.00000 +1.5189e-03 +1.2627e-03 +9.7529e-04 +6.6448e-04 +3.3684e-04 +0.0000e+00 -3.3760e-04 -6.6754e-04 -9.8219e-04 -1.2747e-03 -1.5378e-03 
-0000.00083 +1.6042e-03 +1.3224e-03 +1.0175e-03 +6.9210e-04 +3.5080e-04 +4.2000e-07 -3.5074e-04 -6.9436e-04 -1.0236e-03 -1.3336e-03 -1.6222e-03 
-0000.00167 +1.8446e-03 +1.4967e-03 +1.1434e-03 +7.7588e-04 +3.9354e-04 +1.6900e-06 -3.9098e-04 -7.7574e-04 -1.1472e-03 -1.5057e-03 -1.8599e-03 
-0000.00250 +2.2082e-03 +1.7767e-03 +1.3540e-03 +9.2009e-04 +4.6837e-04 +3.8400e-06 -4.6159e-04 -9.1592e-04 -1.3540e-03 -1.7821e-03 -2.2198e-03 
# Total Vertical 2nd Order Kick [T2m2]
START
            -0000.00400 -0000.00320 -0000.00240 -0000.00160 -0000.00080 +0000.00000 +0000.00080 +0000.00160 +0000.00240 +0000.00320 +0000.00400 
+0000.00250 -1.5049e-03 -1.1475e-03 -8.6667e-04 -6.5881e-04 -5.2835e-04 -4.8214e-04 -5.2339e-04 -6.4910e-04 -8.5258e-04 -1.1294e-03 -1.4831e-03 
+0000.00167 -1.0395e-03 -7.8455e-04 -5.9521e-04 -4.6071e-04 -3.7865e-04 -3.4997e-04 -3.7542e-04 -4.5436e-04 -5.8590e-04 -7.7239e-04 -1.0245e-03 
+0000.00083 -5.3619e-04 -4.0058e-04 -3.0399e-04 -2.3723e-04 -1.9722e-04 -1.8334e-04 -1.9562e-04 -2.3408e-04 -2.9933e-04 -3.9443e-04 -5.2845e-04 
+0000.00000 -1.1812e-08 -1.5501e-08 -1.3878e-08 -9.7290e-09 -4.6600e-09 +0.0000e+00 +2.8450e-09 +2.1920e-09 -4.2040e-09 -1.9795e-08 -5.0928e-08 
-0000.00083 +5.3619e-04 +4.0056e-04 +3.0397e-04 +2.3722e-04 +1.9722e-04 +1.8335e-04 +1.9563e-04 +2.3409e-04 +2.9932e-04 +3.9439e-04 +5.2835e-04 
-0000.00167 +1.0395e-03 +7.8455e-04 +5.9521e-04 +4.6071e-04 +3.7866e-04 +3.4998e-04 +3.7544e-04 +4.5436e-04 +5.8588e-04 +7.7234e-04 +1.0243e-03 
-0000.00250 +1.5050e-03 +1.1475e-03 +8.6669e-04 +6.5882e-04 +5.2837e-04 +4.8216e-04 +5.2340e-04 +6.4910e-04 +8.5256e-04 +1.1293e-03 +1.4829e-03 
# Horizontal Final Position [m]
START
            -0000.00400 -0000.00320 -0000.00240 -0000.00160 -0000.00080 +0000.00000 +0000.00080 +0000.00160 +0000.00240 +0000.00320 +0000.00400 
+0000.00250 -3.9730e-03 -3.1779e-03 -2.3828e-03 -1.5877e-03 -7.9285e-04 +1.8697e-06 +7.9658e-04 +1.5914e-03 +2.3865e-03 +3.1816e-03 +3.9766e-03 
+0000.00167 -3.9772e-03 -3.1812e-03 -2.3852e-03 -1.5894e-03 -7.9374e-04 +1.8064e-06 +7.9734e-04 +1.5930e-03 +2.3888e-03 +3.1847e-03 +3.9807e-03 
+0000.00083 -3.9800e-03 -3.1832e-03 -2.3867e-03 -1.5904e-03 -7.9426e-04 +1.7504e-06 +7.9776e-04 +1.5939e-03 +2.3901e-03 +3.1866e-03 +3.9833e-03 
+0000.00000 -3.9810e-03 -3.1839e-03 -2.3872e-03 -1.5907e-03 -7.9446e-04 +1.7024e-06 +7.9786e-04 +1.5941e-03 +2.3905e-03 +3.1872e-03 +3.9842e-03 
-0000.00083 -3.9801e-03 -3.1833e-03 -2.3868e-03 -1.5905e-03 -7.9435e-04 +1.6639e-06 +7.9767e-04 +1.5938e-03 +2.3900e-03 +3.1865e-03 +3.9832e-03 
-0000.00167 -3.9774e-03 -3.1814e-03 -2.3854e-03 -1.5896e-03 -7.9390e-04 +1.6366e-06 +7.9716e-04 +1.5928e-03 +2.3885e-03 +3.1844e-03 +3.9804e-03 
-0000.00250 -3.9733e-03 -3.1782e-03 -2.3830e-03 -1.5879e-03 -7.9309e-04 +1.6222e-06 +7.9632e-04 +1.5911e-03 +2.3861e-03 +3.1812e-03 +3.9762e-03 
# Vertical Final Position [m]
START
            -0000.00400 -0000.00320 -0000.00240 -0000.00160 -0000.00080 +0000.00000 +0000.00080 +0000.00160 +0000.00240 +0000.00320 +0000.00400 
+0000.00250 +2.4828e-03 +2.4869e-03 +2.4902e-03 +2.4926e-03 +2.4941e-03 +2.4946e-03 +2.4942e-03 +2.4928e-03 +2.4906e-03 +2.4875e-03 +2.4835e-03 
+0000.00167 +1.6548e-03 +1.6577e-03 +1.6599e-03 +1.6615e-03 +1.6624e-03 +1.6628e-03 +1.6626e-03 +1.6617e-03 +1.6603e-03 +1.6582e-03 +1.6554e-03 
+0000.00083 +8.2716e-04 +8.2875e-04 +8.2989e-04 +8.3068e-04 +8.3117e-04 +8.3137e-04 +8.3128e-04 +8.3089e-04 +8.3020e-04 +8.2918e-04 +8.2772e-04 
+0000.00000 -7.3355e-08 -2.9325e-08 +9.5250e-09 +4.6655e-08 +8.4421e-08 +1.2460e-07 +1.6863e-07 +2.1771e-07 +2.7290e-07 +3.3522e-07 +4.0563e-07 
-0000.00083 -8.2730e-04 -8.2880e-04 -8.2986e-04 -8.3059e-04 -8.3100e-04 -8.3112e-04 -8.3094e-04 -8.3045e-04 -8.2966e-04 -8.2851e-04 -8.2692e-04 
-0000.00167 -1.6549e-03 -1.6577e-03 -1.6599e-03 -1.6614e-03 -1.6623e-03 -1.6626e-03 -1.6622e-03 -1.6613e-03 -1.6597e-03 -1.6576e-03 -1.6546e-03 
-0000.00250 -2.4829e-03 -2.4869e-03 -2.4901e-03 -2.4924e-03 -2.4939e-03 -2.4944e-03 -2.4939e-03 -2.4924e-03 -2.4900e-03 -2.4868e-03 -2.4827e-03 