# Author: FAC idanalysis.IDKickMap
# Termination_kicks [T2m2]: +0.0000e+00 +0.0000e+00 +0.0000e+00 +0.0000e+00 
# Total Length of Longitudinal Interval [m]
1.2
# Number of Horizontal Points
11
# Number of Vertical Points
7
# Total Horizontal 2nd Order Kick [T2m2]
START
            -0000.00400 -0000.00320 -0000.00240 -0000.00160 -0000.00080 +0000.00000 +0000.00080 +0000.00160 +0000.00240 +0000.00320 +0000.00400 
+0000.00250 +1.9729e-03 +1.6040e-03 +1.2523e-03 +8.8459e-04 +4.7657e-04 +1.0700e-05 -5.2538e-04 -1.1424e-03 -1.8553e-03 -2.6888e-03 -3.6824e-03 
+0000.00167 +1.5568e-03 +1.3087e-03 +1.0462e-03 +7.5107e-04 +4.0870e-04 +5.5500e-06 -4.7118e-04 -1.0356e-03 -1.7058e-03 -2.5095e-03 -3.4904e-03 
+0000.00083 +1.2649e-03 +1.1137e-03 +9.1546e-04 +6.6877e-04 +3.6732e-04 +1.5000e-06 -4.4058e-04 -9.7358e-04 -1.6173e-03 -2.4004e-03 -3.3682e-03 
+0000.00000 +1.1584e-03 +1.0452e-03 +8.7057e-04 +6.4092e-04 +3.5340e-04 +0.0000e+00 -4.3068e-04 -9.5328e-04 -1.5880e-03 -2.3637e-03 -3.3256e-03 
-0000.00083 +1.2655e-03 +1.1142e-03 +9.1582e-04 +6.6903e-04 +3.6748e-04 +1.5500e-06 -4.4068e-04 -9.7378e-04 -1.6176e-03 -2.4009e-03 -3.3689e-03 
-0000.00167 +1.5579e-03 +1.3096e-03 +1.0468e-03 +7.5156e-04 +4.0899e-04 +5.6200e-06 -4.7138e-04 -1.0360e-03 -1.7065e-03 -2.5104e-03 -3.4916e-03 
-0000.00250 +1.9741e-03 +1.6050e-03 +1.2532e-03 +8.8523e-04 +4.7695e-04 +1.0750e-05 -5.2568e-04 -1.1431e-03 -1.8563e-03 -2.6902e-03 -3.6841e-03 
# Total Vertical 2nd Order Kick [T2m2]
START
            -0000.00400 -0000.00320 -0000.00240 -0000.00160 -0000.00080 +0000.00000 +0000.00080 +0000.00160 +0000.00240 +0000.00320 +0000.00400 
+0000.00250 -2.3464e-03 -1.9678e-03 -1.6927e-03 -1.5021e-03 -1.3873e-03 -1.3461e-03 -1.3765e-03 -1.4727e-03 -1.6239e-03 -1.8153e-03 -2.0286e-03 
+0000.00167 -1.6018e-03 -1.3104e-03 -1.1106e-03 -9.7764e-04 -8.9966e-04 -8.7123e-04 -8.8920e-04 -9.4982e-04 -1.0475e-03 -1.1745e-03 -1.3210e-03 
+0000.00083 -8.1992e-04 -6.5787e-04 -5.5135e-04 -4.8243e-04 -4.4265e-04 -4.2802e-04 -4.3634e-04 -4.6575e-04 -5.1386e-04 -5.7766e-04 -6.5367e-04 
+0000.00000 +2.1847e-07 +1.3894e-07 +7.9690e-08 +3.5410e-08 +7.2000e-09 +0.0000e+00 +2.0550e-08 +7.4980e-08 +1.6633e-07 +2.9313e-07 +4.5173e-07 
-0000.00083 +8.2030e-04 +6.5814e-04 +5.5152e-04 +4.8252e-04 +4.4270e-04 +4.2805e-04 +4.3643e-04 +4.6595e-04 +5.1426e-04 +5.7832e-04 +6.5464e-04 
-0000.00167 +1.6022e-03 +1.3108e-03 +1.1108e-03 +9.7779e-04 +8.9978e-04 +8.7137e-04 +8.8942e-04 +9.5020e-04 +1.0481e-03 +1.1755e-03 +1.3223e-03 
-0000.00250 +2.3468e-03 +1.9681e-03 +1.6931e-03 +1.5024e-03 +1.3877e-03 +1.3465e-03 +1.3770e-03 +1.4735e-03 +1.6250e-03 +1.8167e-03 +2.0304e-03 
# Horizontal Final Position [m]
START
            -0000.00400 -0000.00320 -0000.00240 -0000.00160 -0000.00080 +0000.00000 +0000.00080 +0000.00160 +0000.00240 +0000.00320 +0000.00400 
+0000.00250 -3.9888e-03 -3.1930e-03 -2.3970e-03 -1.6012e-03 -8.0580e-04 -1.1068e-05 +7.8288e-04 +1.5759e-03 +2.3679e-03 +3.1585e-03 +3.9474e-03 
+0000.00167 -3.9933e-03 -3.1961e-03 -2.3991e-03 -1.6024e-03 -8.0629e-04 -1.0843e-05 +7.8378e-04 +1.5774e-03 +2.3699e-03 +3.1608e-03 +3.9498e-03 
+0000.00083 -3.9963e-03 -3.1981e-03 -2.4003e-03 -1.6031e-03 -8.0649e-04 -1.0611e-05 +7.8441e-04 +1.5784e-03 +2.3712e-03 +3.1623e-03 +3.9515e-03 
+0000.00000 -3.9973e-03 -3.1986e-03 -2.4006e-03 -1.6031e-03 -8.0638e-04 -1.0351e-05 +7.8480e-04 +1.5789e-03 +2.3718e-03 +3.1631e-03 +3.9522e-03 
-0000.00083 -3.9959e-03 -3.1976e-03 -2.3998e-03 -1.6026e-03 -8.0595e-04 -1.0058e-05 +7.8497e-04 +1.5790e-03 +2.3717e-03 +3.1629e-03 +3.9520e-03 
-0000.00167 -3.9924e-03 -3.1952e-03 -2.3981e-03 -1.6014e-03 -8.0521e-04 -9.7343e-06 +7.8491e-04 +1.5786e-03 +2.3710e-03 +3.1620e-03 +3.9509e-03 
-0000.00250 -3.9875e-03 -3.1916e-03 -2.3955e-03 -1.5996e-03 -8.0417e-04 -9.3944e-06 +7.8459e-04 +1.5776e-03 +2.3696e-03 +3.1602e-03 +3.9490e-03 
# Vertical Final Position [m]
START
            -0000.00400 -0000.00320 -0000.00240 -0000.00160 -0000.00080 +0000.00000 +0000.00080 +0000.00160 +0000.00240 +0000.00320 +0000.00400 
+0000.00250 +2.4721e-03 +2.4761e-03 +2.4789e-03 +2.4808e-03 +2.4817e-03 +2.4819e-03 +2.4812e-03 +2.4798e-03 +2.4778e-03 +2.4754e-03 +2.4727e-03 
+0000.00167 +1.6471e-03 +1.6501e-03 +1.6520e-03 +1.6532e-03 +1.6538e-03 +1.6538e-03 +1.6533e-03 +1.6523e-03 +1.6509e-03 +1.6492e-03 +1.6472e-03 
+0000.00083 +8.2247e-04 +8.2403e-04 +8.2495e-04 +8.2543e-04 +8.2558e-04 +8.2543e-04 +8.2502e-04 +8.2437e-04 +8.2351e-04 +8.2248e-04 +8.2132e-04 
+0000.00000 -1.6562e-06 -1.9165e-06 -2.1943e-06 -2.4865e-06 -2.7903e-06 -3.1024e-06 -3.4191e-06 -3.7374e-06 -4.0542e-06 -4.3668e-06 -4.6716e-06 
-0000.00083 -8.2575e-04 -8.2783e-04 -8.2931e-04 -8.3038e-04 -8.3113e-04 -8.3161e-04 -8.3183e-04 -8.3181e-04 -8.3159e-04 -8.3118e-04 -8.3062e-04 
-0000.00167 -1.6502e-03 -1.6538e-03 -1.6563e-03 -1.6581e-03 -1.6593e-03 -1.6599e-03 -1.6600e-03 -1.6597e-03 -1.6589e-03 -1.6577e-03 -1.6564e-03 
-0000.00250 -2.4751e-03 -2.4796e-03 -2.4830e-03 -2.4855e-03 -2.4870e-03 -2.4878e-03 -2.4878e-03 -2.4870e-03 -2.4856e-03 -2.4838e-03 -2.4816e-03 