# Author: FAC idanalysis.IDKickMap
# Termination_kicks [T2m2]: +0.0000e+00 +0.0000e+00 +0.0000e+00 +0.0000e+00 
# Total Length of Longitudinal Interval [m]
1.2
# Number of Horizontal Points
11
# Number of Vertical Points
7
# Total Horizontal 2nd Order Kick [T2m2]
START
            -0000.00400 -0000.00320 -0000.00240 -0000.00160 -0000.00080 +0000.00000 +0000.00080 +0000.00160 +0000.00240 +0000.00320 +0000.00400 
+0000.00250 +2.8507e-03 +2.3619e-03 +1.8587e-03 +1.3110e-03 +7.0055e-04 +1.9060e-05 -7.3496e-04 -1.5613e-03 -2.4656e-03 -3.4665e-03 -4.6000e-03 
+0000.00167 +2.4619e-03 +2.0798e-03 +1.6571e-03 +1.1770e-03 +6.2957e-04 +9.2800e-06 -6.8696e-04 -1.4632e-03 -2.3299e-03 -3.3101e-03 -4.4464e-03 
+0000.00083 +2.1897e-03 +1.8925e-03 +1.5277e-03 +1.0930e-03 +5.8547e-04 +2.4500e-06 -6.5916e-04 -1.4051e-03 -2.2484e-03 -3.2148e-03 -4.3512e-03 
+0000.00000 +2.0905e-03 +1.8264e-03 +1.4829e-03 +1.0643e-03 +5.7046e-04 +0.0000e+00 -6.4996e-04 -1.3858e-03 -2.2211e-03 -3.1827e-03 -4.3185e-03 
-0000.00083 +2.1896e-03 +1.8925e-03 +1.5277e-03 +1.0930e-03 +5.8547e-04 +2.4600e-06 -6.5906e-04 -1.4051e-03 -2.2484e-03 -3.2148e-03 -4.3512e-03 
-0000.00167 +2.4618e-03 +2.0798e-03 +1.6570e-03 +1.1770e-03 +6.2957e-04 +9.2900e-06 -6.8686e-04 -1.4632e-03 -2.3299e-03 -3.3101e-03 -4.4465e-03 
-0000.00250 +2.8505e-03 +2.3618e-03 +1.8587e-03 +1.3110e-03 +7.0055e-04 +1.9070e-05 -7.3486e-04 -1.5613e-03 -2.4657e-03 -3.4666e-03 -4.6001e-03 
# Total Vertical 2nd Order Kick [T2m2]
START
            -0000.00400 -0000.00320 -0000.00240 -0000.00160 -0000.00080 +0000.00000 +0000.00080 +0000.00160 +0000.00240 +0000.00320 +0000.00400 
+0000.00250 -2.9816e-03 -2.6252e-03 -2.3612e-03 -2.1745e-03 -2.0590e-03 -2.0138e-03 -2.0375e-03 -2.1240e-03 -2.2610e-03 -2.4307e-03 -2.6104e-03 
+0000.00167 -2.0449e-03 -1.7695e-03 -1.5754e-03 -1.4427e-03 -1.3624e-03 -1.3306e-03 -1.3449e-03 -1.4008e-03 -1.4911e-03 -1.6050e-03 -1.7273e-03 
+0000.00083 -1.0470e-03 -8.9398e-04 -7.8999e-04 -7.2053e-04 -6.7902e-04 -6.6251e-04 -6.6917e-04 -6.9675e-04 -7.4180e-04 -7.9924e-04 -8.6185e-04 
+0000.00000 -8.7539e-08 -5.3939e-08 -3.0999e-08 -1.5659e-08 -5.9210e-09 +0.0000e+00 +4.0650e-09 +8.8040e-09 +1.7902e-08 +3.7403e-08 +7.8552e-08 
-0000.00083 +1.0469e-03 +8.9389e-04 +7.8994e-04 +7.2051e-04 +6.7902e-04 +6.6252e-04 +6.6918e-04 +6.9677e-04 +7.4184e-04 +7.9931e-04 +8.6201e-04 
-0000.00167 +2.0448e-03 +1.7695e-03 +1.5754e-03 +1.4427e-03 +1.3624e-03 +1.3307e-03 +1.3449e-03 +1.4008e-03 +1.4912e-03 +1.6051e-03 +1.7274e-03 
-0000.00250 +2.9815e-03 +2.6252e-03 +2.3612e-03 +2.1745e-03 +2.0590e-03 +2.0138e-03 +2.0375e-03 +2.1240e-03 +2.2610e-03 +2.4308e-03 +2.6105e-03 
# Horizontal Final Position [m]
START
            -0000.00400 -0000.00320 -0000.00240 -0000.00160 -0000.00080 +0000.00000 +0000.00080 +0000.00160 +0000.00240 +0000.00320 +0000.00400 
+0000.00250 -3.9783e-03 -3.1839e-03 -2.3896e-03 -1.5958e-03 -8.0268e-04 -1.0390e-05 +7.8108e-04 +1.5717e-03 +2.3615e-03 +3.1502e-03 +3.9374e-03 
+0000.00167 -3.9827e-03 -3.1871e-03 -2.3919e-03 -1.5973e-03 -8.0349e-04 -1.0509e-05 +7.8162e-04 +1.5728e-03 +2.3630e-03 +3.1520e-03 +3.9391e-03 
+0000.00083 -3.9858e-03 -3.1892e-03 -2.3933e-03 -1.5983e-03 -8.0400e-04 -1.0597e-05 +7.8192e-04 +1.5735e-03 +2.3639e-03 +3.1530e-03 +3.9402e-03 
+0000.00000 -3.9870e-03 -3.1900e-03 -2.3939e-03 -1.5986e-03 -8.0418e-04 -1.0637e-05 +7.8201e-04 +1.5737e-03 +2.3642e-03 +3.1533e-03 +3.9405e-03 
-0000.00083 -3.9859e-03 -3.1892e-03 -2.3934e-03 -1.5983e-03 -8.0402e-04 -1.0621e-05 +7.8189e-04 +1.5734e-03 +2.3639e-03 +3.1529e-03 +3.9401e-03 
-0000.00167 -3.9828e-03 -3.1871e-03 -2.3919e-03 -1.5973e-03 -8.0353e-04 -1.0555e-05 +7.8156e-04 +1.5728e-03 +2.3629e-03 +3.1518e-03 +3.9389e-03 
-0000.00250 -3.9784e-03 -3.1840e-03 -2.3896e-03 -1.5958e-03 -8.0274e-04 -1.0453e-05 +7.8101e-04 +1.5716e-03 +2.3614e-03 +3.1500e-03 +3.9371e-03 
# Vertical Final Position [m]
START
            -0000.00400 -0000.00320 -0000.00240 -0000.00160 -0000.00080 +0000.00000 +0000.00080 +0000.00160 +0000.00240 +0000.00320 +0000.00400 
+0000.00250 +2.4665e-03 +2.4706e-03 +2.4735e-03 +2.4757e-03 +2.4770e-03 +2.4775e-03 +2.4772e-03 +2.4762e-03 +2.4747e-03 +2.4728e-03 +2.4708e-03 
+0000.00167 +1.6438e-03 +1.6469e-03 +1.6491e-03 +1.6506e-03 +1.6515e-03 +1.6519e-03 +1.6517e-03 +1.6511e-03 +1.6501e-03 +1.6488e-03 +1.6475e-03 
+0000.00083 +8.2173e-04 +8.2346e-04 +8.2463e-04 +8.2542e-04 +8.2588e-04 +8.2607e-04 +8.2600e-04 +8.2570e-04 +8.2521e-04 +8.2458e-04 +8.2391e-04 
+0000.00000 +2.4047e-07 +2.3802e-07 +2.3513e-07 +2.3259e-07 +2.3153e-07 +2.3315e-07 +2.3868e-07 +2.4933e-07 +2.6642e-07 +2.9146e-07 +3.2631e-07 
-0000.00083 -8.2124e-04 -8.2297e-04 -8.2416e-04 -8.2494e-04 -8.2542e-04 -8.2560e-04 -8.2552e-04 -8.2520e-04 -8.2467e-04 -8.2399e-04 -8.2325e-04 
-0000.00167 -1.6433e-03 -1.6464e-03 -1.6486e-03 -1.6501e-03 -1.6510e-03 -1.6514e-03 -1.6512e-03 -1.6506e-03 -1.6495e-03 -1.6482e-03 -1.6468e-03 
-0000.00250 -2.4660e-03 -2.4700e-03 -2.4730e-03 -2.4751e-03 -2.4764e-03 -2.4770e-03 -2.4767e-03 -2.4757e-03 -2.4741e-03 -2.4722e-03 -2.4701e-03 