# Author: FAC idanalysis.IDKickMap
# 
# Total Length of Longitudinal Interval [m]
1.2
# Number of Horizontal Points
11
# Number of Vertical Points
7
# Total Horizontal 2nd Order Kick [T2m2]
START
            -0000.00400 -0000.00320 -0000.00240 -0000.00160 -0000.00080 +0000.00000 +0000.00080 +0000.00160 +0000.00240 +0000.00320 +0000.00400 
+0000.00250 +1.9107e-03 +1.4219e-03 +9.1871e-04 +3.7094e-04 -2.3949e-04 -9.2098e-04 -1.6750e-03 -2.5013e-03 -3.4056e-03 -4.4065e-03 -5.5400e-03 
+0000.00167 +1.5219e-03 +1.1398e-03 +7.1704e-04 +2.3695e-04 -3.1047e-04 -9.3076e-04 -1.6270e-03 -2.4032e-03 -3.2699e-03 -4.2501e-03 -5.3864e-03 
+0000.00083 +1.2497e-03 +9.5249e-04 +5.8765e-04 +1.5295e-04 -3.5457e-04 -9.3759e-04 -1.5992e-03 -2.3451e-03 -3.1884e-03 -4.1548e-03 -5.2912e-03 
+0000.00000 +1.1505e-03 +8.8635e-04 +5.4286e-04 +1.2422e-04 -3.6958e-04 -9.4004e-04 -1.5900e-03 -2.3258e-03 -3.1611e-03 -4.1227e-03 -5.2585e-03 
-0000.00083 +1.2496e-03 +9.5245e-04 +5.8763e-04 +1.5294e-04 -3.5457e-04 -9.3758e-04 -1.5991e-03 -2.3451e-03 -3.1884e-03 -4.1548e-03 -5.2912e-03 
-0000.00167 +1.5218e-03 +1.1398e-03 +7.1701e-04 +2.3694e-04 -3.1047e-04 -9.3075e-04 -1.6269e-03 -2.4032e-03 -3.2699e-03 -4.2501e-03 -5.3865e-03 
-0000.00250 +1.9105e-03 +1.4218e-03 +9.1867e-04 +3.7092e-04 -2.3949e-04 -9.2097e-04 -1.6749e-03 -2.5013e-03 -3.4057e-03 -4.4066e-03 -5.5401e-03 
# Total Vertical 2nd Order Kick [T2m2]
START
            -0000.00400 -0000.00320 -0000.00240 -0000.00160 -0000.00080 +0000.00000 +0000.00080 +0000.00160 +0000.00240 +0000.00320 +0000.00400 
+0000.00250 -2.9817e-03 -2.6253e-03 -2.3613e-03 -2.1746e-03 -2.0591e-03 -2.0139e-03 -2.0376e-03 -2.1241e-03 -2.2611e-03 -2.4308e-03 -2.6105e-03 
+0000.00167 -2.0450e-03 -1.7696e-03 -1.5755e-03 -1.4428e-03 -1.3625e-03 -1.3307e-03 -1.3450e-03 -1.4009e-03 -1.4912e-03 -1.6051e-03 -1.7274e-03 
+0000.00083 -1.0471e-03 -8.9407e-04 -7.9008e-04 -7.2062e-04 -6.7911e-04 -6.6260e-04 -6.6926e-04 -6.9684e-04 -7.4189e-04 -7.9933e-04 -8.6194e-04 
+0000.00000 -1.7383e-07 -1.4023e-07 -1.1729e-07 -1.0195e-07 -9.2212e-08 -8.6291e-08 -8.2226e-08 -7.7487e-08 -6.8389e-08 -4.8888e-08 -7.7386e-09 
-0000.00083 +1.0468e-03 +8.9380e-04 +7.8985e-04 +7.2042e-04 +6.7893e-04 +6.6243e-04 +6.6909e-04 +6.9668e-04 +7.4175e-04 +7.9922e-04 +8.6192e-04 
-0000.00167 +2.0447e-03 +1.7694e-03 +1.5753e-03 +1.4426e-03 +1.3623e-03 +1.3306e-03 +1.3448e-03 +1.4007e-03 +1.4911e-03 +1.6050e-03 +1.7273e-03 
-0000.00250 +2.9814e-03 +2.6251e-03 +2.3611e-03 +2.1744e-03 +2.0589e-03 +2.0137e-03 +2.0374e-03 +2.1239e-03 +2.2609e-03 +2.4307e-03 +2.6104e-03 
# Horizontal Final Position [m]
START
            -0000.00400 -0000.00320 -0000.00240 -0000.00160 -0000.00080 +0000.00000 +0000.00080 +0000.00160 +0000.00240 +0000.00320 +0000.00400 
+0000.00250 -3.9783e-03 -3.1839e-03 -2.3896e-03 -1.5958e-03 -8.0268e-04 -1.0390e-05 +7.8108e-04 +1.5717e-03 +2.3615e-03 +3.1502e-03 +3.9374e-03 
+0000.00167 -3.9827e-03 -3.1871e-03 -2.3919e-03 -1.5973e-03 -8.0349e-04 -1.0509e-05 +7.8162e-04 +1.5728e-03 +2.3630e-03 +3.1520e-03 +3.9391e-03 
+0000.00083 -3.9858e-03 -3.1892e-03 -2.3933e-03 -1.5983e-03 -8.0400e-04 -1.0597e-05 +7.8192e-04 +1.5735e-03 +2.3639e-03 +3.1530e-03 +3.9402e-03 
+0000.00000 -3.9870e-03 -3.1900e-03 -2.3939e-03 -1.5986e-03 -8.0418e-04 -1.0637e-05 +7.8201e-04 +1.5737e-03 +2.3642e-03 +3.1533e-03 +3.9405e-03 
-0000.00083 -3.9859e-03 -3.1892e-03 -2.3934e-03 -1.5983e-03 -8.0402e-04 -1.0621e-05 +7.8189e-04 +1.5734e-03 +2.3639e-03 +3.1529e-03 +3.9401e-03 
-0000.00167 -3.9828e-03 -3.1871e-03 -2.3919e-03 -1.5973e-03 -8.0353e-04 -1.0555e-05 +7.8156e-04 +1.5728e-03 +2.3629e-03 +3.1518e-03 +3.9389e-03 
-0000.00250 -3.9784e-03 -3.1840e-03 -2.3896e-03 -1.5958e-03 -8.0274e-04 -1.0453e-05 +7.8101e-04 +1.5716e-03 +2.3614e-03 +3.1500e-03 +3.9371e-03 
# Vertical Final Position [m]
START
            -0000.00400 -0000.00320 -0000.00240 -0000.00160 -0000.00080 +0000.00000 +0000.00080 +0000.00160 +0000.00240 +0000.00320 +0000.00400 
+0000.00250 +2.4665e-03 +2.4706e-03 +2.4735e-03 +2.4757e-03 +2.4770e-03 +2.4775e-03 +2.4772e-03 +2.4762e-03 +2.4747e-03 +2.4728e-03 +2.4708e-03 
+0000.00167 +1.6438e-03 +1.6469e-03 +1.6491e-03 +1.6506e-03 +1.6515e-03 +1.6519e-03 +1.6517e-03 +1.6511e-03 +1.6501e-03 +1.6488e-03 +1.6475e-03 
+0000.00083 +8.2173e-04 +8.2346e-04 +8.2463e-04 +8.2542e-04 +8.2588e-04 +8.2607e-04 +8.2600e-04 +8.2570e-04 +8.2521e-04 +8.2458e-04 +8.2391e-04 
+0000.00000 +2.4047e-07 +2.3802e-07 +2.3513e-07 +2.3259e-07 +2.3153e-07 +2.3315e-07 +2.3868e-07 +2.4933e-07 +2.6642e-07 +2.9146e-07 +3.2631e-07 
-0000.00083 -8.2124e-04 -8.2297e-04 -8.2416e-04 -8.2494e-04 -8.2542e-04 -8.2560e-04 -8.2552e-04 -8.2520e-04 -8.2467e-04 -8.2399e-04 -8.2325e-04 
-0000.00167 -1.6433e-03 -1.6464e-03 -1.6486e-03 -1.6501e-03 -1.6510e-03 -1.6514e-03 -1.6512e-03 -1.6506e-03 -1.6495e-03 -1.6482e-03 -1.6468e-03 
-0000.00250 -2.4660e-03 -2.4700e-03 -2.4730e-03 -2.4751e-03 -2.4764e-03 -2.4770e-03 -2.4767e-03 -2.4757e-03 -2.4741e-03 -2.4722e-03 -2.4701e-03 