# Author: FAC idanalysis.IDKickMap
# 
# Total Length of Longitudinal Interval [m]
1.2
# Number of Horizontal Points
11
# Number of Vertical Points
7
# Total Horizontal 2nd Order Kick [T2m2]
START
            -0000.00400 -0000.00320 -0000.00240 -0000.00160 -0000.00080 +0000.00000 +0000.00080 +0000.00160 +0000.00240 +0000.00320 +0000.00400 
+0000.00250 +2.3578e-03 +1.9263e-03 +1.5036e-03 +1.0696e-03 +6.1794e-04 +1.5340e-04 -3.1204e-04 -7.6638e-04 -1.2045e-03 -1.6326e-03 -2.0703e-03 
+0000.00167 +1.9942e-03 +1.6463e-03 +1.2930e-03 +9.2548e-04 +5.4313e-04 +1.5127e-04 -2.4141e-04 -6.2617e-04 -9.9760e-04 -1.3561e-03 -1.7104e-03 
+0000.00083 +1.7538e-03 +1.4720e-03 +1.1671e-03 +8.4171e-04 +5.0041e-04 +1.5002e-04 -2.0115e-04 -5.4477e-04 -8.7396e-04 -1.1841e-03 -1.4726e-03 
+0000.00000 +1.6685e-03 +1.4123e-03 +1.1249e-03 +8.1409e-04 +4.8645e-04 +1.4961e-04 -1.8799e-04 -5.1793e-04 -8.3258e-04 -1.1251e-03 -1.3882e-03 
-0000.00083 +1.7538e-03 +1.4720e-03 +1.1671e-03 +8.4171e-04 +5.0041e-04 +1.5003e-04 -2.0113e-04 -5.4475e-04 -8.7394e-04 -1.1840e-03 -1.4726e-03 
-0000.00167 +1.9942e-03 +1.6463e-03 +1.2930e-03 +9.2549e-04 +5.4315e-04 +1.5130e-04 -2.4137e-04 -6.2613e-04 -9.9756e-04 -1.3561e-03 -1.7103e-03 
-0000.00250 +2.3578e-03 +1.9263e-03 +1.5036e-03 +1.0697e-03 +6.1798e-04 +1.5345e-04 -3.1198e-04 -7.6631e-04 -1.2044e-03 -1.6325e-03 -2.0702e-03 
# Total Vertical 2nd Order Kick [T2m2]
START
            -0000.00400 -0000.00320 -0000.00240 -0000.00160 -0000.00080 +0000.00000 +0000.00080 +0000.00160 +0000.00240 +0000.00320 +0000.00400 
+0000.00250 -1.5049e-03 -1.1475e-03 -8.6669e-04 -6.5883e-04 -5.2837e-04 -4.8216e-04 -5.2341e-04 -6.4912e-04 -8.5260e-04 -1.1294e-03 -1.4831e-03 
+0000.00167 -1.0395e-03 -7.8457e-04 -5.9523e-04 -4.6073e-04 -3.7867e-04 -3.4999e-04 -3.7544e-04 -4.5438e-04 -5.8592e-04 -7.7241e-04 -1.0245e-03 
+0000.00083 -5.3621e-04 -4.0060e-04 -3.0401e-04 -2.3725e-04 -1.9724e-04 -1.8336e-04 -1.9564e-04 -2.3410e-04 -2.9935e-04 -3.9445e-04 -5.2847e-04 
+0000.00000 -2.9364e-08 -3.3053e-08 -3.1430e-08 -2.7281e-08 -2.2212e-08 -1.7552e-08 -1.4707e-08 -1.5360e-08 -2.1756e-08 -3.7347e-08 -6.8480e-08 
-0000.00083 +5.3617e-04 +4.0054e-04 +3.0395e-04 +2.3720e-04 +1.9720e-04 +1.8333e-04 +1.9561e-04 +2.3407e-04 +2.9930e-04 +3.9437e-04 +5.2833e-04 
-0000.00167 +1.0395e-03 +7.8453e-04 +5.9519e-04 +4.6069e-04 +3.7864e-04 +3.4996e-04 +3.7542e-04 +4.5434e-04 +5.8586e-04 +7.7232e-04 +1.0243e-03 
-0000.00250 +1.5050e-03 +1.1475e-03 +8.6667e-04 +6.5880e-04 +5.2835e-04 +4.8214e-04 +5.2338e-04 +6.4908e-04 +8.5254e-04 +1.1293e-03 +1.4829e-03 
# Horizontal Final Position [m]
START
            -0000.00400 -0000.00320 -0000.00240 -0000.00160 -0000.00080 +0000.00000 +0000.00080 +0000.00160 +0000.00240 +0000.00320 +0000.00400 
+0000.00250 -3.9730e-03 -3.1779e-03 -2.3828e-03 -1.5877e-03 -7.9285e-04 +1.8697e-06 +7.9658e-04 +1.5914e-03 +2.3865e-03 +3.1816e-03 +3.9766e-03 
+0000.00167 -3.9772e-03 -3.1812e-03 -2.3852e-03 -1.5894e-03 -7.9374e-04 +1.8064e-06 +7.9734e-04 +1.5930e-03 +2.3888e-03 +3.1847e-03 +3.9807e-03 
+0000.00083 -3.9800e-03 -3.1832e-03 -2.3867e-03 -1.5904e-03 -7.9426e-04 +1.7504e-06 +7.9776e-04 +1.5939e-03 +2.3901e-03 +3.1866e-03 +3.9833e-03 
+0000.00000 -3.9810e-03 -3.1839e-03 -2.3872e-03 -1.5907e-03 -7.9446e-04 +1.7024e-06 +7.9786e-04 +1.5941e-03 +2.3905e-03 +3.1872e-03 +3.9842e-03 
-0000.00083 -3.9801e-03 -3.1833e-03 -2.3868e-03 -1.5905e-03 -7.9435e-04 +1.6639e-06 +7.9767e-04 +1.5938e-03 +2.3900e-03 +3.1865e-03 +3.9832e-03 
-0000.00167 -3.9774e-03 -3.1814e-03 -2.3854e-03 -1.5896e-03 -7.9390e-04 +1.6366e-06 +7.9716e-04 +1.5928e-03 +2.3885e-03 +3.1844e-03 +3.9804e-03 
-0000.00250 -3.9733e-03 -3.1782e-03 -2.3830e-03 -1.5879e-03 -7.9309e-04 +1.6222e-06 +7.9632e-04 +1.5911e-03 +2.3861e-03 +3.1812e-03 +3.9762e-03 
# Vertical Final Position [m]
START
            -0000.00400 -0000.00320 -0000.00240 -0000.00160 -0000.00080 +0000.00000 +0000.00080 +0000.00160 +0000.00240 +0000.00320 +0000.00400 
+0000.00250 +2.4828e-03 +2.4869e-03 +2.4902e-03 +2.4926e-03 +2.4941e-03 +2.4946e-03 +2.4942e-03 +2.4928e-03 +2.4906e-03 +2.4875e-03 +2.4835e-03 
+0000.00167 +1.6548e-03 +1.6577e-03 +1.6599e-03 +1.6615e-03 +1.6624e-03 +1.6628e-03 +1.6626e-03 +1.6617e-03 +1.6603e-03 +1.6582e-03 +1.6554e-03 
+0000.00083 +8.2716e-04 +8.2875e-04 +8.2989e-04 +8.3068e-04 +8.3117e-04 +8.3137e-04 +8.3128e-04 +8.3089e-04 +8.3020e-04 +8.2918e-04 +8.2772e-04 
+0000.00000 -7.3355e-08 -2.9325e-08 +9.5250e-09 +4.6655e-08 +8.4421e-08 +1.2460e-07 +1.6863e-07 +2.1771e-07 +2.7290e-07 +3.3522e-07 +4.0563e-07 
-0000.00083 -8.2730e-04 -8.2880e-04 -8.2986e-04 -8.3059e-04 -8.3100e-04 -8.3112e-04 -8.3094e-04 -8.3045e-04 -8.2966e-04 -8.2851e-04 -8.2692e-04 
-0000.00167 -1.6549e-03 -1.6577e-03 -1.6599e-03 -1.6614e-03 -1.6623e-03 -1.6626e-03 -1.6622e-03 -1.6613e-03 -1.6597e-03 -1.6576e-03 -1.6546e-03 
-0000.00250 -2.4829e-03 -2.4869e-03 -2.4901e-03 -2.4924e-03 -2.4939e-03 -2.4944e-03 -2.4939e-03 -2.4924e-03 -2.4900e-03 -2.4868e-03 -2.4827e-03 