# Author: FAC idanalysis.IDKickMap
# Termination_kicks [T2m2]: +0.0000e+00 +0.0000e+00 +0.0000e+00 +0.0000e+00 
# Total Length of Longitudinal Interval [m]
1.2
# Number of Horizontal Points
11
# Number of Vertical Points
7
# Total Horizontal 2nd Order Kick [T2m2]
START
            -0000.00400 -0000.00320 -0000.00240 -0000.00160 -0000.00080 +0000.00000 +0000.00080 +0000.00160 +0000.00240 +0000.00320 +0000.00400 
+0000.00250 +5.4906e-03 +4.2178e-03 +3.0774e-03 +2.0138e-03 +9.8894e-04 -1.9390e-05 -1.0234e-03 -2.0356e-03 -3.0787e-03 -4.1917e-03 -5.4311e-03 
+0000.00167 +5.3798e-03 +4.0642e-03 +2.9242e-03 +1.8940e-03 +9.2741e-04 -8.5100e-06 -9.4034e-04 -1.8945e-03 -2.9046e-03 -4.0168e-03 -5.2973e-03 
+0000.00083 +5.3336e-03 +3.9883e-03 +2.8461e-03 +1.8329e-03 +8.9660e-04 -2.0600e-06 -8.9664e-04 -1.8207e-03 -2.8136e-03 -3.9275e-03 -5.2361e-03 
+0000.00000 +5.3212e-03 +3.9655e-03 +2.8222e-03 +1.8141e-03 +8.8718e-04 +0.0000e+00 -8.8314e-04 -1.7978e-03 -2.7856e-03 -3.9004e-03 -5.2187e-03 
-0000.00083 +5.3331e-03 +3.9878e-03 +2.8457e-03 +1.8325e-03 +8.9630e-04 -2.3400e-06 -8.9694e-04 -1.8209e-03 -2.8139e-03 -3.9278e-03 -5.2365e-03 
-0000.00167 +5.3789e-03 +4.0634e-03 +2.9234e-03 +1.8933e-03 +9.2678e-04 -9.1000e-06 -9.4084e-04 -1.8951e-03 -2.9052e-03 -4.0175e-03 -5.2981e-03 
-0000.00250 +5.4893e-03 +4.2164e-03 +3.0761e-03 +2.0127e-03 +9.8791e-04 -2.0350e-05 -1.0243e-03 -2.0366e-03 -3.0797e-03 -4.1928e-03 -5.4323e-03 
# Total Vertical 2nd Order Kick [T2m2]
START
            -0000.00400 -0000.00320 -0000.00240 -0000.00160 -0000.00080 +0000.00000 +0000.00080 +0000.00160 +0000.00240 +0000.00320 +0000.00400 
+0000.00250 -1.4303e-04 +3.4905e-05 +2.3253e-04 +4.0757e-04 +5.2463e-04 +5.5819e-04 +4.9886e-04 +3.5647e-04 +1.5676e-04 -6.5175e-05 -2.6796e-04 
+0000.00167 -1.5982e-05 +7.4032e-05 +1.8188e-04 +2.7821e-04 +3.4179e-04 +3.5886e-04 +3.2463e-04 +2.4405e-04 +1.3086e-04 +5.9409e-06 -1.0223e-04 
+0000.00083 +1.6830e-05 +5.3001e-05 +9.9600e-05 +1.4183e-04 +1.6957e-04 +1.7661e-04 +1.6087e-04 +1.2449e-04 +7.3585e-05 +1.8066e-05 -2.7842e-05 
+0000.00000 +8.8511e-07 +6.3646e-07 +4.5045e-07 +2.8882e-07 +1.3851e-07 +0.0000e+00 -1.1965e-07 -2.1153e-07 -2.6718e-07 -2.7748e-07 -2.2461e-07 
-0000.00083 -1.5116e-05 -5.1758e-05 -9.8713e-05 -1.4125e-04 -1.6928e-04 -1.7660e-04 -1.6110e-04 -1.2490e-04 -7.4116e-05 -1.8619e-05 +2.7380e-05 
-0000.00167 +1.7523e-05 -7.2880e-05 -1.8102e-04 -2.7764e-04 -3.4150e-04 -3.5884e-04 -3.2485e-04 -2.4445e-04 -1.3136e-04 -6.4755e-06 +1.0177e-04 
-0000.00250 +1.4429e-04 -3.3916e-05 -2.3176e-04 -4.0703e-04 -5.2435e-04 -5.5816e-04 -4.9906e-04 -3.5684e-04 -1.5721e-04 +6.4698e-05 +2.6754e-04 
# Horizontal Final Position [m]
START
            -0000.00400 -0000.00320 -0000.00240 -0000.00160 -0000.00080 +0000.00000 +0000.00080 +0000.00160 +0000.00240 +0000.00320 +0000.00400 
+0000.00250 -3.9403e-03 -3.1546e-03 -2.3675e-03 -1.5794e-03 -7.9096e-04 -2.2857e-06 +7.8645e-04 +1.5751e-03 +2.3634e-03 +3.1509e-03 +3.9370e-03 
+0000.00167 -3.9413e-03 -3.1561e-03 -2.3689e-03 -1.5805e-03 -7.9141e-04 -1.9424e-06 +7.8758e-04 +1.5769e-03 +2.3655e-03 +3.1530e-03 +3.9386e-03 
+0000.00083 -3.9415e-03 -3.1567e-03 -2.3696e-03 -1.5810e-03 -7.9153e-04 -1.6570e-06 +7.8827e-04 +1.5779e-03 +2.3667e-03 +3.1541e-03 +3.9394e-03 
+0000.00000 -3.9414e-03 -3.1567e-03 -2.3696e-03 -1.5810e-03 -7.9141e-04 -1.4248e-06 +7.8861e-04 +1.5783e-03 +2.3671e-03 +3.1546e-03 +3.9397e-03 
-0000.00083 -3.9409e-03 -3.1562e-03 -2.3691e-03 -1.5805e-03 -7.9109e-04 -1.2423e-06 +7.8864e-04 +1.5782e-03 +2.3670e-03 +3.1544e-03 +3.9395e-03 
-0000.00167 -3.9401e-03 -3.1550e-03 -2.3679e-03 -1.5796e-03 -7.9051e-04 -1.1060e-06 +7.8834e-04 +1.5775e-03 +2.3661e-03 +3.1534e-03 +3.9389e-03 
-0000.00250 -3.9386e-03 -3.1530e-03 -2.3659e-03 -1.5780e-03 -7.8958e-04 -1.0125e-06 +7.8759e-04 +1.5761e-03 +2.3642e-03 +3.1516e-03 +3.9375e-03 
# Vertical Final Position [m]
START
            -0000.00400 -0000.00320 -0000.00240 -0000.00160 -0000.00080 +0000.00000 +0000.00080 +0000.00160 +0000.00240 +0000.00320 +0000.00400 
+0000.00250 +2.4999e-03 +2.5016e-03 +2.5036e-03 +2.5053e-03 +2.5064e-03 +2.5065e-03 +2.5057e-03 +2.5039e-03 +2.5015e-03 +2.4988e-03 +2.4965e-03 
+0000.00167 +1.6679e-03 +1.6687e-03 +1.6697e-03 +1.6705e-03 +1.6710e-03 +1.6710e-03 +1.6704e-03 +1.6693e-03 +1.6679e-03 +1.6664e-03 +1.6650e-03 
+0000.00083 +8.3497e-04 +8.3512e-04 +8.3540e-04 +8.3564e-04 +8.3573e-04 +8.3560e-04 +8.3523e-04 +8.3465e-04 +8.3393e-04 +8.3318e-04 +8.3258e-04 
+0000.00000 +1.4530e-06 +1.1911e-06 +9.4381e-07 +7.0863e-07 +4.8585e-07 +2.7745e-07 +8.6359e-08 -8.4060e-08 -2.3019e-07 -3.4779e-07 -4.3076e-07 
-0000.00083 -8.3206e-04 -8.3273e-04 -8.3351e-04 -8.3422e-04 -8.3476e-04 -8.3505e-04 -8.3507e-04 -8.3483e-04 -8.3440e-04 -8.3389e-04 -8.3346e-04 
-0000.00167 -1.6650e-03 -1.6663e-03 -1.6678e-03 -1.6691e-03 -1.6700e-03 -1.6705e-03 -1.6703e-03 -1.6695e-03 -1.6684e-03 -1.6671e-03 -1.6660e-03 
-0000.00250 -2.4969e-03 -2.4992e-03 -2.5017e-03 -2.5039e-03 -2.5054e-03 -2.5061e-03 -2.5056e-03 -2.5042e-03 -2.5021e-03 -2.4997e-03 -2.4975e-03 