# Author: FAC idanalysis.IDKickMap
# Termination_kicks [T2m2]: +0.0000e+00 +0.0000e+00 +0.0000e+00 +0.0000e+00 
# Total Length of Longitudinal Interval [m]
1.2
# Number of Horizontal Points
11
# Number of Vertical Points
7
# Total Horizontal 2nd Order Kick [T2m2]
START
            -0000.00400 -0000.00320 -0000.00240 -0000.00160 -0000.00080 +0000.00000 +0000.00080 +0000.00160 +0000.00240 +0000.00320 +0000.00400 
+0000.00250 +3.2460e-03 +2.4659e-03 +1.7781e-03 +1.1485e-03 +5.5424e-04 -2.1210e-05 -5.9172e-04 -1.1714e-03 -1.7776e-03 -2.4341e-03 -3.1763e-03 
+0000.00167 +2.9581e-03 +2.2589e-03 +1.6367e-03 +1.0629e-03 +5.1867e-04 -9.4400e-06 -5.3278e-04 -1.0627e-03 -1.6133e-03 -2.2033e-03 -2.8621e-03 
+0000.00083 +2.7471e-03 +2.1138e-03 +1.5397e-03 +1.0045e-03 +4.9407e-04 -2.3900e-06 -4.9411e-04 -9.9033e-04 -1.5019e-03 -2.0431e-03 -2.6334e-03 
+0000.00000 +2.6684e-03 +2.0613e-03 +1.5051e-03 +9.8381e-04 +4.8533e-04 +0.0000e+00 -4.8060e-04 -9.6483e-04 -1.4624e-03 -1.9852e-03 -2.5485e-03 
-0000.00083 +2.7465e-03 +2.1135e-03 +1.5396e-03 +1.0045e-03 +4.9412e-04 -2.2600e-06 -4.9390e-04 -9.9003e-04 -1.5016e-03 -2.0426e-03 -2.6328e-03 
-0000.00167 +2.9572e-03 +2.2583e-03 +1.6365e-03 +1.0628e-03 +5.1880e-04 -9.1700e-06 -5.3237e-04 -1.0622e-03 -1.6126e-03 -2.2025e-03 -2.8610e-03 
-0000.00250 +3.2449e-03 +2.4652e-03 +1.7779e-03 +1.1485e-03 +5.5451e-04 -2.0760e-05 -5.9113e-04 -1.1707e-03 -1.7768e-03 -2.4331e-03 -3.1751e-03 
# Total Vertical 2nd Order Kick [T2m2]
START
            -0000.00400 -0000.00320 -0000.00240 -0000.00160 -0000.00080 +0000.00000 +0000.00080 +0000.00160 +0000.00240 +0000.00320 +0000.00400 
+0000.00250 -3.7663e-03 -3.5116e-03 -3.3294e-03 -3.2099e-03 -3.1464e-03 -3.1346e-03 -3.1732e-03 -3.2632e-03 -3.4085e-03 -3.6166e-03 -3.8983e-03 
+0000.00167 -2.5421e-03 -2.3318e-03 -2.1862e-03 -2.0920e-03 -2.0416e-03 -2.0311e-03 -2.0593e-03 -2.1274e-03 -2.2393e-03 -2.4030e-03 -2.6333e-03 
+0000.00083 -1.2877e-03 -1.1666e-03 -1.0853e-03 -1.0333e-03 -1.0055e-03 -9.9946e-04 -1.0144e-03 -1.0510e-03 -1.1118e-03 -1.2025e-03 -1.3341e-03 
+0000.00000 -1.3046e-06 -7.9600e-07 -4.5340e-07 -2.2350e-07 -7.7800e-08 +0.0000e+00 +1.8800e-08 -1.8800e-08 -1.1730e-07 -2.9120e-07 -5.7380e-07 
-0000.00083 +1.2851e-03 +1.1649e-03 +1.0842e-03 +1.0327e-03 +1.0052e-03 +9.9934e-04 +1.0142e-03 +1.0508e-03 +1.1115e-03 +1.2018e-03 +1.3330e-03 
-0000.00167 +2.5397e-03 +2.3301e-03 +2.1850e-03 +2.0912e-03 +2.0410e-03 +2.0306e-03 +2.0589e-03 +2.1270e-03 +2.2388e-03 +2.4023e-03 +2.6322e-03 
-0000.00250 +3.7639e-03 +3.5096e-03 +3.3278e-03 +3.2086e-03 +3.1452e-03 +3.1336e-03 +3.1723e-03 +3.2623e-03 +3.4076e-03 +3.6156e-03 +3.8972e-03 
# Horizontal Final Position [m]
START
            -0000.00400 -0000.00320 -0000.00240 -0000.00160 -0000.00080 +0000.00000 +0000.00080 +0000.00160 +0000.00240 +0000.00320 +0000.00400 
+0000.00250 -3.9664e-03 -3.1752e-03 -2.3830e-03 -1.5901e-03 -7.9683e-04 -3.3487e-06 +7.9020e-04 +1.5836e-03 +2.3768e-03 +3.1693e-03 +3.9609e-03 
+0000.00167 -3.9693e-03 -3.1772e-03 -2.3843e-03 -1.5908e-03 -7.9700e-04 -3.0010e-06 +7.9105e-04 +1.5850e-03 +2.3788e-03 +3.1721e-03 +3.9646e-03 
+0000.00083 -3.9713e-03 -3.1786e-03 -2.3851e-03 -1.5912e-03 -7.9705e-04 -2.7193e-06 +7.9167e-04 +1.5860e-03 +2.3802e-03 +3.1740e-03 +3.9672e-03 
+0000.00000 -3.9719e-03 -3.1788e-03 -2.3852e-03 -1.5912e-03 -7.9693e-04 -2.4967e-06 +7.9199e-04 +1.5864e-03 +2.3807e-03 +3.1747e-03 +3.9682e-03 
-0000.00083 -3.9706e-03 -3.1779e-03 -2.3845e-03 -1.5907e-03 -7.9660e-04 -2.3277e-06 +7.9200e-04 +1.5863e-03 +2.3804e-03 +3.1741e-03 +3.9673e-03 
-0000.00167 -3.9678e-03 -3.1759e-03 -2.3831e-03 -1.5898e-03 -7.9608e-04 -2.2069e-06 +7.9172e-04 +1.5856e-03 +2.3792e-03 +3.1724e-03 +3.9647e-03 
-0000.00250 -3.9641e-03 -3.1732e-03 -2.3812e-03 -1.5885e-03 -7.9543e-04 -2.1286e-06 +7.9123e-04 +1.5845e-03 +2.3774e-03 +3.1698e-03 +3.9612e-03 
# Vertical Final Position [m]
START
            -0000.00400 -0000.00320 -0000.00240 -0000.00160 -0000.00080 +0000.00000 +0000.00080 +0000.00160 +0000.00240 +0000.00320 +0000.00400 
+0000.00250 +2.4627e-03 +2.4652e-03 +2.4670e-03 +2.4681e-03 +2.4686e-03 +2.4685e-03 +2.4678e-03 +2.4667e-03 +2.4649e-03 +2.4624e-03 +2.4591e-03 
+0000.00167 +1.6434e-03 +1.6454e-03 +1.6468e-03 +1.6476e-03 +1.6479e-03 +1.6478e-03 +1.6473e-03 +1.6464e-03 +1.6450e-03 +1.6431e-03 +1.6404e-03 
+0000.00083 +8.2446e-04 +8.2549e-04 +8.2610e-04 +8.2643e-04 +8.2651e-04 +8.2637e-04 +8.2603e-04 +8.2547e-04 +8.2466e-04 +8.2355e-04 +8.2200e-04 
+0000.00000 +5.8995e-06 +5.5371e-06 +5.2253e-06 +4.9539e-06 +4.7179e-06 +4.5153e-06 +4.3455e-06 +4.2087e-06 +4.1054e-06 +4.0368e-06 +4.0050e-06 
-0000.00083 -8.1266e-04 -8.1441e-04 -8.1565e-04 -8.1652e-04 -8.1708e-04 -8.1735e-04 -8.1735e-04 -8.1707e-04 -8.1647e-04 -8.1550e-04 -8.1403e-04 
-0000.00167 -1.6316e-03 -1.6344e-03 -1.6363e-03 -1.6377e-03 -1.6385e-03 -1.6389e-03 -1.6387e-03 -1.6381e-03 -1.6369e-03 -1.6351e-03 -1.6325e-03 
-0000.00250 -2.4509e-03 -2.4541e-03 -2.4565e-03 -2.4582e-03 -2.4592e-03 -2.4595e-03 -2.4593e-03 -2.4584e-03 -2.4569e-03 -2.4546e-03 -2.4514e-03 