# Author: FAC idanalysis.IDKickMap
# 
# Total Length of Longitudinal Interval [m]
1.2
# Number of Horizontal Points
11
# Number of Vertical Points
7
# Total Horizontal 2nd Order Kick [T2m2]
START
            -0000.00400 -0000.00320 -0000.00240 -0000.00160 -0000.00080 +0000.00000 +0000.00080 +0000.00160 +0000.00240 +0000.00320 +0000.00400 
+0000.00250 +2.3100e-03 +1.8590e-03 +1.4151e-03 +9.5906e-04 +4.8554e-04 -9.1340e-09 -4.8555e-04 -9.5908e-04 -1.4151e-03 -1.8590e-03 -2.3100e-03 
+0000.00167 +1.9481e-03 +1.5857e-03 +1.2134e-03 +8.2356e-04 +4.1684e-04 -2.2096e-09 -4.1685e-04 -8.2357e-04 -1.2134e-03 -1.5857e-03 -1.9481e-03 
+0000.00083 +1.7045e-03 +1.4117e-03 +1.0898e-03 +7.4268e-04 +3.7650e-04 +2.6495e-10 -3.7650e-04 -7.4267e-04 -1.0898e-03 -1.4117e-03 -1.7044e-03 
+0000.00000 +1.6173e-03 +1.3515e-03 +1.0479e-03 +7.1564e-04 +3.6313e-04 +2.9229e-10 -3.6313e-04 -7.1564e-04 -1.0479e-03 -1.3515e-03 -1.6173e-03 
-0000.00083 +1.7045e-03 +1.4117e-03 +1.0898e-03 +7.4267e-04 +3.7650e-04 +3.2521e-10 -3.7650e-04 -7.4267e-04 -1.0898e-03 -1.4117e-03 -1.7045e-03 
-0000.00167 +1.9481e-03 +1.5857e-03 +1.2134e-03 +8.2357e-04 +4.1685e-04 +2.8060e-09 -4.1684e-04 -8.2356e-04 -1.2134e-03 -1.5857e-03 -1.9481e-03 
-0000.00250 +2.3100e-03 +1.8590e-03 +1.4151e-03 +9.5908e-04 +4.8555e-04 +9.7467e-09 -4.8554e-04 -9.5906e-04 -1.4151e-03 -1.8590e-03 -2.3100e-03 
# Total Vertical 2nd Order Kick [T2m2]
START
            -0000.00400 -0000.00320 -0000.00240 -0000.00160 -0000.00080 +0000.00000 +0000.00080 +0000.00160 +0000.00240 +0000.00320 +0000.00400 
+0000.00250 -2.0925e-03 -1.7448e-03 -1.4772e-03 -1.2831e-03 -1.1636e-03 -1.1231e-03 -1.1636e-03 -1.2831e-03 -1.4773e-03 -1.7449e-03 -2.0926e-03 
+0000.00167 -1.4420e-03 -1.1872e-03 -1.0014e-03 -8.7163e-04 -7.9390e-04 -7.6790e-04 -7.9391e-04 -8.7165e-04 -1.0014e-03 -1.1873e-03 -1.4421e-03 
+0000.00083 -7.4105e-04 -6.0360e-04 -5.0713e-04 -4.4147e-04 -4.0278e-04 -3.8994e-04 -4.0278e-04 -4.4148e-04 -5.0715e-04 -6.0364e-04 -7.4112e-04 
+0000.00000 +3.0601e-08 +1.4549e-08 +6.3369e-09 +2.3908e-09 +8.0793e-10 +3.0877e-10 -1.8462e-10 -1.7520e-09 -5.6734e-09 -1.3850e-08 -2.9858e-08 
-0000.00083 +7.4112e-04 +6.0364e-04 +5.0715e-04 +4.4148e-04 +4.0278e-04 +3.8994e-04 +4.0278e-04 +4.4147e-04 +5.0713e-04 +6.0360e-04 +7.4105e-04 
-0000.00167 +1.4421e-03 +1.1873e-03 +1.0014e-03 +8.7165e-04 +7.9391e-04 +7.6790e-04 +7.9390e-04 +8.7163e-04 +1.0014e-03 +1.1872e-03 +1.4420e-03 
-0000.00250 +2.0926e-03 +1.7449e-03 +1.4773e-03 +1.2831e-03 +1.1636e-03 +1.1231e-03 +1.1636e-03 +1.2831e-03 +1.4772e-03 +1.7448e-03 +2.0925e-03 
# Horizontal Final Position [m]
START
            -0000.00400 -0000.00320 -0000.00240 -0000.00160 -0000.00080 +0000.00000 +0000.00080 +0000.00160 +0000.00240 +0000.00320 +0000.00400 
+0000.00250 -3.9735e-03 -3.1787e-03 -2.3838e-03 -1.5890e-03 -7.9436e-04 +1.0793e-07 +7.9458e-04 +1.5892e-03 +2.3840e-03 +3.1790e-03 +3.9739e-03 
+0000.00167 -3.9777e-03 -3.1818e-03 -2.3861e-03 -1.5905e-03 -7.9518e-04 +7.5295e-08 +7.9533e-04 +1.5907e-03 +2.3863e-03 +3.1821e-03 +3.9780e-03 
+0000.00083 -3.9805e-03 -3.1839e-03 -2.3876e-03 -1.5915e-03 -7.9568e-04 +3.8659e-08 +7.9576e-04 +1.5916e-03 +2.3876e-03 +3.1840e-03 +3.9807e-03 
+0000.00000 -3.9816e-03 -3.1846e-03 -2.3881e-03 -1.5919e-03 -7.9587e-04 +7.6493e-12 +7.9587e-04 +1.5919e-03 +2.3881e-03 +3.1846e-03 +3.9816e-03 
-0000.00083 -3.9807e-03 -3.1840e-03 -2.3876e-03 -1.5916e-03 -7.9576e-04 -3.8644e-08 +7.9568e-04 +1.5915e-03 +2.3876e-03 +3.1839e-03 +3.9805e-03 
-0000.00167 -3.9780e-03 -3.1821e-03 -2.3863e-03 -1.5907e-03 -7.9533e-04 -7.5280e-08 +7.9518e-04 +1.5905e-03 +2.3861e-03 +3.1818e-03 +3.9777e-03 
-0000.00250 -3.9739e-03 -3.1790e-03 -2.3840e-03 -1.5892e-03 -7.9458e-04 -1.0791e-07 +7.9436e-04 +1.5890e-03 +2.3838e-03 +3.1787e-03 +3.9735e-03 
# Vertical Final Position [m]
START
            -0000.00400 -0000.00320 -0000.00240 -0000.00160 -0000.00080 +0000.00000 +0000.00080 +0000.00160 +0000.00240 +0000.00320 +0000.00400 
+0000.00250 +2.4760e-03 +2.4800e-03 +2.4831e-03 +2.4853e-03 +2.4867e-03 +2.4872e-03 +2.4868e-03 +2.4855e-03 +2.4833e-03 +2.4803e-03 +2.4764e-03 
+0000.00167 +1.6501e-03 +1.6530e-03 +1.6552e-03 +1.6567e-03 +1.6576e-03 +1.6579e-03 +1.6577e-03 +1.6568e-03 +1.6554e-03 +1.6533e-03 +1.6504e-03 
+0000.00083 +8.2469e-04 +8.2631e-04 +8.2745e-04 +8.2823e-04 +8.2871e-04 +8.2890e-04 +8.2879e-04 +8.2838e-04 +8.2768e-04 +8.2662e-04 +8.2510e-04 
+0000.00000 -2.0794e-07 -1.6034e-07 -1.1682e-07 -7.6291e-08 -3.7679e-08 +5.0904e-13 +3.7680e-08 +7.6292e-08 +1.1682e-07 +1.6034e-07 +2.0794e-07 
-0000.00083 -8.2510e-04 -8.2662e-04 -8.2768e-04 -8.2838e-04 -8.2879e-04 -8.2890e-04 -8.2871e-04 -8.2823e-04 -8.2745e-04 -8.2631e-04 -8.2469e-04 
-0000.00167 -1.6504e-03 -1.6533e-03 -1.6554e-03 -1.6568e-03 -1.6577e-03 -1.6579e-03 -1.6576e-03 -1.6567e-03 -1.6552e-03 -1.6530e-03 -1.6501e-03 
-0000.00250 -2.4764e-03 -2.4803e-03 -2.4833e-03 -2.4855e-03 -2.4868e-03 -2.4872e-03 -2.4867e-03 -2.4853e-03 -2.4831e-03 -2.4800e-03 -2.4760e-03 