# Author: FAC idanalysis.IDKickMap
# 
# Total Length of Longitudinal Interval [m]
1.65
# Number of Horizontal Points
9
# Number of Vertical Points
7
# Total Horizontal 2nd Order Kick [T2m2]
START
            -0000.00395 -0000.00296 -0000.00198 -0000.00099 +0000.00000 +0000.00099 +0000.00198 +0000.00296 +0000.00395 
+0000.00295 +3.1057e-03 +1.9227e-03 +1.1078e-03 +5.0940e-04 +1.3925e-05 -4.8590e-04 -1.0686e-03 -1.8579e-03 -3.0068e-03 
+0000.00197 +3.1033e-03 +1.9207e-03 +1.1064e-03 +5.0842e-04 +1.0926e-05 -4.8911e-04 -1.0731e-03 -1.8651e-03 -3.0171e-03 
+0000.00098 +2.9795e-03 +1.8441e-03 +1.0617e-03 +4.6648e-04 -3.0587e-05 -5.3536e-04 -1.1300e-03 -1.9630e-03 -3.1756e-03 
+0000.00000 +3.6176e-03 +2.2702e-03 +1.3235e-03 +6.5583e-04 +2.6982e-04 -2.4380e-04 -7.6294e-04 -1.3766e-03 -2.3124e-03 
-0000.00098 +3.2402e-03 +2.0048e-03 +1.1551e-03 +5.5249e-04 +5.0355e-05 -4.4662e-04 -1.0232e-03 -1.7784e-03 -2.8751e-03 
-0000.00197 +3.0841e-03 +1.9071e-03 +1.0977e-03 +5.0301e-04 -8.7982e-07 -5.0007e-04 -1.0873e-03 -1.8869e-03 -3.0477e-03 
-0000.00295 +3.0768e-03 +1.9022e-03 +1.0946e-03 +5.0126e-04 -3.8156e-06 -5.0239e-04 -1.0899e-03 -1.8908e-03 -3.0528e-03 
# Total Vertical 2nd Order Kick [T2m2]
START
            -0000.00395 -0000.00296 -0000.00198 -0000.00099 +0000.00000 +0000.00099 +0000.00198 +0000.00296 +0000.00395 
+0000.00295 +2.4302e-04 +2.1108e-04 +1.8925e-04 +1.7657e-04 +1.7231e-04 +1.7648e-04 +1.8916e-04 +2.1096e-04 +2.4288e-04 
+0000.00197 +2.7363e-04 +2.3823e-04 +2.1393e-04 +1.9977e-04 +1.9502e-04 +1.9971e-04 +2.1389e-04 +2.3819e-04 +2.7362e-04 
+0000.00098 +3.1470e-04 +2.7399e-04 +2.4604e-04 +2.2981e-04 +2.2435e-04 +2.2972e-04 +2.4597e-04 +2.7389e-04 +3.1458e-04 
+0000.00000 +3.4333e-04 +2.9697e-04 +2.6546e-04 +2.4756e-04 +2.3954e-04 +2.4525e-04 +2.6278e-04 +2.9232e-04 +3.3579e-04 
-0000.00098 +3.3820e-04 +2.9383e-04 +2.6361e-04 +2.4604e-04 +2.4025e-04 +2.4604e-04 +2.6361e-04 +2.9385e-04 +3.3825e-04 
-0000.00197 +3.2318e-04 +2.8032e-04 +2.5133e-04 +2.3448e-04 +2.2893e-04 +2.3454e-04 +2.5142e-04 +2.8049e-04 +3.2349e-04 
-0000.00295 +2.9272e-04 +2.5335e-04 +2.2677e-04 +2.1141e-04 +2.0639e-04 +2.1150e-04 +2.2688e-04 +2.5356e-04 +2.9307e-04 
# Horizontal Final Position [m]
START
            -0000.00395 -0000.00296 -0000.00198 -0000.00099 +0000.00000 +0000.00099 +0000.00198 +0000.00296 +0000.00395 
+0000.00295 -3.9196e-03 -2.9438e-03 -1.9642e-03 -9.8261e-04 +4.5217e-08 +9.8264e-04 +1.9644e-03 +2.9441e-03 +3.9202e-03 
+0000.00197 -3.9193e-03 -2.9436e-03 -1.9641e-03 -9.8254e-04 +4.9574e-08 +9.8260e-04 +1.9643e-03 +2.9440e-03 +3.9200e-03 
+0000.00098 -3.9207e-03 -2.9444e-03 -1.9646e-03 -9.8299e-04 -3.8606e-07 +9.8213e-04 +1.9638e-03 +2.9430e-03 +3.9184e-03 
+0000.00000 -3.9344e-03 -2.9545e-03 -1.9712e-03 -9.8669e-04 +1.7576e-07 +9.8540e-04 +1.9710e-03 +2.9545e-03 +3.9349e-03 
-0000.00098 -3.9174e-03 -2.9424e-03 -1.9634e-03 -9.8195e-04 +5.1578e-07 +9.8303e-04 +1.9648e-03 +2.9447e-03 +3.9212e-03 
-0000.00197 -3.9184e-03 -2.9429e-03 -1.9637e-03 -9.8228e-04 +6.9006e-08 +9.8248e-04 +1.9640e-03 +2.9434e-03 +3.9192e-03 
-0000.00295 -3.9182e-03 -2.9428e-03 -1.9636e-03 -9.8222e-04 +7.3998e-08 +9.8245e-04 +1.9639e-03 +2.9433e-03 +3.9191e-03 
# Vertical Final Position [m]
START
            -0000.00395 -0000.00296 -0000.00198 -0000.00099 +0000.00000 +0000.00099 +0000.00198 +0000.00296 +0000.00395 
+0000.00295 +2.9382e-03 +2.9398e-03 +2.9408e-03 +2.9414e-03 +2.9416e-03 +2.9414e-03 +2.9408e-03 +2.9398e-03 +2.9382e-03 
+0000.00197 +1.9569e-03 +1.9582e-03 +1.9591e-03 +1.9596e-03 +1.9597e-03 +1.9596e-03 +1.9591e-03 +1.9582e-03 +1.9569e-03 
+0000.00098 +9.7730e-04 +9.7810e-04 +9.7864e-04 +9.7895e-04 +9.7905e-04 +9.7895e-04 +9.7864e-04 +9.7809e-04 +9.7730e-04 
+0000.00000 -1.6448e-06 -1.4453e-06 -1.3090e-06 -1.2251e-06 -1.2189e-06 -1.2492e-06 -1.3379e-06 -1.4967e-06 -1.7294e-06 
-0000.00098 -9.8029e-04 -9.8068e-04 -9.8095e-04 -9.8111e-04 -9.8116e-04 -9.8111e-04 -9.8095e-04 -9.8068e-04 -9.8029e-04 
-0000.00197 -1.9580e-03 -1.9591e-03 -1.9599e-03 -1.9603e-03 -1.9605e-03 -1.9603e-03 -1.9599e-03 -1.9591e-03 -1.9580e-03 
-0000.00295 -2.9352e-03 -2.9372e-03 -2.9385e-03 -2.9392e-03 -2.9395e-03 -2.9392e-03 -2.9385e-03 -2.9372e-03 -2.9352e-03 