# Author: FAC idanalysis.IDKickMap
# 
# Total Length of Longitudinal Interval [m]
1.65
# Number of Horizontal Points
9
# Number of Vertical Points
7
# Total Horizontal 2nd Order Kick [T2m2]
START
            -0000.00395 -0000.00296 -0000.00198 -0000.00099 +0000.00000 +0000.00099 +0000.00198 +0000.00296 +0000.00395 
+0000.00295 +2.7721e-03 +1.7166e-03 +9.8936e-04 +4.5705e-04 +1.3599e-05 -4.3309e-04 -9.5931e-04 -1.6681e-03 -2.6995e-03 
+0000.00197 +2.7693e-03 +1.7144e-03 +9.8787e-04 +4.5524e-04 +1.0580e-05 -4.3611e-04 -9.6380e-04 -1.6752e-03 -2.7097e-03 
+0000.00098 +2.6582e-03 +1.6457e-03 +9.4780e-04 +4.1839e-04 -2.6039e-05 -4.7703e-04 -1.0127e-03 -1.7592e-03 -2.8457e-03 
+0000.00000 +3.2807e-03 +2.0638e-03 +1.2069e-03 +6.5797e-04 +2.7246e-04 -1.9977e-04 -6.4563e-04 -1.1750e-03 -1.9912e-03 
-0000.00098 +2.8921e-03 +1.7897e-03 +1.0314e-03 +4.9312e-04 +4.5181e-05 -3.9859e-04 -9.2155e-04 -1.6016e-03 -2.5888e-03 
-0000.00197 +2.7496e-03 +1.7005e-03 +9.7880e-04 +4.4663e-04 -1.4232e-06 -4.4666e-04 -9.7851e-04 -1.6979e-03 -2.7416e-03 
-0000.00295 +2.7426e-03 +1.6957e-03 +9.7580e-04 +4.4415e-04 -4.3929e-06 -4.4892e-04 -9.8138e-04 -1.7022e-03 -2.7473e-03 
# Total Vertical 2nd Order Kick [T2m2]
START
            -0000.00395 -0000.00296 -0000.00198 -0000.00099 +0000.00000 +0000.00099 +0000.00198 +0000.00296 +0000.00395 
+0000.00295 +2.6062e-04 +2.2629e-04 +2.0288e-04 +1.8928e-04 +1.8471e-04 +1.8919e-04 +2.0279e-04 +2.2613e-04 +2.6036e-04 
+0000.00197 +3.0658e-04 +2.6671e-04 +2.3946e-04 +2.2359e-04 +2.1828e-04 +2.2353e-04 +2.3940e-04 +2.6662e-04 +3.0643e-04 
+0000.00098 +3.2350e-04 +2.8147e-04 +2.5276e-04 +2.3604e-04 +2.3043e-04 +2.3596e-04 +2.5268e-04 +2.8134e-04 +3.2330e-04 
+0000.00000 +3.4478e-04 +2.9838e-04 +2.6676e-04 +2.4879e-04 +2.4099e-04 +2.4672e-04 +2.6429e-04 +2.9400e-04 +3.3754e-04 
-0000.00098 +3.4332e-04 +2.9821e-04 +2.6749e-04 +2.4966e-04 +2.4377e-04 +2.4965e-04 +2.6747e-04 +2.9817e-04 +3.4323e-04 
-0000.00197 +3.3916e-04 +2.9415e-04 +2.6369e-04 +2.4602e-04 +2.4020e-04 +2.4607e-04 +2.6376e-04 +2.9427e-04 +3.3935e-04 
-0000.00295 +3.1312e-04 +2.7114e-04 +2.4279e-04 +2.2642e-04 +2.2105e-04 +2.2649e-04 +2.4288e-04 +2.7129e-04 +3.1335e-04 
# Horizontal Final Position [m]
START
            -0000.00395 -0000.00296 -0000.00198 -0000.00099 +0000.00000 +0000.00099 +0000.00198 +0000.00296 +0000.00395 
+0000.00295 -3.9229e-03 -2.9458e-03 -1.9654e-03 -9.8312e-04 +4.4318e-08 +9.8317e-04 +1.9655e-03 +2.9460e-03 +3.9232e-03 
+0000.00197 -3.9227e-03 -2.9456e-03 -1.9653e-03 -9.8307e-04 +4.7455e-08 +9.8314e-04 +1.9654e-03 +2.9458e-03 +3.9230e-03 
+0000.00098 -3.9239e-03 -2.9464e-03 -1.9658e-03 -9.8347e-04 -3.3777e-07 +9.8272e-04 +1.9649e-03 +2.9450e-03 +3.9216e-03 
+0000.00000 -3.9368e-03 -2.9558e-03 -1.9719e-03 -9.8654e-04 +2.1901e-07 +9.8583e-04 +1.9717e-03 +2.9557e-03 +3.9371e-03 
-0000.00098 -3.9210e-03 -2.9445e-03 -1.9647e-03 -9.8255e-04 +4.6098e-07 +9.8351e-04 +1.9658e-03 +2.9465e-03 +3.9241e-03 
-0000.00197 -3.9218e-03 -2.9450e-03 -1.9649e-03 -9.8285e-04 +6.0798e-08 +9.8301e-04 +1.9651e-03 +2.9453e-03 +3.9223e-03 
-0000.00295 -3.9216e-03 -2.9449e-03 -1.9648e-03 -9.8280e-04 +6.4440e-08 +9.8299e-04 +1.9650e-03 +2.9452e-03 +3.9221e-03 
# Vertical Final Position [m]
START
            -0000.00395 -0000.00296 -0000.00198 -0000.00099 +0000.00000 +0000.00099 +0000.00198 +0000.00296 +0000.00395 
+0000.00295 +2.9407e-03 +2.9419e-03 +2.9427e-03 +2.9432e-03 +2.9434e-03 +2.9432e-03 +2.9427e-03 +2.9419e-03 +2.9407e-03 
+0000.00197 +1.9593e-03 +1.9602e-03 +1.9609e-03 +1.9613e-03 +1.9614e-03 +1.9613e-03 +1.9609e-03 +1.9602e-03 +1.9593e-03 
+0000.00098 +9.7947e-04 +9.7998e-04 +9.8033e-04 +9.8053e-04 +9.8059e-04 +9.8053e-04 +9.8033e-04 +9.7998e-04 +9.7946e-04 
+0000.00000 +3.5278e-07 +2.9261e-07 +2.5084e-07 +2.3076e-07 +2.0529e-07 +2.0916e-07 +2.2402e-07 +2.4386e-07 +2.7100e-07 
-0000.00098 -9.7856e-04 -9.7917e-04 -9.7960e-04 -9.7984e-04 -9.7992e-04 -9.7984e-04 -9.7960e-04 -9.7917e-04 -9.7856e-04 
-0000.00197 -1.9566e-03 -1.9579e-03 -1.9588e-03 -1.9593e-03 -1.9595e-03 -1.9593e-03 -1.9588e-03 -1.9579e-03 -1.9566e-03 
-0000.00295 -2.9343e-03 -2.9364e-03 -2.9378e-03 -2.9386e-03 -2.9388e-03 -2.9386e-03 -2.9378e-03 -2.9364e-03 -2.9343e-03 