# Author: FAC idanalysis.IDKickMap
# 
# Total Length of Longitudinal Interval [m]
2.77
# Number of Horizontal Points
21
# Number of Vertical Points
11
# Total Horizontal 2nd Order Kick [T2m2]
START
            -0000.00400 -0000.00360 -0000.00320 -0000.00280 -0000.00240 -0000.00200 -0000.00160 -0000.00120 -0000.00080 -0000.00040 +0000.00000 +0000.00040 +0000.00080 +0000.00120 +0000.00160 +0000.00200 +0000.00240 +0000.00280 +0000.00320 +0000.00360 +0000.00400 
+0000.00250 -2.3803e-04 -2.2600e-04 -2.1095e-04 -1.9288e-04 -1.7186e-04 -1.4809e-04 -1.2181e-04 -9.3402e-05 -6.3306e-05 -3.2042e-05 -1.7889e-07 +3.1687e-05 +6.2961e-05 +9.3073e-05 +1.2150e-04 +1.4781e-04 +1.7161e-04 +1.9266e-04 +2.1076e-04 +2.2585e-04 +2.3791e-04 
+0000.00200 -2.4509e-04 -2.3227e-04 -2.1642e-04 -1.9754e-04 -1.7575e-04 -1.5122e-04 -1.2424e-04 -9.5173e-05 -6.4460e-05 -3.2611e-05 -1.8035e-07 +3.2253e-05 +6.4112e-05 +9.4840e-05 +1.2393e-04 +1.5094e-04 +1.7549e-04 +1.9732e-04 +2.1623e-04 +2.3212e-04 +2.4497e-04 
+0000.00150 -2.5077e-04 -2.3735e-04 -2.2086e-04 -2.0136e-04 -1.7895e-04 -1.5382e-04 -1.2627e-04 -9.6662e-05 -6.5435e-05 -3.3093e-05 -1.8156e-07 +3.2734e-05 +6.5085e-05 +9.6326e-05 +1.2596e-04 +1.5353e-04 +1.7869e-04 +2.0113e-04 +2.2067e-04 +2.3718e-04 +2.5065e-04 
+0000.00100 -2.5491e-04 -2.4105e-04 -2.2412e-04 -2.0417e-04 -1.8131e-04 -1.5575e-04 -1.2778e-04 -9.7773e-05 -6.6165e-05 -3.3455e-05 -1.8221e-07 +3.3094e-05 +6.5813e-05 +9.7436e-05 +1.2746e-04 +1.5546e-04 +1.8104e-04 +2.0393e-04 +2.2392e-04 +2.4089e-04 +2.5478e-04 
+0000.00050 -2.5743e-04 -2.4330e-04 -2.2610e-04 -2.0588e-04 -1.8275e-04 -1.5693e-04 -1.2871e-04 -9.8456e-05 -6.6615e-05 -3.3678e-05 -1.8209e-07 +3.3317e-05 +6.6263e-05 +9.8119e-05 +1.2839e-04 +1.5664e-04 +1.8249e-04 +2.0565e-04 +2.2590e-04 +2.4314e-04 +2.5730e-04 
+0000.00000 -2.5827e-04 -2.4406e-04 -2.2677e-04 -2.0645e-04 -1.8323e-04 -1.5732e-04 -1.2902e-04 -9.8686e-05 -6.6765e-05 -3.3752e-05 -1.8107e-07 +3.3393e-05 +6.6415e-05 +9.8351e-05 +1.2870e-04 +1.5703e-04 +1.8297e-04 +2.0622e-04 +2.2657e-04 +2.4389e-04 +2.5814e-04 
-0000.00050 -2.5743e-04 -2.4330e-04 -2.2610e-04 -2.0588e-04 -1.8275e-04 -1.5693e-04 -1.2870e-04 -9.8453e-05 -6.6612e-05 -3.3675e-05 -1.7901e-07 +3.3320e-05 +6.6266e-05 +9.8122e-05 +1.2839e-04 +1.5664e-04 +1.8249e-04 +2.0565e-04 +2.2591e-04 +2.4314e-04 +2.5730e-04 
-0000.00100 -2.5491e-04 -2.4105e-04 -2.2412e-04 -2.0416e-04 -1.8130e-04 -1.5574e-04 -1.2778e-04 -9.7767e-05 -6.6159e-05 -3.3449e-05 -1.7580e-07 +3.3101e-05 +6.5820e-05 +9.7443e-05 +1.2747e-04 +1.5546e-04 +1.8105e-04 +2.0394e-04 +2.2393e-04 +2.4089e-04 +2.5479e-04 
-0000.00150 -2.5077e-04 -2.3734e-04 -2.2086e-04 -2.0135e-04 -1.7894e-04 -1.5381e-04 -1.2626e-04 -9.6652e-05 -6.5425e-05 -3.3083e-05 -1.7134e-07 +3.2744e-05 +6.5095e-05 +9.6336e-05 +1.2597e-04 +1.5354e-04 +1.7869e-04 +2.0114e-04 +2.2068e-04 +2.3719e-04 +2.5065e-04 
-0000.00200 -2.4508e-04 -2.3226e-04 -2.1641e-04 -1.9753e-04 -1.7574e-04 -1.5121e-04 -1.2423e-04 -9.5159e-05 -6.4445e-05 -3.2596e-05 -1.6548e-07 +3.2268e-05 +6.4127e-05 +9.4855e-05 +1.2394e-04 +1.5095e-04 +1.7550e-04 +1.9733e-04 +2.1624e-04 +2.3213e-04 +2.4498e-04 
-0000.00250 -2.3802e-04 -2.2598e-04 -2.1093e-04 -1.9286e-04 -1.7185e-04 -1.4807e-04 -1.2179e-04 -9.3382e-05 -6.3286e-05 -3.2021e-05 -1.5808e-07 +3.1708e-05 +6.2982e-05 +9.3093e-05 +1.2152e-04 +1.4782e-04 +1.7163e-04 +1.9267e-04 +2.1078e-04 +2.2586e-04 +2.3792e-04 
# Total Vertical 2nd Order Kick [T2m2]
START
            -0000.00400 -0000.00360 -0000.00320 -0000.00280 -0000.00240 -0000.00200 -0000.00160 -0000.00120 -0000.00080 -0000.00040 +0000.00000 +0000.00040 +0000.00080 +0000.00120 +0000.00160 +0000.00200 +0000.00240 +0000.00280 +0000.00320 +0000.00360 +0000.00400 
+0000.00250 -5.6242e-04 -5.5663e-04 -5.5155e-04 -5.4718e-04 -5.4351e-04 -5.4052e-04 -5.3816e-04 -5.3639e-04 -5.3516e-04 -5.3444e-04 -5.3420e-04 -5.3443e-04 -5.3514e-04 -5.3637e-04 -5.3813e-04 -5.4048e-04 -5.4347e-04 -5.4712e-04 -5.5148e-04 -5.5655e-04 -5.6233e-04 
+0000.00200 -4.3007e-04 -4.2522e-04 -4.2094e-04 -4.1723e-04 -4.1409e-04 -4.1150e-04 -4.0944e-04 -4.0788e-04 -4.0679e-04 -4.0614e-04 -4.0592e-04 -4.0613e-04 -4.0677e-04 -4.0786e-04 -4.0941e-04 -4.1147e-04 -4.1405e-04 -4.1718e-04 -4.2088e-04 -4.2516e-04 -4.3000e-04 
+0000.00150 -3.1131e-04 -3.0757e-04 -3.0426e-04 -3.0138e-04 -2.9892e-04 -2.9689e-04 -2.9527e-04 -2.9403e-04 -2.9316e-04 -2.9264e-04 -2.9247e-04 -2.9264e-04 -2.9315e-04 -2.9401e-04 -2.9524e-04 -2.9686e-04 -2.9889e-04 -3.0134e-04 -3.0421e-04 -3.0752e-04 -3.1125e-04 
+0000.00100 -2.0231e-04 -1.9978e-04 -1.9753e-04 -1.9557e-04 -1.9389e-04 -1.9250e-04 -1.9139e-04 -1.9053e-04 -1.8993e-04 -1.8958e-04 -1.8946e-04 -1.8957e-04 -1.8993e-04 -1.9052e-04 -1.9137e-04 -1.9248e-04 -1.9387e-04 -1.9553e-04 -1.9749e-04 -1.9974e-04 -2.0226e-04 
+0000.00050 -9.9614e-05 -9.8337e-05 -9.7201e-05 -9.6210e-05 -9.5363e-05 -9.4658e-05 -9.4091e-05 -9.3658e-05 -9.3352e-05 -9.3170e-05 -9.3109e-05 -9.3167e-05 -9.3346e-05 -9.3648e-05 -9.4079e-05 -9.4642e-05 -9.5344e-05 -9.6188e-05 -9.7176e-05 -9.8309e-05 -9.9583e-05 
+0000.00000 -1.1217e-08 -1.0526e-08 -9.7700e-09 -8.9887e-09 -8.1548e-09 -7.3062e-09 -6.4114e-09 -5.4796e-09 -4.5254e-09 -3.5624e-09 -2.6090e-09 -1.6581e-09 -7.0948e-10 +1.8897e-10 +1.0440e-09 +1.8677e-09 +2.6295e-09 +3.3202e-09 +4.0016e-09 +4.6156e-09 +5.2064e-09 
-0000.00050 +9.9592e-05 +9.8316e-05 +9.7182e-05 +9.6192e-05 +9.5346e-05 +9.4643e-05 +9.4078e-05 +9.3647e-05 +9.3343e-05 +9.3163e-05 +9.3103e-05 +9.3163e-05 +9.3344e-05 +9.3648e-05 +9.4081e-05 +9.4646e-05 +9.5349e-05 +9.6194e-05 +9.7184e-05 +9.8318e-05 +9.9593e-05 
-0000.00100 +2.0229e-04 +1.9976e-04 +1.9751e-04 +1.9555e-04 +1.9388e-04 +1.9249e-04 +1.9137e-04 +1.9052e-04 +1.8992e-04 +1.8957e-04 +1.8945e-04 +1.8957e-04 +1.8992e-04 +1.9052e-04 +1.9137e-04 +1.9248e-04 +1.9387e-04 +1.9554e-04 +1.9750e-04 +1.9975e-04 +2.0228e-04 
-0000.00150 +3.1129e-04 +3.0755e-04 +3.0424e-04 +3.0136e-04 +2.9891e-04 +2.9688e-04 +2.9525e-04 +2.9401e-04 +2.9315e-04 +2.9263e-04 +2.9246e-04 +2.9263e-04 +2.9314e-04 +2.9401e-04 +2.9524e-04 +2.9687e-04 +2.9889e-04 +3.0134e-04 +3.0422e-04 +3.0753e-04 +3.1126e-04 
-0000.00200 +4.3005e-04 +4.2520e-04 +4.2092e-04 +4.1721e-04 +4.1407e-04 +4.1148e-04 +4.0942e-04 +4.0786e-04 +4.0677e-04 +4.0613e-04 +4.0592e-04 +4.0613e-04 +4.0677e-04 +4.0786e-04 +4.0941e-04 +4.1147e-04 +4.1405e-04 +4.1719e-04 +4.2089e-04 +4.2517e-04 +4.3001e-04 
-0000.00250 +5.6239e-04 +5.5660e-04 +5.5152e-04 +5.4716e-04 +5.4349e-04 +5.4050e-04 +5.3814e-04 +5.3637e-04 +5.3515e-04 +5.3443e-04 +5.3419e-04 +5.3442e-04 +5.3514e-04 +5.3636e-04 +5.3813e-04 +5.4048e-04 +5.4347e-04 +5.4713e-04 +5.5149e-04 +5.5656e-04 +5.6234e-04 
# Horizontal Final Position [m]
START
            -0000.00400 -0000.00360 -0000.00320 -0000.00280 -0000.00240 -0000.00200 -0000.00160 -0000.00120 -0000.00080 -0000.00040 +0000.00000 +0000.00040 +0000.00080 +0000.00120 +0000.00160 +0000.00200 +0000.00240 +0000.00280 +0000.00320 +0000.00360 +0000.00400 
+0000.00250 -4.0108e-03 -3.6105e-03 -3.2100e-03 -2.8095e-03 -2.4090e-03 -2.0083e-03 -1.6076e-03 -1.2068e-03 -8.0597e-04 -4.0511e-04 -4.2387e-06 +3.9664e-04 +7.9750e-04 +1.1983e-03 +1.5991e-03 +1.9998e-03 +2.4005e-03 +2.8011e-03 +3.2015e-03 +3.6020e-03 +4.0023e-03 
+0000.00200 -4.0110e-03 -3.6106e-03 -3.2102e-03 -2.8097e-03 -2.4091e-03 -2.0084e-03 -1.6076e-03 -1.2068e-03 -8.0600e-04 -4.0512e-04 -4.2304e-06 +3.9666e-04 +7.9754e-04 +1.1984e-03 +1.5992e-03 +1.9999e-03 +2.4006e-03 +2.8012e-03 +3.2017e-03 +3.6021e-03 +4.0025e-03 
+0000.00150 -4.0111e-03 -3.6108e-03 -3.2103e-03 -2.8098e-03 -2.4091e-03 -2.0085e-03 -1.6077e-03 -1.2069e-03 -8.0602e-04 -4.0513e-04 -4.2221e-06 +3.9668e-04 +7.9757e-04 +1.1984e-03 +1.5992e-03 +2.0000e-03 +2.4007e-03 +2.8013e-03 +3.2018e-03 +3.6023e-03 +4.0027e-03 
+0000.00100 -4.0112e-03 -3.6109e-03 -3.2104e-03 -2.8098e-03 -2.4092e-03 -2.0085e-03 -1.6077e-03 -1.2069e-03 -8.0603e-04 -4.0513e-04 -4.2135e-06 +3.9670e-04 +7.9760e-04 +1.1985e-03 +1.5993e-03 +2.0001e-03 +2.4008e-03 +2.8014e-03 +3.2019e-03 +3.6024e-03 +4.0028e-03 
+0000.00050 -4.0113e-03 -3.6109e-03 -3.2104e-03 -2.8099e-03 -2.4092e-03 -2.0085e-03 -1.6077e-03 -1.2069e-03 -8.0603e-04 -4.0513e-04 -4.2045e-06 +3.9672e-04 +7.9762e-04 +1.1985e-03 +1.5993e-03 +2.0001e-03 +2.4008e-03 +2.8014e-03 +3.2020e-03 +3.6025e-03 +4.0028e-03 
+0000.00000 -4.0113e-03 -3.6109e-03 -3.2104e-03 -2.8099e-03 -2.4092e-03 -2.0085e-03 -1.6077e-03 -1.2069e-03 -8.0603e-04 -4.0512e-04 -4.1947e-06 +3.9673e-04 +7.9763e-04 +1.1985e-03 +1.5993e-03 +2.0001e-03 +2.4008e-03 +2.8015e-03 +3.2020e-03 +3.6025e-03 +4.0029e-03 
-0000.00050 -4.0113e-03 -3.6109e-03 -3.2104e-03 -2.8099e-03 -2.4092e-03 -2.0085e-03 -1.6077e-03 -1.2069e-03 -8.0601e-04 -4.0510e-04 -4.1840e-06 +3.9674e-04 +7.9764e-04 +1.1985e-03 +1.5993e-03 +2.0001e-03 +2.4008e-03 +2.8015e-03 +3.2020e-03 +3.6025e-03 +4.0029e-03 
-0000.00100 -4.0112e-03 -3.6108e-03 -3.2103e-03 -2.8098e-03 -2.4092e-03 -2.0085e-03 -1.6077e-03 -1.2069e-03 -8.0599e-04 -4.0509e-04 -4.1721e-06 +3.9674e-04 +7.9764e-04 +1.1985e-03 +1.5993e-03 +2.0001e-03 +2.4008e-03 +2.8014e-03 +3.2020e-03 +3.6024e-03 +4.0028e-03 
-0000.00150 -4.0111e-03 -3.6107e-03 -3.2102e-03 -2.8097e-03 -2.4091e-03 -2.0084e-03 -1.6076e-03 -1.2068e-03 -8.0595e-04 -4.0506e-04 -4.1586e-06 +3.9675e-04 +7.9763e-04 +1.1985e-03 +1.5993e-03 +2.0001e-03 +2.4007e-03 +2.8014e-03 +3.2019e-03 +3.6023e-03 +4.0027e-03 
-0000.00200 -4.0109e-03 -3.6106e-03 -3.2101e-03 -2.8096e-03 -2.4090e-03 -2.0083e-03 -1.6076e-03 -1.2068e-03 -8.0591e-04 -4.0504e-04 -4.1433e-06 +3.9675e-04 +7.9762e-04 +1.1985e-03 +1.5993e-03 +2.0000e-03 +2.4007e-03 +2.8013e-03 +3.2018e-03 +3.6022e-03 +4.0026e-03 
-0000.00250 -4.0107e-03 -3.6104e-03 -3.2100e-03 -2.8094e-03 -2.4089e-03 -2.0082e-03 -1.6075e-03 -1.2067e-03 -8.0586e-04 -4.0500e-04 -4.1256e-06 +3.9675e-04 +7.9761e-04 +1.1984e-03 +1.5992e-03 +1.9999e-03 +2.4006e-03 +2.8011e-03 +3.2016e-03 +3.6020e-03 +4.0024e-03 
# Vertical Final Position [m]
START
            -0000.00400 -0000.00360 -0000.00320 -0000.00280 -0000.00240 -0000.00200 -0000.00160 -0000.00120 -0000.00080 -0000.00040 +0000.00000 +0000.00040 +0000.00080 +0000.00120 +0000.00160 +0000.00200 +0000.00240 +0000.00280 +0000.00320 +0000.00360 +0000.00400 
+0000.00250 +2.4846e-03 +2.4848e-03 +2.4849e-03 +2.4850e-03 +2.4851e-03 +2.4852e-03 +2.4852e-03 +2.4853e-03 +2.4853e-03 +2.4853e-03 +2.4853e-03 +2.4853e-03 +2.4853e-03 +2.4852e-03 +2.4852e-03 +2.4851e-03 +2.4850e-03 +2.4849e-03 +2.4848e-03 +2.4846e-03 +2.4845e-03 
+0000.00200 +1.9882e-03 +1.9884e-03 +1.9885e-03 +1.9886e-03 +1.9887e-03 +1.9887e-03 +1.9888e-03 +1.9888e-03 +1.9888e-03 +1.9888e-03 +1.9888e-03 +1.9888e-03 +1.9888e-03 +1.9888e-03 +1.9887e-03 +1.9887e-03 +1.9886e-03 +1.9885e-03 +1.9884e-03 +1.9883e-03 +1.9881e-03 
+0000.00150 +1.4915e-03 +1.4916e-03 +1.4917e-03 +1.4918e-03 +1.4918e-03 +1.4919e-03 +1.4919e-03 +1.4919e-03 +1.4920e-03 +1.4920e-03 +1.4920e-03 +1.4919e-03 +1.4919e-03 +1.4919e-03 +1.4919e-03 +1.4918e-03 +1.4917e-03 +1.4917e-03 +1.4916e-03 +1.4915e-03 +1.4914e-03 
+0000.00100 +9.9450e-04 +9.9457e-04 +9.9462e-04 +9.9467e-04 +9.9471e-04 +9.9474e-04 +9.9477e-04 +9.9478e-04 +9.9479e-04 +9.9480e-04 +9.9479e-04 +9.9478e-04 +9.9476e-04 +9.9474e-04 +9.9471e-04 +9.9467e-04 +9.9463e-04 +9.9458e-04 +9.9452e-04 +9.9445e-04 +9.9437e-04 
+0000.00050 +4.9733e-04 +4.9736e-04 +4.9738e-04 +4.9741e-04 +4.9742e-04 +4.9743e-04 +4.9744e-04 +4.9745e-04 +4.9745e-04 +4.9745e-04 +4.9744e-04 +4.9743e-04 +4.9742e-04 +4.9740e-04 +4.9738e-04 +4.9736e-04 +4.9734e-04 +4.9731e-04 +4.9727e-04 +4.9723e-04 +4.9719e-04 
+0000.00000 +7.3526e-08 +6.7277e-08 +6.0715e-08 +5.3856e-08 +4.6722e-08 +3.9339e-08 +3.1739e-08 +2.3960e-08 +1.6041e-08 +8.0278e-09 -3.3574e-11 -8.0953e-09 -1.6110e-08 -2.4030e-08 -3.1812e-08 -3.9414e-08 -4.6801e-08 -5.3939e-08 -6.0802e-08 -6.7369e-08 -7.3624e-08 
-0000.00050 -4.9718e-04 -4.9722e-04 -4.9726e-04 -4.9730e-04 -4.9733e-04 -4.9735e-04 -4.9738e-04 -4.9740e-04 -4.9742e-04 -4.9743e-04 -4.9744e-04 -4.9745e-04 -4.9745e-04 -4.9745e-04 -4.9745e-04 -4.9744e-04 -4.9743e-04 -4.9741e-04 -4.9739e-04 -4.9737e-04 -4.9734e-04 
-0000.00100 -9.9435e-04 -9.9443e-04 -9.9450e-04 -9.9456e-04 -9.9461e-04 -9.9466e-04 -9.9470e-04 -9.9473e-04 -9.9476e-04 -9.9478e-04 -9.9479e-04 -9.9480e-04 -9.9480e-04 -9.9479e-04 -9.9478e-04 -9.9476e-04 -9.9473e-04 -9.9469e-04 -9.9464e-04 -9.9459e-04 -9.9453e-04 
-0000.00150 -1.4913e-03 -1.4915e-03 -1.4916e-03 -1.4916e-03 -1.4917e-03 -1.4918e-03 -1.4918e-03 -1.4919e-03 -1.4919e-03 -1.4919e-03 -1.4920e-03 -1.4920e-03 -1.4920e-03 -1.4920e-03 -1.4919e-03 -1.4919e-03 -1.4918e-03 -1.4918e-03 -1.4917e-03 -1.4916e-03 -1.4915e-03 
-0000.00200 -1.9881e-03 -1.9882e-03 -1.9883e-03 -1.9884e-03 -1.9885e-03 -1.9886e-03 -1.9887e-03 -1.9887e-03 -1.9888e-03 -1.9888e-03 -1.9888e-03 -1.9888e-03 -1.9888e-03 -1.9888e-03 -1.9888e-03 -1.9887e-03 -1.9887e-03 -1.9886e-03 -1.9885e-03 -1.9884e-03 -1.9883e-03 
-0000.00250 -2.4844e-03 -2.4846e-03 -2.4847e-03 -2.4849e-03 -2.4850e-03 -2.4851e-03 -2.4851e-03 -2.4852e-03 -2.4853e-03 -2.4853e-03 -2.4853e-03 -2.4853e-03 -2.4853e-03 -2.4853e-03 -2.4853e-03 -2.4852e-03 -2.4851e-03 -2.4851e-03 -2.4849e-03 -2.4848e-03 -2.4847e-03 