# Author: FAC idanalysis.IDKickMap
# 
# Total Length of Longitudinal Interval [m]
2.77
# Number of Horizontal Points
21
# Number of Vertical Points
11
# Total Horizontal 2nd Order Kick [T2m2]
START
            -0000.00400 -0000.00360 -0000.00320 -0000.00280 -0000.00240 -0000.00200 -0000.00160 -0000.00120 -0000.00080 -0000.00040 +0000.00000 +0000.00040 +0000.00080 +0000.00120 +0000.00160 +0000.00200 +0000.00240 +0000.00280 +0000.00320 +0000.00360 +0000.00400 
+0000.00250 +7.2849e-05 +7.0149e-05 +6.6350e-05 +6.1411e-05 +5.5329e-05 +4.8140e-05 +3.9926e-05 +3.0817e-05 +2.0990e-05 +1.0659e-05 +6.7680e-08 -1.0525e-05 -2.0861e-05 -3.0695e-05 -3.9813e-05 -4.8039e-05 -5.5241e-05 -6.1337e-05 -6.6289e-05 -7.0102e-05 -7.2814e-05 
+0000.00200 +6.5052e-05 +6.2302e-05 +5.8620e-05 +5.3988e-05 +4.8420e-05 +4.1957e-05 +3.4676e-05 +2.6690e-05 +1.8141e-05 +9.2003e-06 +5.7816e-08 -9.0859e-06 -1.8030e-05 -2.6584e-05 -3.4578e-05 -4.1868e-05 -4.8341e-05 -5.3920e-05 -5.8563e-05 -6.2256e-05 -6.5017e-05 
+0000.00150 +5.9356e-05 +5.6603e-05 +5.3037e-05 +4.8656e-05 +4.3481e-05 +3.7556e-05 +3.0954e-05 +2.3772e-05 +1.6132e-05 +8.1730e-06 +5.0865e-08 -8.0722e-06 -1.6034e-05 -2.3679e-05 -3.0867e-05 -3.7476e-05 -4.3409e-05 -4.8593e-05 -5.2983e-05 -5.6559e-05 -5.9321e-05 
+0000.00100 +5.5478e-05 +5.2739e-05 +4.9268e-05 +4.5070e-05 +4.0171e-05 +3.4616e-05 +2.8475e-05 +2.1833e-05 +1.4798e-05 +7.4918e-06 +4.6255e-08 -7.4000e-06 -1.4709e-05 -2.1747e-05 -2.8394e-05 -3.4542e-05 -4.0103e-05 -4.5010e-05 -4.9216e-05 -5.2696e-05 -5.5443e-05 
+0000.00050 +5.3225e-05 +5.0501e-05 +4.7090e-05 +4.3003e-05 +3.8268e-05 +3.2930e-05 +2.7054e-05 +2.0724e-05 +1.4036e-05 +7.1028e-06 +4.3623e-08 -7.0163e-06 -1.3952e-05 -2.0643e-05 -2.6978e-05 -3.2859e-05 -3.8203e-05 -4.2946e-05 -4.7040e-05 -5.0458e-05 -5.3190e-05 
+0000.00000 +5.2486e-05 +4.9768e-05 +4.6378e-05 +4.2328e-05 +3.7647e-05 +3.2380e-05 +2.6592e-05 +2.0363e-05 +1.3789e-05 +6.9764e-06 +4.2767e-08 -6.8915e-06 -1.3706e-05 -2.0283e-05 -2.6517e-05 -3.2310e-05 -3.7583e-05 -4.2271e-05 -4.6328e-05 -4.9726e-05 -5.2451e-05 
-0000.00050 +5.3225e-05 +5.0501e-05 +4.7090e-05 +4.3003e-05 +3.8268e-05 +3.2930e-05 +2.7054e-05 +2.0724e-05 +1.4036e-05 +7.1028e-06 +4.3621e-08 -7.0163e-06 -1.3952e-05 -2.0643e-05 -2.6978e-05 -3.2859e-05 -3.8203e-05 -4.2946e-05 -4.7040e-05 -5.0458e-05 -5.3190e-05 
-0000.00100 +5.5478e-05 +5.2739e-05 +4.9268e-05 +4.5070e-05 +4.0171e-05 +3.4616e-05 +2.8475e-05 +2.1833e-05 +1.4798e-05 +7.4917e-06 +4.6251e-08 -7.4000e-06 -1.4709e-05 -2.1747e-05 -2.8394e-05 -3.4542e-05 -4.0103e-05 -4.5010e-05 -4.9216e-05 -5.2696e-05 -5.5443e-05 
-0000.00150 +5.9356e-05 +5.6603e-05 +5.3037e-05 +4.8656e-05 +4.3481e-05 +3.7556e-05 +3.0954e-05 +2.3772e-05 +1.6132e-05 +8.1729e-06 +5.0859e-08 -8.0722e-06 -1.6034e-05 -2.3679e-05 -3.0867e-05 -3.7476e-05 -4.3409e-05 -4.8593e-05 -5.2983e-05 -5.6559e-05 -5.9321e-05 
-0000.00200 +6.5052e-05 +6.2302e-05 +5.8620e-05 +5.3988e-05 +4.8420e-05 +4.1957e-05 +3.4676e-05 +2.6690e-05 +1.8141e-05 +9.2003e-06 +5.7808e-08 -9.0859e-06 -1.8030e-05 -2.6584e-05 -3.4578e-05 -4.1868e-05 -4.8341e-05 -5.3920e-05 -5.8563e-05 -6.2256e-05 -6.5017e-05 
-0000.00250 +7.2849e-05 +7.0149e-05 +6.6350e-05 +6.1411e-05 +5.5329e-05 +4.8140e-05 +3.9926e-05 +3.0817e-05 +2.0990e-05 +1.0659e-05 +6.7670e-08 -1.0525e-05 -2.0861e-05 -3.0695e-05 -3.9813e-05 -4.8039e-05 -5.5241e-05 -6.1337e-05 -6.6289e-05 -7.0102e-05 -7.2814e-05 
# Total Vertical 2nd Order Kick [T2m2]
START
            -0000.00400 -0000.00360 -0000.00320 -0000.00280 -0000.00240 -0000.00200 -0000.00160 -0000.00120 -0000.00080 -0000.00040 +0000.00000 +0000.00040 +0000.00080 +0000.00120 +0000.00160 +0000.00200 +0000.00240 +0000.00280 +0000.00320 +0000.00360 +0000.00400 
+0000.00250 -7.7677e-04 -7.6955e-04 -7.6234e-04 -7.5530e-04 -7.4862e-04 -7.4249e-04 -7.3714e-04 -7.3273e-04 -7.2945e-04 -7.2742e-04 -7.2673e-04 -7.2741e-04 -7.2942e-04 -7.3269e-04 -7.3708e-04 -7.4243e-04 -7.4854e-04 -7.5522e-04 -7.6226e-04 -7.6947e-04 -7.7669e-04 
+0000.00200 -6.0721e-04 -6.0184e-04 -5.9651e-04 -5.9134e-04 -5.8646e-04 -5.8202e-04 -5.7814e-04 -5.7497e-04 -5.7262e-04 -5.7117e-04 -5.7067e-04 -5.7116e-04 -5.7260e-04 -5.7494e-04 -5.7810e-04 -5.8197e-04 -5.8641e-04 -5.9128e-04 -5.9645e-04 -6.0178e-04 -6.0715e-04 
+0000.00150 -4.4725e-04 -4.4344e-04 -4.3969e-04 -4.3607e-04 -4.3266e-04 -4.2957e-04 -4.2689e-04 -4.2470e-04 -4.2308e-04 -4.2208e-04 -4.2174e-04 -4.2207e-04 -4.2306e-04 -4.2468e-04 -4.2686e-04 -4.2954e-04 -4.3263e-04 -4.3603e-04 -4.3965e-04 -4.4340e-04 -4.4720e-04 
+0000.00100 -2.9432e-04 -2.9189e-04 -2.8950e-04 -2.8720e-04 -2.8505e-04 -2.8310e-04 -2.8141e-04 -2.8003e-04 -2.7901e-04 -2.7839e-04 -2.7817e-04 -2.7838e-04 -2.7900e-04 -2.8002e-04 -2.8139e-04 -2.8308e-04 -2.8502e-04 -2.8718e-04 -2.8948e-04 -2.9187e-04 -2.9430e-04 
+0000.00050 -1.4602e-04 -1.4483e-04 -1.4367e-04 -1.4255e-04 -1.4151e-04 -1.4057e-04 -1.3975e-04 -1.3909e-04 -1.3859e-04 -1.3829e-04 -1.3819e-04 -1.3829e-04 -1.3859e-04 -1.3908e-04 -1.3974e-04 -1.4056e-04 -1.4150e-04 -1.4254e-04 -1.4366e-04 -1.4482e-04 -1.4601e-04 
+0000.00000 -5.1210e-12 +6.7966e-12 +5.1731e-13 +3.6141e-13 +8.5318e-12 +2.4394e-13 +1.0674e-11 -2.3068e-12 -1.7305e-12 +4.6918e-12 +2.7803e-12 +1.4106e-11 +1.1588e-11 +1.7008e-11 +1.4606e-11 +5.1826e-12 +1.7730e-11 +1.2688e-11 +8.4929e-12 +1.1885e-11 +1.9074e-11 
-0000.00050 +1.4602e-04 +1.4483e-04 +1.4367e-04 +1.4255e-04 +1.4151e-04 +1.4057e-04 +1.3975e-04 +1.3909e-04 +1.3859e-04 +1.3829e-04 +1.3819e-04 +1.3829e-04 +1.3859e-04 +1.3908e-04 +1.3974e-04 +1.4056e-04 +1.4150e-04 +1.4254e-04 +1.4366e-04 +1.4482e-04 +1.4601e-04 
-0000.00100 +2.9432e-04 +2.9189e-04 +2.8950e-04 +2.8720e-04 +2.8505e-04 +2.8310e-04 +2.8141e-04 +2.8003e-04 +2.7901e-04 +2.7839e-04 +2.7817e-04 +2.7838e-04 +2.7900e-04 +2.8002e-04 +2.8139e-04 +2.8308e-04 +2.8502e-04 +2.8718e-04 +2.8948e-04 +2.9187e-04 +2.9430e-04 
-0000.00150 +4.4725e-04 +4.4344e-04 +4.3969e-04 +4.3607e-04 +4.3266e-04 +4.2957e-04 +4.2689e-04 +4.2470e-04 +4.2308e-04 +4.2208e-04 +4.2174e-04 +4.2207e-04 +4.2306e-04 +4.2468e-04 +4.2686e-04 +4.2954e-04 +4.3263e-04 +4.3603e-04 +4.3965e-04 +4.4340e-04 +4.4720e-04 
-0000.00200 +6.0721e-04 +6.0184e-04 +5.9651e-04 +5.9134e-04 +5.8646e-04 +5.8202e-04 +5.7814e-04 +5.7497e-04 +5.7262e-04 +5.7117e-04 +5.7067e-04 +5.7116e-04 +5.7260e-04 +5.7494e-04 +5.7810e-04 +5.8197e-04 +5.8641e-04 +5.9128e-04 +5.9645e-04 +6.0178e-04 +6.0715e-04 
-0000.00250 +7.7677e-04 +7.6955e-04 +7.6234e-04 +7.5530e-04 +7.4862e-04 +7.4249e-04 +7.3714e-04 +7.3273e-04 +7.2945e-04 +7.2742e-04 +7.2673e-04 +7.2741e-04 +7.2942e-04 +7.3269e-04 +7.3708e-04 +7.4243e-04 +7.4854e-04 +7.5522e-04 +7.6226e-04 +7.6947e-04 +7.7669e-04 
# Horizontal Final Position [m]
START
            -0000.00400 -0000.00360 -0000.00320 -0000.00280 -0000.00240 -0000.00200 -0000.00160 -0000.00120 -0000.00080 -0000.00040 +0000.00000 +0000.00040 +0000.00080 +0000.00120 +0000.00160 +0000.00200 +0000.00240 +0000.00280 +0000.00320 +0000.00360 +0000.00400 
+0000.00250 -4.0022e-03 -3.6023e-03 -3.2024e-03 -2.8025e-03 -2.4027e-03 -2.0029e-03 -1.6031e-03 -1.2034e-03 -8.0362e-04 -4.0390e-04 -4.1874e-06 +3.9552e-04 +7.9524e-04 +1.1950e-03 +1.5947e-03 +1.9945e-03 +2.3943e-03 +2.7941e-03 +3.1940e-03 +3.5939e-03 +3.9938e-03 
+0000.00200 -4.0025e-03 -3.6025e-03 -3.2026e-03 -2.8027e-03 -2.4029e-03 -2.0031e-03 -1.6033e-03 -1.2035e-03 -8.0370e-04 -4.0394e-04 -4.1936e-06 +3.9556e-04 +7.9531e-04 +1.1951e-03 +1.5949e-03 +1.9946e-03 +2.3945e-03 +2.7943e-03 +3.1942e-03 +3.5941e-03 +3.9940e-03 
+0000.00150 -4.0026e-03 -3.6027e-03 -3.2028e-03 -2.8029e-03 -2.4030e-03 -2.0032e-03 -1.6034e-03 -1.2036e-03 -8.0376e-04 -4.0398e-04 -4.1982e-06 +3.9558e-04 +7.9536e-04 +1.1951e-03 +1.5949e-03 +1.9948e-03 +2.3946e-03 +2.7945e-03 +3.1943e-03 +3.5942e-03 +3.9941e-03 
+0000.00100 -4.0027e-03 -3.6028e-03 -3.2029e-03 -2.8030e-03 -2.4031e-03 -2.0033e-03 -1.6034e-03 -1.2036e-03 -8.0380e-04 -4.0400e-04 -4.2013e-06 +3.9559e-04 +7.9539e-04 +1.1952e-03 +1.5950e-03 +1.9948e-03 +2.3947e-03 +2.7945e-03 +3.1944e-03 +3.5943e-03 +3.9942e-03 
+0000.00050 -4.0028e-03 -3.6029e-03 -3.2029e-03 -2.8030e-03 -2.4032e-03 -2.0033e-03 -1.6035e-03 -1.2036e-03 -8.0382e-04 -4.0401e-04 -4.2032e-06 +3.9560e-04 +7.9541e-04 +1.1952e-03 +1.5951e-03 +1.9949e-03 +2.3947e-03 +2.7946e-03 +3.1945e-03 +3.5944e-03 +3.9943e-03 
+0000.00000 -4.0028e-03 -3.6029e-03 -3.2030e-03 -2.8031e-03 -2.4032e-03 -2.0033e-03 -1.6035e-03 -1.2037e-03 -8.0383e-04 -4.0401e-04 -4.2038e-06 +3.9561e-04 +7.9542e-04 +1.1952e-03 +1.5951e-03 +1.9949e-03 +2.3948e-03 +2.7946e-03 +3.1945e-03 +3.5944e-03 +3.9943e-03 
-0000.00050 -4.0028e-03 -3.6029e-03 -3.2029e-03 -2.8030e-03 -2.4032e-03 -2.0033e-03 -1.6035e-03 -1.2036e-03 -8.0382e-04 -4.0401e-04 -4.2032e-06 +3.9560e-04 +7.9541e-04 +1.1952e-03 +1.5951e-03 +1.9949e-03 +2.3947e-03 +2.7946e-03 +3.1945e-03 +3.5944e-03 +3.9943e-03 
-0000.00100 -4.0027e-03 -3.6028e-03 -3.2029e-03 -2.8030e-03 -2.4031e-03 -2.0033e-03 -1.6034e-03 -1.2036e-03 -8.0380e-04 -4.0400e-04 -4.2013e-06 +3.9559e-04 +7.9539e-04 +1.1952e-03 +1.5950e-03 +1.9948e-03 +2.3947e-03 +2.7945e-03 +3.1944e-03 +3.5943e-03 +3.9942e-03 
-0000.00150 -4.0026e-03 -3.6027e-03 -3.2028e-03 -2.8029e-03 -2.4030e-03 -2.0032e-03 -1.6034e-03 -1.2036e-03 -8.0376e-04 -4.0398e-04 -4.1982e-06 +3.9558e-04 +7.9536e-04 +1.1951e-03 +1.5949e-03 +1.9948e-03 +2.3946e-03 +2.7945e-03 +3.1943e-03 +3.5942e-03 +3.9941e-03 
-0000.00200 -4.0025e-03 -3.6025e-03 -3.2026e-03 -2.8027e-03 -2.4029e-03 -2.0031e-03 -1.6033e-03 -1.2035e-03 -8.0370e-04 -4.0394e-04 -4.1936e-06 +3.9556e-04 +7.9531e-04 +1.1951e-03 +1.5949e-03 +1.9946e-03 +2.3945e-03 +2.7943e-03 +3.1942e-03 +3.5941e-03 +3.9940e-03 
-0000.00250 -4.0022e-03 -3.6023e-03 -3.2024e-03 -2.8025e-03 -2.4027e-03 -2.0029e-03 -1.6031e-03 -1.2034e-03 -8.0362e-04 -4.0390e-04 -4.1874e-06 +3.9552e-04 +7.9524e-04 +1.1950e-03 +1.5947e-03 +1.9945e-03 +2.3943e-03 +2.7941e-03 +3.1940e-03 +3.5939e-03 +3.9938e-03 
# Vertical Final Position [m]
START
            -0000.00400 -0000.00360 -0000.00320 -0000.00280 -0000.00240 -0000.00200 -0000.00160 -0000.00120 -0000.00080 -0000.00040 +0000.00000 +0000.00040 +0000.00080 +0000.00120 +0000.00160 +0000.00200 +0000.00240 +0000.00280 +0000.00320 +0000.00360 +0000.00400 
+0000.00250 +2.4787e-03 +2.4789e-03 +2.4791e-03 +2.4793e-03 +2.4795e-03 +2.4797e-03 +2.4798e-03 +2.4799e-03 +2.4800e-03 +2.4801e-03 +2.4801e-03 +2.4801e-03 +2.4800e-03 +2.4800e-03 +2.4798e-03 +2.4797e-03 +2.4795e-03 +2.4794e-03 +2.4792e-03 +2.4790e-03 +2.4788e-03 
+0000.00200 +1.9833e-03 +1.9835e-03 +1.9836e-03 +1.9838e-03 +1.9839e-03 +1.9841e-03 +1.9842e-03 +1.9843e-03 +1.9843e-03 +1.9844e-03 +1.9844e-03 +1.9844e-03 +1.9843e-03 +1.9843e-03 +1.9842e-03 +1.9841e-03 +1.9840e-03 +1.9838e-03 +1.9837e-03 +1.9836e-03 +1.9834e-03 
+0000.00150 +1.4877e-03 +1.4878e-03 +1.4879e-03 +1.4880e-03 +1.4881e-03 +1.4882e-03 +1.4883e-03 +1.4884e-03 +1.4884e-03 +1.4884e-03 +1.4885e-03 +1.4885e-03 +1.4884e-03 +1.4884e-03 +1.4883e-03 +1.4883e-03 +1.4882e-03 +1.4881e-03 +1.4880e-03 +1.4879e-03 +1.4878e-03 
+0000.00100 +9.9193e-04 +9.9200e-04 +9.9206e-04 +9.9213e-04 +9.9219e-04 +9.9224e-04 +9.9229e-04 +9.9233e-04 +9.9236e-04 +9.9238e-04 +9.9239e-04 +9.9238e-04 +9.9237e-04 +9.9234e-04 +9.9231e-04 +9.9226e-04 +9.9221e-04 +9.9215e-04 +9.9209e-04 +9.9203e-04 +9.9196e-04 
+0000.00050 +4.9600e-04 +4.9603e-04 +4.9606e-04 +4.9609e-04 +4.9612e-04 +4.9615e-04 +4.9617e-04 +4.9619e-04 +4.9620e-04 +4.9621e-04 +4.9622e-04 +4.9622e-04 +4.9621e-04 +4.9620e-04 +4.9618e-04 +4.9616e-04 +4.9613e-04 +4.9610e-04 +4.9607e-04 +4.9604e-04 +4.9601e-04 
+0000.00000 -2.2982e-14 +1.6237e-14 -3.2805e-14 +5.0224e-14 +8.1045e-14 +7.2471e-14 +1.6062e-13 +5.6603e-14 +2.8276e-14 +6.0938e-14 +1.0488e-13 +1.7969e-13 +1.8698e-13 +2.4886e-13 +2.7013e-13 +2.2450e-13 +2.9077e-13 +2.6479e-13 +2.3381e-13 +3.1277e-13 +3.3601e-13 
-0000.00050 -4.9600e-04 -4.9603e-04 -4.9606e-04 -4.9609e-04 -4.9612e-04 -4.9615e-04 -4.9617e-04 -4.9619e-04 -4.9620e-04 -4.9621e-04 -4.9622e-04 -4.9622e-04 -4.9621e-04 -4.9620e-04 -4.9618e-04 -4.9616e-04 -4.9613e-04 -4.9610e-04 -4.9607e-04 -4.9604e-04 -4.9601e-04 
-0000.00100 -9.9193e-04 -9.9200e-04 -9.9206e-04 -9.9213e-04 -9.9219e-04 -9.9224e-04 -9.9229e-04 -9.9233e-04 -9.9236e-04 -9.9238e-04 -9.9239e-04 -9.9238e-04 -9.9237e-04 -9.9234e-04 -9.9231e-04 -9.9226e-04 -9.9221e-04 -9.9215e-04 -9.9209e-04 -9.9203e-04 -9.9196e-04 
-0000.00150 -1.4877e-03 -1.4878e-03 -1.4879e-03 -1.4880e-03 -1.4881e-03 -1.4882e-03 -1.4883e-03 -1.4884e-03 -1.4884e-03 -1.4884e-03 -1.4885e-03 -1.4885e-03 -1.4884e-03 -1.4884e-03 -1.4883e-03 -1.4883e-03 -1.4882e-03 -1.4881e-03 -1.4880e-03 -1.4879e-03 -1.4878e-03 
-0000.00200 -1.9833e-03 -1.9835e-03 -1.9836e-03 -1.9838e-03 -1.9839e-03 -1.9841e-03 -1.9842e-03 -1.9843e-03 -1.9843e-03 -1.9844e-03 -1.9844e-03 -1.9844e-03 -1.9843e-03 -1.9843e-03 -1.9842e-03 -1.9841e-03 -1.9840e-03 -1.9838e-03 -1.9837e-03 -1.9836e-03 -1.9834e-03 
-0000.00250 -2.4787e-03 -2.4789e-03 -2.4791e-03 -2.4793e-03 -2.4795e-03 -2.4797e-03 -2.4798e-03 -2.4799e-03 -2.4800e-03 -2.4801e-03 -2.4801e-03 -2.4801e-03 -2.4800e-03 -2.4800e-03 -2.4798e-03 -2.4797e-03 -2.4795e-03 -2.4794e-03 -2.4792e-03 -2.4790e-03 -2.4788e-03 