# Author: FAC idanalysis.IDKickMap
# 
# Total Length of Longitudinal Interval [m]
2.77
# Number of Horizontal Points
21
# Number of Vertical Points
11
# Total Horizontal 2nd Order Kick [T2m2]
START
            -0000.00400 -0000.00360 -0000.00320 -0000.00280 -0000.00240 -0000.00200 -0000.00160 -0000.00120 -0000.00080 -0000.00040 +0000.00000 +0000.00040 +0000.00080 +0000.00120 +0000.00160 +0000.00200 +0000.00240 +0000.00280 +0000.00320 +0000.00360 +0000.00400 
+0000.00250 -1.5623e-04 -1.4796e-04 -1.3777e-04 -1.2568e-04 -1.1175e-04 -9.6102e-05 -7.8917e-05 -6.0424e-05 -4.0904e-05 -2.0676e-05 -8.4926e-08 +2.0508e-05 +4.0741e-05 +6.0270e-05 +7.8773e-05 +9.5972e-05 +1.1164e-04 +1.2558e-04 +1.3769e-04 +1.4790e-04 +1.5618e-04 
+0000.00200 -1.6425e-04 -1.5540e-04 -1.4457e-04 -1.3176e-04 -1.1706e-04 -1.0060e-04 -8.2564e-05 -6.3189e-05 -4.2764e-05 -2.1615e-05 -9.6471e-08 +2.1424e-05 +4.2578e-05 +6.3012e-05 +8.2400e-05 +1.0045e-04 +1.1693e-04 +1.3165e-04 +1.4447e-04 +1.5533e-04 +1.6419e-04 
+0000.00150 -1.7050e-04 -1.6120e-04 -1.4985e-04 -1.3648e-04 -1.2118e-04 -1.0408e-04 -8.5382e-05 -6.5322e-05 -4.4197e-05 -2.2339e-05 -1.0544e-07 +2.2130e-05 +4.3994e-05 +6.5128e-05 +8.5201e-05 +1.0392e-04 +1.2103e-04 +1.3635e-04 +1.4974e-04 +1.6111e-04 +1.7044e-04 
+0000.00100 -1.7497e-04 -1.6533e-04 -1.5361e-04 -1.3984e-04 -1.2411e-04 -1.0655e-04 -8.7379e-05 -6.6833e-05 -4.5212e-05 -2.2851e-05 -1.1227e-07 +2.2628e-05 +4.4995e-05 +6.6626e-05 +8.7186e-05 +1.0638e-04 +1.2395e-04 +1.3970e-04 +1.5349e-04 +1.6523e-04 +1.7490e-04 
+0000.00050 -1.7764e-04 -1.6780e-04 -1.5585e-04 -1.4184e-04 -1.2585e-04 -1.0803e-04 -8.8571e-05 -6.7734e-05 -4.5817e-05 -2.3157e-05 -1.1726e-07 +2.2924e-05 +4.5591e-05 +6.7518e-05 +8.8368e-05 +1.0784e-04 +1.2568e-04 +1.4170e-04 +1.5573e-04 +1.6770e-04 +1.7757e-04 
+0000.00000 -1.7854e-04 -1.6862e-04 -1.5660e-04 -1.4251e-04 -1.2643e-04 -1.0852e-04 -8.8968e-05 -6.8035e-05 -4.6020e-05 -2.3260e-05 -1.2064e-07 +2.3021e-05 +4.5787e-05 +6.7812e-05 +8.8759e-05 +1.0833e-04 +1.2626e-04 +1.4236e-04 +1.5647e-04 +1.6852e-04 +1.7845e-04 
-0000.00050 -1.7765e-04 -1.6780e-04 -1.5586e-04 -1.4185e-04 -1.2586e-04 -1.0803e-04 -8.8576e-05 -6.7739e-05 -4.5822e-05 -2.3162e-05 -1.2258e-07 +2.2919e-05 +4.5585e-05 +6.7513e-05 +8.8363e-05 +1.0784e-04 +1.2568e-04 +1.4169e-04 +1.5573e-04 +1.6769e-04 +1.7756e-04 
-0000.00100 -1.7498e-04 -1.6533e-04 -1.5361e-04 -1.3985e-04 -1.2411e-04 -1.0656e-04 -8.7389e-05 -6.6843e-05 -4.5222e-05 -2.2862e-05 -1.2319e-07 +2.2617e-05 +4.4984e-05 +6.6616e-05 +8.7175e-05 +1.0637e-04 +1.2394e-04 +1.3969e-04 +1.5348e-04 +1.6522e-04 +1.7489e-04 
-0000.00150 -1.7051e-04 -1.6121e-04 -1.4986e-04 -1.3649e-04 -1.2120e-04 -1.0410e-04 -8.5398e-05 -6.5338e-05 -4.4214e-05 -2.2356e-05 -1.2257e-07 +2.2113e-05 +4.3977e-05 +6.5112e-05 +8.5185e-05 +1.0390e-04 +1.2102e-04 +1.3634e-04 +1.4973e-04 +1.6110e-04 +1.7043e-04 
-0000.00200 -1.6426e-04 -1.5542e-04 -1.4458e-04 -1.3178e-04 -1.1708e-04 -1.0062e-04 -8.2586e-05 -6.3212e-05 -4.2787e-05 -2.1639e-05 -1.2078e-07 +2.1400e-05 +4.2554e-05 +6.2989e-05 +8.2377e-05 +1.0043e-04 +1.1691e-04 +1.3163e-04 +1.4445e-04 +1.5531e-04 +1.6418e-04 
-0000.00250 -1.5625e-04 -1.4798e-04 -1.3780e-04 -1.2570e-04 -1.1178e-04 -9.6131e-05 -7.8947e-05 -6.0455e-05 -4.0936e-05 -2.0709e-05 -1.1789e-07 +2.0475e-05 +4.0709e-05 +6.0238e-05 +7.8742e-05 +9.5943e-05 +1.1161e-04 +1.2556e-04 +1.3767e-04 +1.4787e-04 +1.5616e-04 
# Total Vertical 2nd Order Kick [T2m2]
START
            -0000.00400 -0000.00360 -0000.00320 -0000.00280 -0000.00240 -0000.00200 -0000.00160 -0000.00120 -0000.00080 -0000.00040 +0000.00000 +0000.00040 +0000.00080 +0000.00120 +0000.00160 +0000.00200 +0000.00240 +0000.00280 +0000.00320 +0000.00360 +0000.00400 
+0000.00250 -6.3041e-04 -6.2355e-04 -6.1723e-04 -6.1151e-04 -6.0645e-04 -6.0208e-04 -5.9846e-04 -5.9561e-04 -5.9355e-04 -5.9231e-04 -5.9189e-04 -5.9230e-04 -5.9354e-04 -5.9559e-04 -5.9843e-04 -6.0205e-04 -6.0641e-04 -6.1147e-04 -6.1718e-04 -6.2350e-04 -6.3035e-04 
+0000.00200 -4.8553e-04 -4.8002e-04 -4.7495e-04 -4.7037e-04 -4.6633e-04 -4.6285e-04 -4.5996e-04 -4.5769e-04 -4.5606e-04 -4.5507e-04 -4.5474e-04 -4.5507e-04 -4.5605e-04 -4.5768e-04 -4.5994e-04 -4.6282e-04 -4.6630e-04 -4.7034e-04 -4.7492e-04 -4.7998e-04 -4.8548e-04 
+0000.00150 -3.5347e-04 -3.4934e-04 -3.4555e-04 -3.4213e-04 -3.3911e-04 -3.3652e-04 -3.3437e-04 -3.3268e-04 -3.3147e-04 -3.3074e-04 -3.3049e-04 -3.3073e-04 -3.3146e-04 -3.3267e-04 -3.3436e-04 -3.3650e-04 -3.3909e-04 -3.4211e-04 -3.4553e-04 -3.4932e-04 -3.5345e-04 
+0000.00100 -2.3067e-04 -2.2792e-04 -2.2540e-04 -2.2313e-04 -2.2113e-04 -2.1941e-04 -2.1799e-04 -2.1687e-04 -2.1607e-04 -2.1559e-04 -2.1543e-04 -2.1559e-04 -2.1607e-04 -2.1687e-04 -2.1798e-04 -2.1940e-04 -2.2112e-04 -2.2312e-04 -2.2539e-04 -2.2791e-04 -2.3066e-04 
+0000.00050 -1.1386e-04 -1.1249e-04 -1.1123e-04 -1.1010e-04 -1.0910e-04 -1.0825e-04 -1.0754e-04 -1.0699e-04 -1.0659e-04 -1.0635e-04 -1.0627e-04 -1.0635e-04 -1.0659e-04 -1.0699e-04 -1.0754e-04 -1.0825e-04 -1.0910e-04 -1.1010e-04 -1.1123e-04 -1.1249e-04 -1.1386e-04 
+0000.00000 +1.0576e-08 +9.7550e-09 +8.9028e-09 +8.0125e-09 +7.0836e-09 +6.1110e-09 +5.1063e-09 +4.0956e-09 +3.0634e-09 +2.0005e-09 +9.4675e-10 -1.0154e-10 -1.1356e-09 -2.1155e-09 -3.0806e-09 -3.9957e-09 -4.8645e-09 -5.6812e-09 -6.4543e-09 -7.1902e-09 -7.8792e-09 
-0000.00050 +1.1388e-04 +1.1251e-04 +1.1125e-04 +1.1012e-04 +1.0912e-04 +1.0826e-04 +1.0755e-04 +1.0699e-04 +1.0659e-04 +1.0635e-04 +1.0627e-04 +1.0635e-04 +1.0659e-04 +1.0698e-04 +1.0754e-04 +1.0824e-04 +1.0909e-04 +1.1009e-04 +1.1122e-04 +1.1248e-04 +1.1385e-04 
-0000.00100 +2.3069e-04 +2.2794e-04 +2.2542e-04 +2.2315e-04 +2.2114e-04 +2.1942e-04 +2.1800e-04 +2.1688e-04 +2.1608e-04 +2.1559e-04 +2.1543e-04 +2.1559e-04 +2.1607e-04 +2.1687e-04 +2.1798e-04 +2.1940e-04 +2.2111e-04 +2.2311e-04 +2.2538e-04 +2.2790e-04 +2.3064e-04 
-0000.00150 +3.5350e-04 +3.4936e-04 +3.4557e-04 +3.4215e-04 +3.3913e-04 +3.3653e-04 +3.3438e-04 +3.3269e-04 +3.3148e-04 +3.3074e-04 +3.3049e-04 +3.3073e-04 +3.3146e-04 +3.3267e-04 +3.3435e-04 +3.3649e-04 +3.3908e-04 +3.4210e-04 +3.4552e-04 +3.4930e-04 +3.5343e-04 
-0000.00200 +4.8555e-04 +4.8004e-04 +4.7497e-04 +4.7039e-04 +4.6634e-04 +4.6286e-04 +4.5997e-04 +4.5770e-04 +4.5607e-04 +4.5508e-04 +4.5475e-04 +4.5507e-04 +4.5605e-04 +4.5767e-04 +4.5994e-04 +4.6282e-04 +4.6629e-04 +4.7033e-04 +4.7490e-04 +4.7996e-04 +4.8547e-04 
-0000.00250 +6.3043e-04 +6.2357e-04 +6.1725e-04 +6.1153e-04 +6.0646e-04 +6.0210e-04 +5.9847e-04 +5.9562e-04 +5.9356e-04 +5.9231e-04 +5.9190e-04 +5.9230e-04 +5.9354e-04 +5.9558e-04 +5.9843e-04 +6.0205e-04 +6.0640e-04 +6.1146e-04 +6.1717e-04 +6.2348e-04 +6.3033e-04 
# Horizontal Final Position [m]
START
            -0000.00400 -0000.00360 -0000.00320 -0000.00280 -0000.00240 -0000.00200 -0000.00160 -0000.00120 -0000.00080 -0000.00040 +0000.00000 +0000.00040 +0000.00080 +0000.00120 +0000.00160 +0000.00200 +0000.00240 +0000.00280 +0000.00320 +0000.00360 +0000.00400 
+0000.00250 -4.0084e-03 -3.6081e-03 -3.2079e-03 -2.8075e-03 -2.4071e-03 -2.0067e-03 -1.6062e-03 -1.2057e-03 -8.0516e-04 -4.0461e-04 -4.0459e-06 +3.9651e-04 +7.9706e-04 +1.1976e-03 +1.5981e-03 +1.9986e-03 +2.3990e-03 +2.7993e-03 +3.1997e-03 +3.5999e-03 +4.0001e-03 
+0000.00200 -4.0086e-03 -3.6084e-03 -3.2081e-03 -2.8077e-03 -2.4073e-03 -2.0068e-03 -1.6063e-03 -1.2058e-03 -8.0524e-04 -4.0466e-04 -4.0759e-06 +3.9651e-04 +7.9708e-04 +1.1976e-03 +1.5982e-03 +1.9986e-03 +2.3991e-03 +2.7995e-03 +3.1998e-03 +3.6001e-03 +4.0003e-03 
+0000.00150 -4.0088e-03 -3.6085e-03 -3.2082e-03 -2.8079e-03 -2.4074e-03 -2.0070e-03 -1.6064e-03 -1.2059e-03 -8.0531e-04 -4.0471e-04 -4.1023e-06 +3.9650e-04 +7.9710e-04 +1.1977e-03 +1.5982e-03 +1.9987e-03 +2.3992e-03 +2.7996e-03 +3.1999e-03 +3.6002e-03 +4.0005e-03 
+0000.00100 -4.0089e-03 -3.6087e-03 -3.2083e-03 -2.8080e-03 -2.4075e-03 -2.0070e-03 -1.6065e-03 -1.2060e-03 -8.0536e-04 -4.0475e-04 -4.1258e-06 +3.9649e-04 +7.9710e-04 +1.1977e-03 +1.5982e-03 +1.9988e-03 +2.3992e-03 +2.7997e-03 +3.2000e-03 +3.6003e-03 +4.0006e-03 
+0000.00050 -4.0090e-03 -3.6088e-03 -3.2084e-03 -2.8080e-03 -2.4076e-03 -2.0071e-03 -1.6066e-03 -1.2060e-03 -8.0540e-04 -4.0478e-04 -4.1468e-06 +3.9648e-04 +7.9710e-04 +1.1977e-03 +1.5983e-03 +1.9988e-03 +2.3993e-03 +2.7997e-03 +3.2001e-03 +3.6004e-03 +4.0007e-03 
+0000.00000 -4.0091e-03 -3.6088e-03 -3.2085e-03 -2.8081e-03 -2.4076e-03 -2.0071e-03 -1.6066e-03 -1.2060e-03 -8.0542e-04 -4.0480e-04 -4.1659e-06 +3.9646e-04 +7.9708e-04 +1.1977e-03 +1.5983e-03 +1.9988e-03 +2.3993e-03 +2.7997e-03 +3.2001e-03 +3.6004e-03 +4.0007e-03 
-0000.00050 -4.0091e-03 -3.6088e-03 -3.2085e-03 -2.8081e-03 -2.4076e-03 -2.0071e-03 -1.6066e-03 -1.2060e-03 -8.0543e-04 -4.0481e-04 -4.1835e-06 +3.9644e-04 +7.9706e-04 +1.1977e-03 +1.5982e-03 +1.9988e-03 +2.3992e-03 +2.7997e-03 +3.2000e-03 +3.6004e-03 +4.0006e-03 
-0000.00100 -4.0090e-03 -3.6087e-03 -3.2084e-03 -2.8080e-03 -2.4076e-03 -2.0071e-03 -1.6066e-03 -1.2060e-03 -8.0543e-04 -4.0482e-04 -4.1999e-06 +3.9642e-04 +7.9703e-04 +1.1976e-03 +1.5982e-03 +1.9987e-03 +2.3992e-03 +2.7996e-03 +3.2000e-03 +3.6003e-03 +4.0005e-03 
-0000.00150 -4.0089e-03 -3.6086e-03 -3.2083e-03 -2.8080e-03 -2.4075e-03 -2.0071e-03 -1.6065e-03 -1.2060e-03 -8.0542e-04 -4.0482e-04 -4.2157e-06 +3.9639e-04 +7.9699e-04 +1.1976e-03 +1.5981e-03 +1.9986e-03 +2.3991e-03 +2.7995e-03 +3.1998e-03 +3.6002e-03 +4.0004e-03 
-0000.00200 -4.0087e-03 -3.6085e-03 -3.2082e-03 -2.8078e-03 -2.4074e-03 -2.0070e-03 -1.6065e-03 -1.2060e-03 -8.0540e-04 -4.0482e-04 -4.2310e-06 +3.9636e-04 +7.9693e-04 +1.1975e-03 +1.5980e-03 +1.9985e-03 +2.3989e-03 +2.7993e-03 +3.1997e-03 +3.6000e-03 +4.0002e-03 
-0000.00250 -4.0085e-03 -3.6083e-03 -3.2080e-03 -2.8077e-03 -2.4073e-03 -2.0069e-03 -1.6064e-03 -1.2059e-03 -8.0536e-04 -4.0481e-04 -4.2463e-06 +3.9632e-04 +7.9687e-04 +1.1974e-03 +1.5979e-03 +1.9984e-03 +2.3988e-03 +2.7992e-03 +3.1995e-03 +3.5998e-03 +4.0000e-03 
# Vertical Final Position [m]
START
            -0000.00400 -0000.00360 -0000.00320 -0000.00280 -0000.00240 -0000.00200 -0000.00160 -0000.00120 -0000.00080 -0000.00040 +0000.00000 +0000.00040 +0000.00080 +0000.00120 +0000.00160 +0000.00200 +0000.00240 +0000.00280 +0000.00320 +0000.00360 +0000.00400 
+0000.00250 +2.4826e-03 +2.4828e-03 +2.4830e-03 +2.4832e-03 +2.4833e-03 +2.4835e-03 +2.4836e-03 +2.4837e-03 +2.4838e-03 +2.4838e-03 +2.4838e-03 +2.4839e-03 +2.4838e-03 +2.4838e-03 +2.4837e-03 +2.4837e-03 +2.4836e-03 +2.4834e-03 +2.4833e-03 +2.4831e-03 +2.4830e-03 
+0000.00200 +1.9866e-03 +1.9868e-03 +1.9869e-03 +1.9871e-03 +1.9872e-03 +1.9873e-03 +1.9874e-03 +1.9875e-03 +1.9875e-03 +1.9876e-03 +1.9876e-03 +1.9876e-03 +1.9876e-03 +1.9876e-03 +1.9875e-03 +1.9874e-03 +1.9874e-03 +1.9873e-03 +1.9872e-03 +1.9870e-03 +1.9869e-03 
+0000.00150 +1.4902e-03 +1.4904e-03 +1.4905e-03 +1.4906e-03 +1.4907e-03 +1.4907e-03 +1.4908e-03 +1.4909e-03 +1.4909e-03 +1.4910e-03 +1.4910e-03 +1.4910e-03 +1.4910e-03 +1.4910e-03 +1.4909e-03 +1.4909e-03 +1.4908e-03 +1.4908e-03 +1.4907e-03 +1.4906e-03 +1.4905e-03 
+0000.00100 +9.9360e-04 +9.9368e-04 +9.9376e-04 +9.9383e-04 +9.9389e-04 +9.9395e-04 +9.9400e-04 +9.9405e-04 +9.9408e-04 +9.9410e-04 +9.9412e-04 +9.9413e-04 +9.9413e-04 +9.9412e-04 +9.9410e-04 +9.9407e-04 +9.9404e-04 +9.9399e-04 +9.9394e-04 +9.9388e-04 +9.9381e-04 
+0000.00050 +4.9680e-04 +4.9684e-04 +4.9688e-04 +4.9692e-04 +4.9696e-04 +4.9699e-04 +4.9702e-04 +4.9705e-04 +4.9707e-04 +4.9709e-04 +4.9710e-04 +4.9711e-04 +4.9711e-04 +4.9711e-04 +4.9711e-04 +4.9710e-04 +4.9709e-04 +4.9707e-04 +4.9705e-04 +4.9702e-04 +4.9699e-04 
+0000.00000 -8.7525e-08 -8.0211e-08 -7.2488e-08 -6.4378e-08 -5.5911e-08 -4.7122e-08 -3.8054e-08 -2.8756e-08 -1.9279e-08 -9.6808e-09 -2.1293e-11 +9.6388e-09 +1.9238e-08 +2.8718e-08 +3.8020e-08 +4.7092e-08 +5.5886e-08 +6.4358e-08 +7.2475e-08 +8.0205e-08 +8.7526e-08 
-0000.00050 -4.9697e-04 -4.9700e-04 -4.9703e-04 -4.9705e-04 -4.9707e-04 -4.9709e-04 -4.9710e-04 -4.9711e-04 -4.9711e-04 -4.9711e-04 -4.9710e-04 -4.9709e-04 -4.9707e-04 -4.9706e-04 -4.9703e-04 -4.9700e-04 -4.9697e-04 -4.9694e-04 -4.9690e-04 -4.9686e-04 -4.9681e-04 
-0000.00100 -9.9378e-04 -9.9385e-04 -9.9391e-04 -9.9396e-04 -9.9401e-04 -9.9405e-04 -9.9408e-04 -9.9411e-04 -9.9412e-04 -9.9412e-04 -9.9412e-04 -9.9411e-04 -9.9409e-04 -9.9406e-04 -9.9402e-04 -9.9398e-04 -9.9392e-04 -9.9386e-04 -9.9379e-04 -9.9371e-04 -9.9363e-04 
-0000.00150 -1.4904e-03 -1.4905e-03 -1.4906e-03 -1.4907e-03 -1.4908e-03 -1.4909e-03 -1.4909e-03 -1.4909e-03 -1.4910e-03 -1.4910e-03 -1.4910e-03 -1.4910e-03 -1.4909e-03 -1.4909e-03 -1.4908e-03 -1.4908e-03 -1.4907e-03 -1.4906e-03 -1.4905e-03 -1.4904e-03 -1.4903e-03 
-0000.00200 -1.9868e-03 -1.9870e-03 -1.9871e-03 -1.9872e-03 -1.9873e-03 -1.9874e-03 -1.9875e-03 -1.9875e-03 -1.9876e-03 -1.9876e-03 -1.9876e-03 -1.9876e-03 -1.9875e-03 -1.9875e-03 -1.9874e-03 -1.9873e-03 -1.9872e-03 -1.9871e-03 -1.9870e-03 -1.9868e-03 -1.9867e-03 
-0000.00250 -2.4829e-03 -2.4830e-03 -2.4832e-03 -2.4834e-03 -2.4835e-03 -2.4836e-03 -2.4837e-03 -2.4838e-03 -2.4838e-03 -2.4838e-03 -2.4838e-03 -2.4838e-03 -2.4838e-03 -2.4837e-03 -2.4836e-03 -2.4835e-03 -2.4834e-03 -2.4833e-03 -2.4831e-03 -2.4829e-03 -2.4827e-03 