# Author: FAC idanalysis.IDKickMap
#
# Total Length of Longitudinal Interval [m]
2.77
# Number of Horizontal Points
21
# Number of Vertical Points
11
# Total Horizontal 2nd Order Kick [T2m2]
START
            -0000.00400 -0000.00360 -0000.00320 -0000.00280 -0000.00240 -0000.00200 -0000.00160 -0000.00120 -0000.00080 -0000.00040 +0000.00000 +0000.00040 +0000.00080 +0000.00120 +0000.00160 +0000.00200 +0000.00240 +0000.00280 +0000.00320 +0000.00360 +0000.00400
+0000.00250 -3.6401e-03 -3.8397e-03 -4.0054e-03 -4.1139e-03 -4.1321e-03 -4.0154e-03 -3.7079e-03 -3.1523e-03 -2.3120e-03 -1.2060e-03 +6.5622e-05 +1.3380e-03 +2.4452e-03 +3.2855e-03 +3.8395e-03 +4.1444e-03 +4.2585e-03 +4.2380e-03 +4.1279e-03 +3.9612e-03 +3.7610e-03
+0000.00200 -3.4453e-03 -3.5834e-03 -3.6747e-03 -3.6980e-03 -3.6270e-03 -3.4311e-03 -3.0795e-03 -2.5487e-03 -1.8347e-03 -9.6583e-04 -7.0607e-06 +9.5121e-04 +1.8186e-03 +2.5303e-03 +3.0585e-03 +3.4074e-03 +3.6008e-03 +3.6699e-03 +3.6451e-03 +3.5528e-03 +3.4141e-03
+0000.00150 -3.3056e-03 -3.4021e-03 -3.4455e-03 -3.4170e-03 -3.2961e-03 -3.0618e-03 -2.6967e-03 -2.1922e-03 -1.5551e-03 -8.1233e-04 -1.0576e-05 +7.9072e-04 +1.5323e-03 +2.1675e-03 +2.6699e-03 +3.0329e-03 +3.2654e-03 +3.3847e-03 +3.4120e-03 +3.3678e-03 +3.2706e-03
+0000.00100 -3.2135e-03 -3.2838e-03 -3.2978e-03 -3.2392e-03 -3.0911e-03 -2.8384e-03 -2.4708e-03 -1.9864e-03 -1.3956e-03 -7.2278e-04 -5.3596e-06 +7.1171e-04 +1.3835e-03 +1.9729e-03 +2.4557e-03 +2.8216e-03 +3.0726e-03 +3.2193e-03 +3.2769e-03 +3.2620e-03 +3.1911e-03
+0000.00050 -3.1622e-03 -3.2180e-03 -3.2163e-03 -3.1419e-03 -2.9803e-03 -2.7194e-03 -2.3522e-03 -1.8797e-03 -1.3136e-03 -6.7662e-04 -1.5466e-06 +6.7323e-04 +1.3094e-03 +1.8743e-03 +2.3452e-03 +2.7109e-03 +2.9703e-03 +3.1305e-03 +3.2037e-03 +3.2046e-03 +3.1480e-03
+0000.00000 -3.1475e-03 -3.1987e-03 -3.1919e-03 -3.1125e-03 -2.9467e-03 -2.6833e-03 -2.3162e-03 -1.8474e-03 -1.2887e-03 -6.6243e-04 +4.9911e-08 +6.6224e-04 +1.2877e-03 +1.8452e-03 +2.3125e-03 +2.6780e-03 +2.9398e-03 +3.1042e-03 +3.1823e-03 +3.1882e-03 +3.1362e-03
-0000.00050 -3.1691e-03 -3.2247e-03 -3.2227e-03 -3.1479e-03 -2.9858e-03 -2.7243e-03 -2.3562e-03 -1.8826e-03 -1.3152e-03 -6.7686e-04 -3.5285e-07 +6.7583e-04 +1.3132e-03 +1.8793e-03 +2.3511e-03 +2.7174e-03 +2.9773e-03 +3.1378e-03 +3.2112e-03 +3.2121e-03 +3.1556e-03
-0000.00100 -3.2304e-03 -3.3003e-03 -3.3137e-03 -3.2542e-03 -3.1049e-03 -2.8506e-03 -2.4809e-03 -1.9938e-03 -1.3999e-03 -7.2372e-04 -2.7624e-06 +7.1777e-04 +1.3927e-03 +1.9849e-03 +2.4698e-03 +2.8373e-03 +3.0895e-03 +3.2370e-03 +3.2949e-03 +3.2802e-03 +3.2094e-03
-0000.00150 -3.3368e-03 -3.4326e-03 -3.4748e-03 -3.4448e-03 -3.3216e-03 -3.0841e-03 -2.7149e-03 -2.2055e-03 -1.5628e-03 -8.1394e-04 -6.0631e-06 +8.0119e-04 +1.5483e-03 +2.1884e-03 +2.6949e-03 +3.0610e-03 +3.2956e-03 +3.4164e-03 +3.4445e-03 +3.4007e-03 +3.3038e-03
-0000.00200 -3.4773e-03 -3.6142e-03 -3.7038e-03 -3.7246e-03 -3.6498e-03 -3.4490e-03 -3.0912e-03 -2.5538e-03 -1.8341e-03 -9.6102e-04 +4.0763e-07 +9.6095e-04 +1.8315e-03 +2.5474e-03 +3.0803e-03 +3.4336e-03 +3.6304e-03 +3.7018e-03 +3.6784e-03 +3.5869e-03 +3.4485e-03
-0000.00250 -3.5333e-03 -3.7318e-03 -3.8956e-03 -4.0011e-03 -4.0151e-03 -3.8932e-03 -3.5825e-03 -3.0308e-03 -2.2090e-03 -1.1409e-03 +7.7854e-05 +1.2965e-03 +2.3636e-03 +3.1822e-03 +3.7288e-03 +4.0338e-03 +4.1502e-03 +4.1318e-03 +4.0231e-03 +3.8570e-03 +3.6569e-03
# Total Vertical 2nd Order Kick [T2m2]
START
            -0000.00400 -0000.00360 -0000.00320 -0000.00280 -0000.00240 -0000.00200 -0000.00160 -0000.00120 -0000.00080 -0000.00040 +0000.00000 +0000.00040 +0000.00080 +0000.00120 +0000.00160 +0000.00200 +0000.00240 +0000.00280 +0000.00320 +0000.00360 +0000.00400
+0000.00250 -5.7489e-03 -5.9654e-03 -6.2474e-03 -6.6086e-03 -7.0600e-03 -7.6046e-03 -8.2273e-03 -8.8826e-03 -9.4853e-03 -9.9199e-03 -1.0078e-02 -9.9155e-03 -9.4767e-03 -8.8706e-03 -8.2137e-03 -7.5911e-03 -7.0478e-03 -6.5981e-03 -6.2388e-03 -5.9583e-03 -5.7431e-03
+0000.00200 -4.4433e-03 -4.5990e-03 -4.7988e-03 -5.0486e-03 -5.3514e-03 -5.7026e-03 -6.0859e-03 -6.4692e-03 -6.8047e-03 -7.0367e-03 -7.1190e-03 -7.0335e-03 -6.7989e-03 -6.4617e-03 -6.0776e-03 -5.6944e-03 -5.3439e-03 -5.0420e-03 -4.7931e-03 -4.5943e-03 -4.4393e-03
+0000.00150 -3.2382e-03 -3.3440e-03 -3.4780e-03 -3.6427e-03 -3.8377e-03 -4.0577e-03 -4.2905e-03 -4.5158e-03 -4.7071e-03 -4.8363e-03 -4.8813e-03 -4.8342e-03 -4.7033e-03 -4.5108e-03 -4.2849e-03 -4.0521e-03 -3.8324e-03 -3.6378e-03 -3.4737e-03 -3.3403e-03 -3.2350e-03
+0000.00100 -2.1130e-03 -2.1781e-03 -2.2598e-03 -2.3591e-03 -2.4748e-03 -2.6030e-03 -2.7360e-03 -2.8621e-03 -2.9673e-03 -3.0373e-03 -3.0614e-03 -3.0359e-03 -2.9647e-03 -2.8587e-03 -2.7320e-03 -2.5989e-03 -2.4708e-03 -2.3554e-03 -2.2564e-03 -2.1750e-03 -2.1103e-03
+0000.00050 -1.0427e-03 -1.0736e-03 -1.1122e-03 -1.1587e-03 -1.2125e-03 -1.2715e-03 -1.3319e-03 -1.3886e-03 -1.4353e-03 -1.4661e-03 -1.4766e-03 -1.4652e-03 -1.4336e-03 -1.3862e-03 -1.3291e-03 -1.2685e-03 -1.2096e-03 -1.1559e-03 -1.1095e-03 -1.0712e-03 -1.0405e-03
+0000.00000 -4.1084e-07 -3.8362e-07 -3.3358e-07 -2.5016e-07 -1.2214e-07 +6.0520e-08 +3.0276e-07 +6.0074e-07 +9.3840e-07 +1.2875e-06 +1.6118e-06 +1.8750e-06 +2.0511e-06 +2.1308e-06 +2.1223e-06 +2.0463e-06 +1.9293e-06 +1.7958e-06 +1.6646e-06 +1.5477e-06 +1.4503e-06
-0000.00050 +1.0420e-03 +1.0729e-03 +1.1117e-03 +1.1584e-03 +1.2126e-03 +1.2720e-03 +1.3330e-03 +1.3904e-03 +1.4379e-03 +1.4695e-03 +1.4807e-03 +1.4697e-03 +1.4384e-03 +1.3911e-03 +1.3338e-03 +1.2730e-03 +1.2137e-03 +1.1597e-03 +1.1130e-03 +1.0743e-03 +1.0434e-03
-0000.00100 +2.1124e-03 +2.1777e-03 +2.2598e-03 +2.3595e-03 +2.4759e-03 +2.6049e-03 +2.7388e-03 +2.8661e-03 +2.9724e-03 +3.0433e-03 +3.0683e-03 +3.0431e-03 +2.9720e-03 +2.8656e-03 +2.7384e-03 +2.6046e-03 +2.4758e-03 +2.3597e-03 +2.2602e-03 +2.1784e-03 +2.1133e-03
-0000.00150 +3.2381e-03 +3.3443e-03 +3.4789e-03 +3.6446e-03 +3.8408e-03 +4.0624e-03 +4.2970e-03 +4.5242e-03 +4.7173e-03 +4.8478e-03 +4.8937e-03 +4.8468e-03 +4.7154e-03 +4.5219e-03 +4.2946e-03 +4.0603e-03 +3.8391e-03 +3.6433e-03 +3.4782e-03 +3.3441e-03 +3.2383e-03
-0000.00200 +4.4438e-03 +4.6004e-03 +4.8014e-03 +5.0531e-03 +5.3582e-03 +5.7122e-03 +6.0985e-03 +6.4843e-03 +6.8214e-03 +7.0543e-03 +7.1372e-03 +7.0520e-03 +6.8171e-03 +6.4788e-03 +6.0926e-03 +5.7068e-03 +5.3536e-03 +5.0495e-03 +4.7988e-03 +4.5987e-03 +4.4429e-03
-0000.00250 +5.7505e-03 +5.9686e-03 +6.2530e-03 +6.6175e-03 +7.0729e-03 +7.6213e-03 +8.2458e-03 +8.8986e-03 +9.4942e-03 +9.9202e-03 +1.0075e-02 +9.9158e-03 +9.4856e-03 +8.8868e-03 +8.2327e-03 +7.6088e-03 +7.0622e-03 +6.6089e-03 +6.2466e-03 +5.9641e-03 +5.7475e-03
# Horizontal Final Position [m]
START
            -0000.00400 -0000.00360 -0000.00320 -0000.00280 -0000.00240 -0000.00200 -0000.00160 -0000.00120 -0000.00080 -0000.00040 +0000.00000 +0000.00040 +0000.00080 +0000.00120 +0000.00160 +0000.00200 +0000.00240 +0000.00280 +0000.00320 +0000.00360 +0000.00400
+0000.00250 -4.0539e-03 -3.6575e-03 -3.2604e-03 -2.8624e-03 -2.4630e-03 -2.0612e-03 -1.6562e-03 -1.2470e-03 -8.3281e-04 -4.1405e-04 +7.6737e-06 +4.2952e-04 +8.4861e-04 +1.2632e-03 +1.6728e-03 +2.0782e-03 +2.4803e-03 +2.8800e-03 +3.2783e-03 +3.6755e-03 +4.0721e-03
+0000.00200 -4.0521e-03 -3.6545e-03 -3.2562e-03 -2.8567e-03 -2.4556e-03 -2.0524e-03 -1.6465e-03 -1.2376e-03 -8.2552e-04 -4.1078e-04 +5.5392e-06 +4.2191e-04 +8.3678e-04 +1.2490e-03 +1.6582e-03 +2.0642e-03 +2.4677e-03 +2.8690e-03 +3.2686e-03 +3.6671e-03 +4.0648e-03
+0000.00150 -4.0504e-03 -3.6521e-03 -3.2528e-03 -2.8524e-03 -2.4504e-03 -2.0465e-03 -1.6404e-03 -1.2318e-03 -8.2103e-04 -4.0843e-04 +5.2057e-06 +4.1886e-04 +8.3154e-04 +1.2424e-03 +1.6511e-03 +2.0574e-03 +2.4614e-03 +2.8635e-03 +3.2641e-03 +3.6634e-03 +4.0618e-03
+0000.00100 -4.0490e-03 -3.6503e-03 -3.2505e-03 -2.8496e-03 -2.4471e-03 -2.0428e-03 -1.6366e-03 -1.2284e-03 -8.1833e-04 -4.0690e-04 +5.2914e-06 +4.1750e-04 +8.2896e-04 +1.2390e-03 +1.6473e-03 +2.0536e-03 +2.4580e-03 +2.8606e-03 +3.2616e-03 +3.6614e-03 +4.0602e-03
+0000.00050 -4.0482e-03 -3.6492e-03 -3.2492e-03 -2.8479e-03 -2.4452e-03 -2.0407e-03 -1.6345e-03 -1.2264e-03 -8.1682e-04 -4.0600e-04 +5.4784e-06 +4.1696e-04 +8.2780e-04 +1.2374e-03 +1.6455e-03 +2.0518e-03 +2.4563e-03 +2.8590e-03 +3.2603e-03 +3.6604e-03 +4.0595e-03
+0000.00000 -4.0479e-03 -3.6488e-03 -3.2487e-03 -2.8473e-03 -2.4445e-03 -2.0400e-03 -1.6337e-03 -1.2257e-03 -8.1622e-04 -4.0557e-04 +5.6970e-06 +4.1696e-04 +8.2761e-04 +1.2371e-03 +1.6451e-03 +2.0514e-03 +2.4558e-03 +2.8587e-03 +3.2600e-03 +3.6602e-03 +4.0593e-03
-0000.00050 -4.0482e-03 -3.6491e-03 -3.2491e-03 -2.8478e-03 -2.4450e-03 -2.0405e-03 -1.6342e-03 -1.2261e-03 -8.1644e-04 -4.0557e-04 +5.9430e-06 +4.1745e-04 +8.2829e-04 +1.2379e-03 +1.6460e-03 +2.0522e-03 +2.4567e-03 +2.8594e-03 +3.2607e-03 +3.6607e-03 +4.0598e-03
-0000.00100 -4.0490e-03 -3.6502e-03 -3.2504e-03 -2.8494e-03 -2.4468e-03 -2.0424e-03 -1.6360e-03 -1.2277e-03 -8.1756e-04 -4.0603e-04 +6.2472e-06 +4.1851e-04 +8.3000e-04 +1.2401e-03 +1.6483e-03 +2.0546e-03 +2.4589e-03 +2.8614e-03 +3.2624e-03 +3.6621e-03 +4.0609e-03
-0000.00150 -4.0505e-03 -3.6521e-03 -3.2528e-03 -2.8523e-03 -2.4501e-03 -2.0460e-03 -1.6396e-03 -1.2309e-03 -8.1987e-04 -4.0708e-04 +6.7108e-06 +4.2047e-04 +8.3320e-04 +1.2441e-03 +1.6527e-03 +2.0589e-03 +2.4629e-03 +2.8650e-03 +3.2654e-03 +3.6647e-03 +4.0630e-03
-0000.00200 -4.0523e-03 -3.6546e-03 -3.2561e-03 -2.8564e-03 -2.4550e-03 -2.0515e-03 -1.6454e-03 -1.2361e-03 -8.2374e-04 -4.0877e-04 +7.6951e-06 +4.2412e-04 +8.3900e-04 +1.2512e-03 +1.6603e-03 +2.0663e-03 +2.4696e-03 +2.8708e-03 +3.2703e-03 +3.6687e-03 +4.0663e-03
-0000.00250 -4.0519e-03 -3.6552e-03 -3.2580e-03 -2.8597e-03 -2.4599e-03 -2.0578e-03 -1.6524e-03 -1.2429e-03 -8.2873e-04 -4.1033e-04 +1.0647e-05 +4.3160e-04 +8.4992e-04 +1.2639e-03 +1.6733e-03 +2.0784e-03 +2.4803e-03 +2.8799e-03 +3.2780e-03 +3.6751e-03 +4.0716e-03
# Vertical Final Position [m]
START
            -0000.00400 -0000.00360 -0000.00320 -0000.00280 -0000.00240 -0000.00200 -0000.00160 -0000.00120 -0000.00080 -0000.00040 +0000.00000 +0000.00040 +0000.00080 +0000.00120 +0000.00160 +0000.00200 +0000.00240 +0000.00280 +0000.00320 +0000.00360 +0000.00400
+0000.00250 +2.4027e-03 +2.3990e-03 +2.3940e-03 +2.3877e-03 +2.3799e-03 +2.3703e-03 +2.3594e-03 +2.3478e-03 +2.3370e-03 +2.3291e-03 +2.3259e-03 +2.3284e-03 +2.3358e-03 +2.3461e-03 +2.3574e-03 +2.3682e-03 +2.3776e-03 +2.3854e-03 +2.3916e-03 +2.3964e-03 +2.4002e-03
+0000.00200 +1.9250e-03 +1.9223e-03 +1.9188e-03 +1.9144e-03 +1.9091e-03 +1.9030e-03 +1.8962e-03 +1.8894e-03 +1.8834e-03 +1.8791e-03 +1.8775e-03 +1.8787e-03 +1.8825e-03 +1.8882e-03 +1.8947e-03 +1.9012e-03 +1.9072e-03 +1.9123e-03 +1.9166e-03 +1.9200e-03 +1.9227e-03
+0000.00150 +1.4456e-03 +1.4437e-03 +1.4414e-03 +1.4385e-03 +1.4350e-03 +1.4312e-03 +1.4270e-03 +1.4230e-03 +1.4195e-03 +1.4171e-03 +1.4161e-03 +1.4167e-03 +1.4188e-03 +1.4220e-03 +1.4257e-03 +1.4296e-03 +1.4333e-03 +1.4366e-03 +1.4394e-03 +1.4417e-03 +1.4435e-03
+0000.00100 +9.6482e-04 +9.6366e-04 +9.6221e-04 +9.6043e-04 +9.5836e-04 +9.5606e-04 +9.5366e-04 +9.5136e-04 +9.4941e-04 +9.4804e-04 +9.4746e-04 +9.4773e-04 +9.4879e-04 +9.5047e-04 +9.5252e-04 +9.5470e-04 +9.5682e-04 +9.5873e-04 +9.6038e-04 +9.6174e-04 +9.6282e-04
+0000.00050 +4.8311e-04 +4.8254e-04 +4.8183e-04 +4.8096e-04 +4.7996e-04 +4.7886e-04 +4.7771e-04 +4.7661e-04 +4.7568e-04 +4.7500e-04 +4.7467e-04 +4.7472e-04 +4.7512e-04 +4.7580e-04 +4.7665e-04 +4.7759e-04 +4.7851e-04 +4.7936e-04 +4.8010e-04 +4.8071e-04 +4.8120e-04
+0000.00000 +9.4638e-07 +9.0591e-07 +8.5552e-07 +7.9397e-07 +7.2020e-07 +6.3351e-07 +5.3378e-07 +4.2164e-07 +2.9861e-07 +1.6719e-07 +3.0693e-08 -1.0697e-07 -2.4170e-07 -3.6966e-07 -4.8767e-07 -5.9350e-07 -6.8592e-07 -7.6469e-07 -8.3033e-07 -8.8387e-07 -9.2667e-07
-0000.00050 -4.8120e-04 -4.8070e-04 -4.8009e-04 -4.7934e-04 -4.7849e-04 -4.7755e-04 -4.7661e-04 -4.7574e-04 -4.7505e-04 -4.7465e-04 -4.7460e-04 -4.7493e-04 -4.7560e-04 -4.7654e-04 -4.7765e-04 -4.7880e-04 -4.7991e-04 -4.8092e-04 -4.8178e-04 -4.8250e-04 -4.8308e-04
-0000.00100 -9.6283e-04 -9.6174e-04 -9.6037e-04 -9.5871e-04 -9.5678e-04 -9.5464e-04 -9.5244e-04 -9.5037e-04 -9.4868e-04 -9.4760e-04 -9.4732e-04 -9.4791e-04 -9.4928e-04 -9.5124e-04 -9.5355e-04 -9.5597e-04 -9.5828e-04 -9.6036e-04 -9.6214e-04 -9.6360e-04 -9.6476e-04
-0000.00150 -1.4435e-03 -1.4417e-03 -1.4394e-03 -1.4366e-03 -1.4333e-03 -1.4295e-03 -1.4256e-03 -1.4218e-03 -1.4186e-03 -1.4165e-03 -1.4159e-03 -1.4169e-03 -1.4193e-03 -1.4228e-03 -1.4268e-03 -1.4310e-03 -1.4349e-03 -1.4384e-03 -1.4413e-03 -1.4437e-03 -1.4455e-03
-0000.00200 -1.9227e-03 -1.9200e-03 -1.9166e-03 -1.9123e-03 -1.9070e-03 -1.9010e-03 -1.8944e-03 -1.8878e-03 -1.8821e-03 -1.8783e-03 -1.8770e-03 -1.8787e-03 -1.8830e-03 -1.8890e-03 -1.8959e-03 -1.9027e-03 -1.9089e-03 -1.9143e-03 -1.9187e-03 -1.9222e-03 -1.9249e-03
-0000.00250 -2.4002e-03 -2.3964e-03 -2.3915e-03 -2.3852e-03 -2.3773e-03 -2.3678e-03 -2.3570e-03 -2.3458e-03 -2.3355e-03 -2.3283e-03 -2.3258e-03 -2.3288e-03 -2.3366e-03 -2.3473e-03 -2.3589e-03 -2.3699e-03 -2.3795e-03 -2.3875e-03 -2.3939e-03 -2.3988e-03 -2.4026e-03
