# Author: FAC idanalysis.IDKickMap
# 
# Total Length of Longitudinal Interval [m]
2.77
# Number of Horizontal Points
21
# Number of Vertical Points
11
# Total Horizontal 2nd Order Kick [T2m2]
START
            -0000.00400 -0000.00360 -0000.00320 -0000.00280 -0000.00240 -0000.00200 -0000.00160 -0000.00120 -0000.00080 -0000.00040 +0000.00000 +0000.00040 +0000.00080 +0000.00120 +0000.00160 +0000.00200 +0000.00240 +0000.00280 +0000.00320 +0000.00360 +0000.00400 
+0000.00250 -1.4476e-04 -1.3711e-04 -1.2767e-04 -1.1647e-04 -1.0356e-04 -8.9065e-05 -7.3143e-05 -5.6010e-05 -3.7926e-05 -1.9184e-05 -1.0637e-07 +1.8973e-05 +3.7720e-05 +5.5814e-05 +7.2958e-05 +8.8895e-05 +1.0341e-04 +1.1633e-04 +1.2755e-04 +1.3701e-04 +1.4469e-04 
+0000.00200 -1.5219e-04 -1.4400e-04 -1.3396e-04 -1.2210e-04 -1.0848e-04 -9.3228e-05 -7.6516e-05 -5.8565e-05 -3.9641e-05 -2.0046e-05 -1.0901e-07 +1.9830e-05 +3.9430e-05 +5.8363e-05 +7.6327e-05 +9.3054e-05 +1.0832e-04 +1.2196e-04 +1.3384e-04 +1.4390e-04 +1.5212e-04 
+0000.00150 -1.5799e-04 -1.4936e-04 -1.3885e-04 -1.2646e-04 -1.1229e-04 -9.6449e-05 -7.9121e-05 -6.0535e-05 -4.0962e-05 -2.0710e-05 -1.1067e-07 +2.0491e-05 +4.0749e-05 +6.0330e-05 +7.8929e-05 +9.6271e-05 +1.1213e-04 +1.2632e-04 +1.3873e-04 +1.4926e-04 +1.5791e-04 
+0000.00100 -1.6212e-04 -1.5319e-04 -1.4233e-04 -1.2957e-04 -1.1499e-04 -9.8732e-05 -8.0967e-05 -6.1930e-05 -4.1897e-05 -2.1179e-05 -1.1127e-07 +2.0959e-05 +4.1682e-05 +6.1724e-05 +8.0773e-05 +9.8554e-05 +1.1483e-04 +1.2943e-04 +1.4221e-04 +1.5309e-04 +1.6204e-04 
+0000.00050 -1.6460e-04 -1.5548e-04 -1.4441e-04 -1.3142e-04 -1.1661e-04 -1.0009e-04 -8.2066e-05 -6.2760e-05 -4.2453e-05 -2.1458e-05 -1.1075e-07 +2.1238e-05 +4.2239e-05 +6.2555e-05 +8.1873e-05 +9.9916e-05 +1.1645e-04 +1.3128e-04 +1.4429e-04 +1.5538e-04 +1.6452e-04 
+0000.00000 -1.6542e-04 -1.5624e-04 -1.4510e-04 -1.3204e-04 -1.1714e-04 -1.0054e-04 -8.2430e-05 -6.3034e-05 -4.2636e-05 -2.1549e-05 -1.0906e-07 +2.1332e-05 +4.2425e-05 +6.2833e-05 +8.2240e-05 +1.0037e-04 +1.1699e-04 +1.3190e-04 +1.4498e-04 +1.5614e-04 +1.6534e-04 
-0000.00050 -1.6460e-04 -1.5547e-04 -1.4440e-04 -1.3142e-04 -1.1660e-04 -1.0009e-04 -8.2062e-05 -6.2756e-05 -4.2449e-05 -2.1453e-05 -1.0607e-07 +2.1243e-05 +4.2244e-05 +6.2560e-05 +8.1878e-05 +9.9921e-05 +1.1645e-04 +1.3129e-04 +1.4429e-04 +1.5538e-04 +1.6452e-04 
-0000.00100 -1.6212e-04 -1.5318e-04 -1.4232e-04 -1.2956e-04 -1.1499e-04 -9.8724e-05 -8.0958e-05 -6.1921e-05 -4.1888e-05 -2.1170e-05 -1.0166e-07 +2.0968e-05 +4.1692e-05 +6.1733e-05 +8.0782e-05 +9.8563e-05 +1.1484e-04 +1.2944e-04 +1.4221e-04 +1.5309e-04 +1.6205e-04 
-0000.00150 -1.5798e-04 -1.4935e-04 -1.3884e-04 -1.2645e-04 -1.1228e-04 -9.6436e-05 -7.9107e-05 -6.0521e-05 -4.0948e-05 -2.0695e-05 -9.5613e-08 +2.0506e-05 +4.0764e-05 +6.0345e-05 +7.8943e-05 +9.6285e-05 +1.1214e-04 +1.2634e-04 +1.3874e-04 +1.4927e-04 +1.5792e-04 
-0000.00200 -1.5218e-04 -1.4398e-04 -1.3394e-04 -1.2208e-04 -1.0846e-04 -9.3210e-05 -7.6497e-05 -5.8545e-05 -3.9620e-05 -2.0025e-05 -8.7664e-08 +1.9851e-05 +3.9451e-05 +5.8384e-05 +7.6347e-05 +9.3073e-05 +1.0834e-04 +1.2198e-04 +1.3386e-04 +1.4391e-04 +1.5213e-04 
-0000.00250 -1.4475e-04 -1.3709e-04 -1.2765e-04 -1.1644e-04 -1.0354e-04 -8.9040e-05 -7.3117e-05 -5.5983e-05 -3.7897e-05 -1.9155e-05 -7.7436e-08 +1.9002e-05 +3.7749e-05 +5.5842e-05 +7.2985e-05 +8.8921e-05 +1.0343e-04 +1.1635e-04 +1.2757e-04 +1.3703e-04 +1.4471e-04 
# Total Vertical 2nd Order Kick [T2m2]
START
            -0000.00400 -0000.00360 -0000.00320 -0000.00280 -0000.00240 -0000.00200 -0000.00160 -0000.00120 -0000.00080 -0000.00040 +0000.00000 +0000.00040 +0000.00080 +0000.00120 +0000.00160 +0000.00200 +0000.00240 +0000.00280 +0000.00320 +0000.00360 +0000.00400 
+0000.00250 -5.8418e-04 -5.7782e-04 -5.7197e-04 -5.6667e-04 -5.6197e-04 -5.5793e-04 -5.5457e-04 -5.5192e-04 -5.5001e-04 -5.4886e-04 -5.4847e-04 -5.4885e-04 -5.5000e-04 -5.5189e-04 -5.5453e-04 -5.5788e-04 -5.6192e-04 -5.6660e-04 -5.7190e-04 -5.7775e-04 -5.8410e-04 
+0000.00200 -4.4992e-04 -4.4482e-04 -4.4012e-04 -4.3588e-04 -4.3213e-04 -4.2890e-04 -4.2622e-04 -4.2412e-04 -4.2260e-04 -4.2169e-04 -4.2138e-04 -4.2168e-04 -4.2259e-04 -4.2410e-04 -4.2619e-04 -4.2886e-04 -4.3208e-04 -4.3583e-04 -4.4006e-04 -4.4475e-04 -4.4985e-04 
+0000.00150 -3.2756e-04 -3.2373e-04 -3.2021e-04 -3.1704e-04 -3.1424e-04 -3.1184e-04 -3.0984e-04 -3.0828e-04 -3.0715e-04 -3.0647e-04 -3.0624e-04 -3.0647e-04 -3.0714e-04 -3.0826e-04 -3.0982e-04 -3.1180e-04 -3.1420e-04 -3.1700e-04 -3.2017e-04 -3.2368e-04 -3.2750e-04 
+0000.00100 -2.1376e-04 -2.1122e-04 -2.0888e-04 -2.0677e-04 -2.0492e-04 -2.0332e-04 -2.0200e-04 -2.0097e-04 -2.0022e-04 -1.9977e-04 -1.9962e-04 -1.9977e-04 -2.0021e-04 -2.0095e-04 -2.0198e-04 -2.0330e-04 -2.0489e-04 -2.0674e-04 -2.0884e-04 -2.1118e-04 -2.1372e-04 
+0000.00050 -1.0552e-04 -1.0425e-04 -1.0308e-04 -1.0203e-04 -1.0111e-04 -1.0031e-04 -9.9658e-05 -9.9143e-05 -9.8772e-05 -9.8548e-05 -9.8473e-05 -9.8545e-05 -9.8766e-05 -9.9133e-05 -9.9645e-05 -1.0030e-04 -1.0109e-04 -1.0201e-04 -1.0306e-04 -1.0422e-04 -1.0549e-04 
+0000.00000 -8.8963e-09 -8.2139e-09 -7.4916e-09 -6.7388e-09 -5.9651e-09 -5.1590e-09 -4.3137e-09 -3.4690e-09 -2.6029e-09 -1.7301e-09 -8.3027e-10 +3.5661e-11 +8.9023e-10 +1.7164e-09 +2.5160e-09 +3.2763e-09 +3.9821e-09 +4.6863e-09 +5.3169e-09 +5.9273e-09 +6.5116e-09 
-0000.00050 +1.0550e-04 +1.0423e-04 +1.0307e-04 +1.0202e-04 +1.0110e-04 +1.0030e-04 +9.9649e-05 +9.9136e-05 +9.8767e-05 +9.8545e-05 +9.8471e-05 +9.8545e-05 +9.8767e-05 +9.9136e-05 +9.9650e-05 +1.0031e-04 +1.0110e-04 +1.0202e-04 +1.0307e-04 +1.0423e-04 +1.0551e-04 
-0000.00100 +2.1374e-04 +2.1120e-04 +2.0886e-04 +2.0676e-04 +2.0490e-04 +2.0331e-04 +2.0199e-04 +2.0096e-04 +2.0022e-04 +1.9977e-04 +1.9962e-04 +1.9977e-04 +2.0021e-04 +2.0096e-04 +2.0199e-04 +2.0330e-04 +2.0490e-04 +2.0675e-04 +2.0885e-04 +2.1119e-04 +2.1373e-04 
-0000.00150 +3.2754e-04 +3.2371e-04 +3.2020e-04 +3.1703e-04 +3.1423e-04 +3.1182e-04 +3.0983e-04 +3.0827e-04 +3.0715e-04 +3.0647e-04 +3.0624e-04 +3.0647e-04 +3.0714e-04 +3.0826e-04 +3.0982e-04 +3.1181e-04 +3.1421e-04 +3.1701e-04 +3.2018e-04 +3.2369e-04 +3.2751e-04 
-0000.00200 +4.4991e-04 +4.4480e-04 +4.4011e-04 +4.3586e-04 +4.3211e-04 +4.2889e-04 +4.2621e-04 +4.2411e-04 +4.2260e-04 +4.2169e-04 +4.2138e-04 +4.2168e-04 +4.2259e-04 +4.2410e-04 +4.2620e-04 +4.2887e-04 +4.3209e-04 +4.3583e-04 +4.4007e-04 +4.4476e-04 +4.4987e-04 
-0000.00250 +5.8416e-04 +5.7781e-04 +5.7195e-04 +5.6665e-04 +5.6196e-04 +5.5792e-04 +5.5456e-04 +5.5191e-04 +5.5001e-04 +5.4886e-04 +5.4847e-04 +5.4885e-04 +5.5000e-04 +5.5190e-04 +5.5453e-04 +5.5789e-04 +5.6193e-04 +5.6661e-04 +5.7191e-04 +5.7776e-04 +5.8411e-04 
# Horizontal Final Position [m]
START
            -0000.00400 -0000.00360 -0000.00320 -0000.00280 -0000.00240 -0000.00200 -0000.00160 -0000.00120 -0000.00080 -0000.00040 +0000.00000 +0000.00040 +0000.00080 +0000.00120 +0000.00160 +0000.00200 +0000.00240 +0000.00280 +0000.00320 +0000.00360 +0000.00400 
+0000.00250 -4.0081e-03 -3.6079e-03 -3.2076e-03 -2.8073e-03 -2.4069e-03 -2.0065e-03 -1.6061e-03 -1.2056e-03 -8.0512e-04 -4.0461e-04 -4.0836e-06 +3.9644e-04 +7.9695e-04 +1.1974e-03 +1.5979e-03 +1.9984e-03 +2.3987e-03 +2.7991e-03 +3.1994e-03 +3.5997e-03 +3.9999e-03 
+0000.00200 -4.0083e-03 -3.6080e-03 -3.2078e-03 -2.8074e-03 -2.4071e-03 -2.0066e-03 -1.6062e-03 -1.2057e-03 -8.0516e-04 -4.0462e-04 -4.0697e-06 +3.9648e-04 +7.9701e-04 +1.1975e-03 +1.5980e-03 +1.9985e-03 +2.3989e-03 +2.7993e-03 +3.1996e-03 +3.5999e-03 +4.0001e-03 
+0000.00150 -4.0084e-03 -3.6082e-03 -3.2079e-03 -2.8075e-03 -2.4071e-03 -2.0067e-03 -1.6062e-03 -1.2057e-03 -8.0518e-04 -4.0462e-04 -4.0557e-06 +3.9651e-04 +7.9706e-04 +1.1976e-03 +1.5981e-03 +1.9986e-03 +2.3990e-03 +2.7994e-03 +3.1997e-03 +3.6000e-03 +4.0002e-03 
+0000.00100 -4.0085e-03 -3.6083e-03 -3.2080e-03 -2.8076e-03 -2.4072e-03 -2.0068e-03 -1.6063e-03 -1.2057e-03 -8.0519e-04 -4.0462e-04 -4.0413e-06 +3.9654e-04 +7.9710e-04 +1.1977e-03 +1.5982e-03 +1.9987e-03 +2.3991e-03 +2.7995e-03 +3.1998e-03 +3.6001e-03 +4.0004e-03 
+0000.00050 -4.0086e-03 -3.6083e-03 -3.2080e-03 -2.8076e-03 -2.4072e-03 -2.0068e-03 -1.6063e-03 -1.2057e-03 -8.0519e-04 -4.0461e-04 -4.0261e-06 +3.9656e-04 +7.9713e-04 +1.1977e-03 +1.5982e-03 +1.9987e-03 +2.3992e-03 +2.7996e-03 +3.1999e-03 +3.6002e-03 +4.0005e-03 
+0000.00000 -4.0086e-03 -3.6083e-03 -3.2080e-03 -2.8077e-03 -2.4072e-03 -2.0068e-03 -1.6063e-03 -1.2057e-03 -8.0518e-04 -4.0460e-04 -4.0098e-06 +3.9658e-04 +7.9716e-04 +1.1977e-03 +1.5982e-03 +1.9987e-03 +2.3992e-03 +2.7996e-03 +3.1999e-03 +3.6002e-03 +4.0005e-03 
-0000.00050 -4.0085e-03 -3.6083e-03 -3.2080e-03 -2.8076e-03 -2.4072e-03 -2.0067e-03 -1.6062e-03 -1.2057e-03 -8.0516e-04 -4.0458e-04 -3.9921e-06 +3.9659e-04 +7.9717e-04 +1.1977e-03 +1.5982e-03 +1.9987e-03 +2.3992e-03 +2.7996e-03 +3.1999e-03 +3.6002e-03 +4.0005e-03 
-0000.00100 -4.0085e-03 -3.6082e-03 -3.2079e-03 -2.8076e-03 -2.4071e-03 -2.0067e-03 -1.6062e-03 -1.2057e-03 -8.0512e-04 -4.0455e-04 -3.9725e-06 +3.9661e-04 +7.9717e-04 +1.1977e-03 +1.5982e-03 +1.9987e-03 +2.3992e-03 +2.7996e-03 +3.1999e-03 +3.6002e-03 +4.0004e-03 
-0000.00150 -4.0083e-03 -3.6081e-03 -3.2078e-03 -2.8074e-03 -2.4071e-03 -2.0066e-03 -1.6061e-03 -1.2056e-03 -8.0507e-04 -4.0452e-04 -3.9507e-06 +3.9661e-04 +7.9717e-04 +1.1977e-03 +1.5982e-03 +1.9987e-03 +2.3991e-03 +2.7995e-03 +3.1998e-03 +3.6001e-03 +4.0003e-03 
-0000.00200 -4.0082e-03 -3.6079e-03 -3.2076e-03 -2.8073e-03 -2.4069e-03 -2.0065e-03 -1.6060e-03 -1.2055e-03 -8.0501e-04 -4.0447e-04 -3.9261e-06 +3.9662e-04 +7.9716e-04 +1.1977e-03 +1.5982e-03 +1.9986e-03 +2.3990e-03 +2.7994e-03 +3.1997e-03 +3.6000e-03 +4.0002e-03 
-0000.00250 -4.0079e-03 -3.6077e-03 -3.2074e-03 -2.8071e-03 -2.4068e-03 -2.0064e-03 -1.6059e-03 -1.2054e-03 -8.0494e-04 -4.0442e-04 -3.8980e-06 +3.9662e-04 +7.9714e-04 +1.1976e-03 +1.5981e-03 +1.9985e-03 +2.3989e-03 +2.7993e-03 +3.1996e-03 +3.5998e-03 +4.0000e-03 
# Vertical Final Position [m]
START
            -0000.00400 -0000.00360 -0000.00320 -0000.00280 -0000.00240 -0000.00200 -0000.00160 -0000.00120 -0000.00080 -0000.00040 +0000.00000 +0000.00040 +0000.00080 +0000.00120 +0000.00160 +0000.00200 +0000.00240 +0000.00280 +0000.00320 +0000.00360 +0000.00400 
+0000.00250 +2.4840e-03 +2.4842e-03 +2.4843e-03 +2.4845e-03 +2.4846e-03 +2.4847e-03 +2.4848e-03 +2.4849e-03 +2.4849e-03 +2.4849e-03 +2.4849e-03 +2.4849e-03 +2.4849e-03 +2.4848e-03 +2.4848e-03 +2.4847e-03 +2.4845e-03 +2.4844e-03 +2.4843e-03 +2.4841e-03 +2.4839e-03 
+0000.00200 +1.9877e-03 +1.9878e-03 +1.9880e-03 +1.9881e-03 +1.9882e-03 +1.9883e-03 +1.9883e-03 +1.9884e-03 +1.9884e-03 +1.9884e-03 +1.9884e-03 +1.9884e-03 +1.9884e-03 +1.9883e-03 +1.9883e-03 +1.9882e-03 +1.9881e-03 +1.9880e-03 +1.9879e-03 +1.9877e-03 +1.9876e-03 
+0000.00150 +1.4911e-03 +1.4912e-03 +1.4913e-03 +1.4913e-03 +1.4914e-03 +1.4915e-03 +1.4915e-03 +1.4916e-03 +1.4916e-03 +1.4916e-03 +1.4916e-03 +1.4916e-03 +1.4916e-03 +1.4915e-03 +1.4915e-03 +1.4914e-03 +1.4913e-03 +1.4913e-03 +1.4912e-03 +1.4911e-03 +1.4909e-03 
+0000.00100 +9.9420e-04 +9.9426e-04 +9.9432e-04 +9.9437e-04 +9.9442e-04 +9.9445e-04 +9.9448e-04 +9.9450e-04 +9.9452e-04 +9.9452e-04 +9.9452e-04 +9.9451e-04 +9.9449e-04 +9.9446e-04 +9.9443e-04 +9.9438e-04 +9.9433e-04 +9.9428e-04 +9.9421e-04 +9.9414e-04 +9.9407e-04 
+0000.00050 +4.9718e-04 +4.9721e-04 +4.9723e-04 +4.9725e-04 +4.9727e-04 +4.9729e-04 +4.9730e-04 +4.9730e-04 +4.9730e-04 +4.9730e-04 +4.9730e-04 +4.9729e-04 +4.9727e-04 +4.9726e-04 +4.9723e-04 +4.9721e-04 +4.9718e-04 +4.9715e-04 +4.9711e-04 +4.9707e-04 +4.9703e-04 
+0000.00000 +8.1113e-08 +7.4334e-08 +6.7177e-08 +5.9661e-08 +5.1814e-08 +4.3669e-08 +3.5266e-08 +2.6648e-08 +1.7866e-08 +8.9707e-09 +1.8802e-11 -8.9336e-09 -1.7830e-08 -2.6615e-08 -3.5236e-08 -4.3643e-08 -5.1792e-08 -5.9644e-08 -6.7166e-08 -7.4330e-08 -8.1114e-08 
-0000.00050 -4.9701e-04 -4.9706e-04 -4.9710e-04 -4.9713e-04 -4.9717e-04 -4.9720e-04 -4.9722e-04 -4.9725e-04 -4.9727e-04 -4.9728e-04 -4.9730e-04 -4.9731e-04 -4.9731e-04 -4.9731e-04 -4.9730e-04 -4.9730e-04 -4.9728e-04 -4.9727e-04 -4.9725e-04 -4.9722e-04 -4.9719e-04 
-0000.00100 -9.9403e-04 -9.9411e-04 -9.9418e-04 -9.9425e-04 -9.9431e-04 -9.9436e-04 -9.9441e-04 -9.9445e-04 -9.9448e-04 -9.9450e-04 -9.9452e-04 -9.9453e-04 -9.9453e-04 -9.9452e-04 -9.9450e-04 -9.9448e-04 -9.9444e-04 -9.9440e-04 -9.9435e-04 -9.9430e-04 -9.9423e-04 
-0000.00150 -1.4909e-03 -1.4910e-03 -1.4911e-03 -1.4912e-03 -1.4913e-03 -1.4914e-03 -1.4914e-03 -1.4915e-03 -1.4915e-03 -1.4916e-03 -1.4916e-03 -1.4916e-03 -1.4916e-03 -1.4916e-03 -1.4915e-03 -1.4915e-03 -1.4915e-03 -1.4914e-03 -1.4913e-03 -1.4912e-03 -1.4911e-03 
-0000.00200 -1.9875e-03 -1.9877e-03 -1.9878e-03 -1.9879e-03 -1.9881e-03 -1.9882e-03 -1.9882e-03 -1.9883e-03 -1.9884e-03 -1.9884e-03 -1.9884e-03 -1.9884e-03 -1.9884e-03 -1.9884e-03 -1.9884e-03 -1.9883e-03 -1.9882e-03 -1.9881e-03 -1.9880e-03 -1.9879e-03 -1.9878e-03 
-0000.00250 -2.4838e-03 -2.4840e-03 -2.4842e-03 -2.4843e-03 -2.4845e-03 -2.4846e-03 -2.4847e-03 -2.4848e-03 -2.4849e-03 -2.4849e-03 -2.4849e-03 -2.4850e-03 -2.4849e-03 -2.4849e-03 -2.4848e-03 -2.4848e-03 -2.4847e-03 -2.4846e-03 -2.4844e-03 -2.4843e-03 -2.4841e-03 