# Author: FAC idanalysis.IDKickMap
# 
# Total Length of Longitudinal Interval [m]
1.3
# Number of Horizontal Points
23
# Number of Vertical Points
11
# Total Horizontal 2nd Order Kick [T2m2]
START
            -0000.01200 -0000.01091 -0000.00982 -0000.00873 -0000.00764 -0000.00655 -0000.00545 -0000.00436 -0000.00327 -0000.00218 -0000.00109 +0000.00000 +0000.00109 +0000.00218 +0000.00327 +0000.00436 +0000.00545 +0000.00655 +0000.00764 +0000.00873 +0000.00982 +0000.01091 +0000.01200 
+0000.00500 -4.3331e-03 -4.3800e-03 -4.3844e-03 -4.3850e-03 -4.3843e-03 -4.3835e-03 -4.3848e-03 -4.3844e-03 -4.3838e-03 -4.3833e-03 -4.3829e-03 -4.3831e-03 -4.3833e-03 -4.3829e-03 -4.3825e-03 -4.3818e-03 -4.3815e-03 -4.3828e-03 -4.3820e-03 -4.3814e-03 -4.3820e-03 -4.3865e-03 -4.4333e-03 
+0000.00400 -3.0608e-03 -2.2808e-03 -2.2568e-03 -2.2433e-03 -2.2329e-03 -2.2224e-03 -2.2304e-03 -2.2439e-03 -2.9291e-03 -4.2035e-03 -2.2423e-03 -1.3875e-03 -3.8776e-05 -3.2232e-05 -2.8506e-05 -2.4960e-05 -1.8959e-05 -2.5498e-05 -1.9550e-05 -1.2418e-05 -2.1531e-03 -2.1731e-03 -3.1408e-03 
+0000.00300 -2.2029e-05 -1.9987e-05 -1.4171e-05 -9.3900e-06 -5.6880e-06 -3.3242e-06 -3.5764e-06 -2.3718e-06 -1.2575e-06 -4.6935e-07 +1.2568e-07 -1.8216e-08 -1.1693e-07 +4.9175e-07 +1.2938e-06 +2.4277e-06 +3.6078e-06 +3.3934e-06 +5.8753e-06 +9.6642e-06 +1.4565e-05 +2.0517e-05 +2.2499e-05 
+0000.00200 -4.2119e-05 -2.8344e-05 -1.8931e-05 -1.2318e-05 -7.8086e-06 -5.0098e-06 -3.4827e-06 -2.3286e-06 -1.3726e-06 -6.6974e-07 -2.0973e-07 -1.3240e-10 +2.1660e-07 +6.8649e-07 +1.3993e-06 +2.3657e-06 +3.5288e-06 +5.0903e-06 +7.9554e-06 +1.2547e-05 +1.9273e-05 +2.8849e-05 +4.2926e-05 
+0000.00100 -5.1311e-05 -3.3794e-05 -2.2021e-05 -1.4183e-05 -9.0376e-06 -5.7669e-06 -3.7355e-06 -2.3957e-06 -1.4467e-06 -7.7475e-07 -3.1656e-07 +4.3014e-09 +3.2780e-07 +7.9207e-07 +1.4721e-06 +2.4317e-06 +3.7882e-06 +5.8516e-06 +9.1751e-06 +1.4398e-05 +2.2349e-05 +3.4291e-05 +5.2057e-05 
+0000.00000 -5.3702e-05 -3.5551e-05 -2.3079e-05 -1.4821e-05 -9.4414e-06 -6.0076e-06 -3.8414e-06 -2.4347e-06 -1.4746e-06 -8.0647e-07 -3.4274e-07 +5.2552e-09 +3.5518e-07 +8.2402e-07 +1.4997e-06 +2.4708e-06 +3.8954e-06 +6.0930e-06 +9.5771e-06 +1.5032e-05 +2.3404e-05 +3.6040e-05 +5.4400e-05 
-0000.00100 -5.1311e-05 -3.3794e-05 -2.2021e-05 -1.4183e-05 -9.0374e-06 -5.7667e-06 -3.7353e-06 -2.3956e-06 -1.4466e-06 -7.7472e-07 -3.1657e-07 +4.2717e-09 +3.2775e-07 +7.9199e-07 +1.4719e-06 +2.4315e-06 +3.7880e-06 +5.8514e-06 +9.1750e-06 +1.4398e-05 +2.2349e-05 +3.4291e-05 +5.2058e-05 
-0000.00200 -4.2119e-05 -2.8344e-05 -1.8930e-05 -1.2318e-05 -7.8082e-06 -5.0094e-06 -3.4823e-06 -2.3283e-06 -1.3725e-06 -6.6969e-07 -2.0975e-07 -1.9673e-10 +2.1651e-07 +6.8635e-07 +1.3991e-06 +2.3654e-06 +3.5284e-06 +5.0899e-06 +7.9551e-06 +1.2547e-05 +1.9273e-05 +2.8849e-05 +4.2926e-05 
-0000.00300 -2.2030e-05 -1.9987e-05 -1.4171e-05 -9.3897e-06 -5.6874e-06 -3.3234e-06 -3.5757e-06 -2.3714e-06 -1.2573e-06 -4.6931e-07 +1.2560e-07 -1.8332e-08 -1.1703e-07 +4.9158e-07 +1.2935e-06 +2.4272e-06 +3.6071e-06 +3.3926e-06 +5.8748e-06 +9.6640e-06 +1.4565e-05 +2.0518e-05 +2.2500e-05 
-0000.00400 -3.0608e-03 -2.2808e-03 -2.2568e-03 -2.2433e-03 -2.2329e-03 -2.2224e-03 -2.2304e-03 -2.2439e-03 -2.9290e-03 -4.2034e-03 -2.2423e-03 -1.3860e-03 -3.8801e-05 -3.2245e-05 -2.8514e-05 -2.4966e-05 -1.8965e-05 -2.5503e-05 -1.9554e-05 -1.2421e-05 -2.1531e-03 -2.1731e-03 -3.1408e-03 
-0000.00500 -4.3331e-03 -4.3800e-03 -4.3844e-03 -4.3850e-03 -4.3843e-03 -4.3835e-03 -4.3848e-03 -4.3844e-03 -4.3838e-03 -4.3833e-03 -4.3829e-03 -4.3831e-03 -4.3833e-03 -4.3829e-03 -4.3825e-03 -4.3818e-03 -4.3815e-03 -4.3828e-03 -4.3820e-03 -4.3814e-03 -4.3820e-03 -4.3865e-03 -4.4333e-03 
# Total Vertical 2nd Order Kick [T2m2]
START
            -0000.01200 -0000.01091 -0000.00982 -0000.00873 -0000.00764 -0000.00655 -0000.00545 -0000.00436 -0000.00327 -0000.00218 -0000.00109 +0000.00000 +0000.00109 +0000.00218 +0000.00327 +0000.00436 +0000.00545 +0000.00655 +0000.00764 +0000.00873 +0000.00982 +0000.01091 +0000.01200 
+0000.00500 -3.7611e-06 +4.2804e-06 +1.3899e-05 +1.9732e-05 +2.3280e-05 +2.4636e-05 +1.5747e-05 +1.8019e-05 +1.9148e-05 +1.9712e-05 +1.9787e-05 +1.6860e-05 +1.6418e-05 +1.6330e-05 +1.5758e-05 +1.4612e-05 +1.2311e-05 +3.6786e-07 -1.0410e-06 -4.6373e-06 -1.0536e-05 -2.0267e-05 -6.3083e-05 
+0000.00400 -2.9531e-04 -9.7804e-04 -8.9791e-04 -9.1842e-04 -8.9334e-04 -8.1752e-04 -3.7435e-04 -3.1178e-04 -1.4311e-04 +5.3928e-05 -3.1136e-04 -4.6321e-04 -5.6120e-04 -5.6130e-04 -5.6146e-04 -5.6171e-04 -5.6211e-04 -5.6304e-04 -5.6513e-04 -1.0213e-03 -7.3704e-04 -6.0916e-04 -1.0622e-03 
+0000.00300 -3.4575e-04 -3.3084e-04 -3.2346e-04 -3.1890e-04 -3.1587e-04 -3.1296e-04 -3.1207e-04 -3.1267e-04 -3.1262e-04 -3.1241e-04 -3.1201e-04 -3.1141e-04 -3.1203e-04 -3.1241e-04 -3.1262e-04 -3.1266e-04 -3.1205e-04 -3.1309e-04 -3.1602e-04 -3.1914e-04 -3.2386e-04 -3.3152e-04 -3.4731e-04 
+0000.00200 -1.8899e-04 -1.7784e-04 -1.7200e-04 -1.6864e-04 -1.6649e-04 -1.6500e-04 -1.6431e-04 -1.6421e-04 -1.6414e-04 -1.6401e-04 -1.6382e-04 -1.6370e-04 -1.6383e-04 -1.6402e-04 -1.6415e-04 -1.6421e-04 -1.6432e-04 -1.6504e-04 -1.6657e-04 -1.6876e-04 -1.7221e-04 -1.7821e-04 -1.8970e-04 
+0000.00100 -8.2302e-05 -7.7535e-05 -7.4537e-05 -7.2765e-05 -7.1667e-05 -7.0972e-05 -7.0608e-05 -7.0476e-05 -7.0414e-05 -7.0350e-05 -7.0279e-05 -7.0244e-05 -7.0281e-05 -7.0352e-05 -7.0416e-05 -7.0478e-05 -7.0616e-05 -7.0990e-05 -7.1698e-05 -7.2815e-05 -7.4622e-05 -7.7681e-05 -8.2523e-05 
+0000.00000 +3.6665e-10 +4.0350e-10 +4.0446e-10 +3.6711e-10 +2.9487e-10 +1.9827e-10 +9.6383e-11 +1.0382e-11 -4.7802e-11 -7.7528e-11 -8.4115e-11 -7.4452e-11 -5.3251e-11 -1.9809e-11 +3.1049e-11 +1.0491e-10 +2.0125e-10 +3.0749e-10 +4.0144e-10 +4.6299e-10 +4.8100e-10 +4.5206e-10 +3.8162e-10 
-0000.00100 +8.2303e-05 +7.7536e-05 +7.4538e-05 +7.2766e-05 +7.1668e-05 +7.0972e-05 +7.0608e-05 +7.0476e-05 +7.0414e-05 +7.0349e-05 +7.0279e-05 +7.0244e-05 +7.0281e-05 +7.0352e-05 +7.0416e-05 +7.0479e-05 +7.0616e-05 +7.0990e-05 +7.1699e-05 +7.2816e-05 +7.4623e-05 +7.7681e-05 +8.2524e-05 
-0000.00200 +1.8900e-04 +1.7784e-04 +1.7200e-04 +1.6864e-04 +1.6649e-04 +1.6500e-04 +1.6431e-04 +1.6421e-04 +1.6414e-04 +1.6401e-04 +1.6382e-04 +1.6370e-04 +1.6383e-04 +1.6402e-04 +1.6415e-04 +1.6421e-04 +1.6432e-04 +1.6504e-04 +1.6657e-04 +1.6876e-04 +1.7221e-04 +1.7821e-04 +1.8970e-04 
-0000.00300 +3.4575e-04 +3.3084e-04 +3.2346e-04 +3.1890e-04 +3.1587e-04 +3.1296e-04 +3.1207e-04 +3.1267e-04 +3.1262e-04 +3.1241e-04 +3.1201e-04 +3.1141e-04 +3.1203e-04 +3.1241e-04 +3.1262e-04 +3.1266e-04 +3.1205e-04 +3.1309e-04 +3.1602e-04 +3.1914e-04 +3.2386e-04 +3.3152e-04 +3.4731e-04 
-0000.00400 +2.9532e-04 +9.7804e-04 +8.9791e-04 +9.1842e-04 +8.9334e-04 +8.1752e-04 +3.7435e-04 +3.1178e-04 +1.4311e-04 -5.3928e-05 +3.1136e-04 +4.6517e-04 +5.6120e-04 +5.6130e-04 +5.6146e-04 +5.6171e-04 +5.6211e-04 +5.6304e-04 +5.6513e-04 +1.0213e-03 +7.3704e-04 +6.0915e-04 +1.0622e-03 
-0000.00500 +3.7608e-06 -4.2810e-06 -1.3899e-05 -1.9733e-05 -2.3281e-05 -2.4636e-05 -1.5747e-05 -1.8019e-05 -1.9148e-05 -1.9711e-05 -1.9787e-05 -1.6860e-05 -1.6417e-05 -1.6330e-05 -1.5758e-05 -1.4612e-05 -1.2311e-05 -3.6875e-07 +1.0400e-06 +4.6364e-06 +1.0536e-05 +2.0266e-05 +6.3082e-05 
# Horizontal Final Position [m]
START
            -0000.01200 -0000.01091 -0000.00982 -0000.00873 -0000.00764 -0000.00655 -0000.00545 -0000.00436 -0000.00327 -0000.00218 -0000.00109 +0000.00000 +0000.00109 +0000.00218 +0000.00327 +0000.00436 +0000.00545 +0000.00655 +0000.00764 +0000.00873 +0000.00982 +0000.01091 +0000.01200 
+0000.00500 -1.1979e-02 -1.0890e-02 -9.7995e-03 -8.7091e-03 -7.6186e-03 -6.5280e-03 -5.4373e-03 -4.3466e-03 -3.2558e-03 -2.1650e-03 -1.0741e-03 +1.6734e-05 +1.1077e-03 +2.1987e-03 +3.2897e-03 +4.3807e-03 +5.4718e-03 +6.5629e-03 +7.6542e-03 +8.7455e-03 +9.8369e-03 +1.0928e-02 +1.2020e-02 
+0000.00400 -1.1983e-02 -1.0890e-02 -9.7994e-03 -8.7087e-03 -7.6180e-03 -6.5274e-03 -5.4366e-03 -4.3458e-03 -3.2559e-03 -2.1667e-03 -1.0733e-03 +2.0781e-05 +1.1170e-03 +2.2080e-03 +3.2990e-03 +4.3900e-03 +5.4810e-03 +6.5721e-03 +7.6633e-03 +8.7544e-03 +9.8428e-03 +1.0934e-02 +1.2022e-02 
+0000.00300 -1.1966e-02 -1.0875e-02 -9.7837e-03 -8.6928e-03 -7.6019e-03 -6.5111e-03 -5.4203e-03 -4.3294e-03 -3.2386e-03 -2.1477e-03 -1.0569e-03 +3.4020e-05 +1.1250e-03 +2.2159e-03 +3.3069e-03 +4.3979e-03 +5.4888e-03 +6.5798e-03 +7.6708e-03 +8.7618e-03 +9.8527e-03 +1.0944e-02 +1.2034e-02 
+0000.00200 -1.1968e-02 -1.0876e-02 -9.7844e-03 -8.6932e-03 -7.6022e-03 -6.5112e-03 -5.4203e-03 -4.3295e-03 -3.2386e-03 -2.1477e-03 -1.0568e-03 +3.4063e-05 +1.1250e-03 +2.2159e-03 +3.3069e-03 +4.3978e-03 +5.4888e-03 +6.5797e-03 +7.6706e-03 +8.7614e-03 +9.8521e-03 +1.0943e-02 +1.2033e-02 
+0000.00100 -1.1969e-02 -1.0876e-02 -9.7848e-03 -8.6934e-03 -7.6023e-03 -6.5113e-03 -5.4204e-03 -4.3295e-03 -3.2386e-03 -2.1477e-03 -1.0568e-03 +3.4084e-05 +1.1250e-03 +2.2159e-03 +3.3069e-03 +4.3978e-03 +5.4887e-03 +6.5796e-03 +7.6705e-03 +8.7612e-03 +9.8517e-03 +1.0942e-02 +1.2031e-02 
+0000.00000 -1.1969e-02 -1.0877e-02 -9.7849e-03 -8.6935e-03 -7.6024e-03 -6.5113e-03 -5.4204e-03 -4.3295e-03 -3.2386e-03 -2.1477e-03 -1.0568e-03 +3.4090e-05 +1.1250e-03 +2.2159e-03 +3.3069e-03 +4.3978e-03 +5.4887e-03 +6.5796e-03 +7.6704e-03 +8.7611e-03 +9.8515e-03 +1.0942e-02 +1.2031e-02 
-0000.00100 -1.1969e-02 -1.0876e-02 -9.7848e-03 -8.6934e-03 -7.6023e-03 -6.5113e-03 -5.4204e-03 -4.3295e-03 -3.2386e-03 -2.1477e-03 -1.0568e-03 +3.4084e-05 +1.1250e-03 +2.2159e-03 +3.3069e-03 +4.3978e-03 +5.4887e-03 +6.5796e-03 +7.6705e-03 +8.7612e-03 +9.8517e-03 +1.0942e-02 +1.2031e-02 
-0000.00200 -1.1968e-02 -1.0876e-02 -9.7844e-03 -8.6932e-03 -7.6022e-03 -6.5112e-03 -5.4203e-03 -4.3295e-03 -3.2386e-03 -2.1477e-03 -1.0568e-03 +3.4063e-05 +1.1250e-03 +2.2159e-03 +3.3069e-03 +4.3978e-03 +5.4888e-03 +6.5797e-03 +7.6706e-03 +8.7614e-03 +9.8521e-03 +1.0943e-02 +1.2033e-02 
-0000.00300 -1.1966e-02 -1.0875e-02 -9.7837e-03 -8.6928e-03 -7.6019e-03 -6.5111e-03 -5.4203e-03 -4.3294e-03 -3.2386e-03 -2.1477e-03 -1.0569e-03 +3.4020e-05 +1.1250e-03 +2.2159e-03 +3.3069e-03 +4.3979e-03 +5.4888e-03 +6.5798e-03 +7.6708e-03 +8.7618e-03 +9.8527e-03 +1.0944e-02 +1.2034e-02 
-0000.00400 -1.1983e-02 -1.0890e-02 -9.7994e-03 -8.7087e-03 -7.6180e-03 -6.5274e-03 -5.4366e-03 -4.3458e-03 -3.2559e-03 -2.1667e-03 -1.0733e-03 +2.0787e-05 +1.1170e-03 +2.2080e-03 +3.2990e-03 +4.3900e-03 +5.4810e-03 +6.5721e-03 +7.6633e-03 +8.7544e-03 +9.8428e-03 +1.0934e-02 +1.2022e-02 
-0000.00500 -1.1979e-02 -1.0890e-02 -9.7995e-03 -8.7091e-03 -7.6186e-03 -6.5280e-03 -5.4373e-03 -4.3466e-03 -3.2558e-03 -2.1650e-03 -1.0741e-03 +1.6734e-05 +1.1077e-03 +2.1987e-03 +3.2897e-03 +4.3807e-03 +5.4718e-03 +6.5629e-03 +7.6542e-03 +8.7455e-03 +9.8369e-03 +1.0928e-02 +1.2020e-02 
# Vertical Final Position [m]
START
            -0000.01200 -0000.01091 -0000.00982 -0000.00873 -0000.00764 -0000.00655 -0000.00545 -0000.00436 -0000.00327 -0000.00218 -0000.00109 +0000.00000 +0000.00109 +0000.00218 +0000.00327 +0000.00436 +0000.00545 +0000.00655 +0000.00764 +0000.00873 +0000.00982 +0000.01091 +0000.01200 
+0000.00500 +4.9966e-03 +4.9979e-03 +4.9987e-03 +4.9993e-03 +4.9996e-03 +4.9999e-03 +5.0001e-03 +5.0002e-03 +5.0002e-03 +5.0001e-03 +5.0001e-03 +5.0000e-03 +5.0000e-03 +5.0000e-03 +4.9999e-03 +4.9999e-03 +5.0000e-03 +5.0002e-03 +5.0004e-03 +5.0008e-03 +5.0013e-03 +5.0021e-03 +5.0034e-03 
+0000.00400 +3.9958e-03 +3.9950e-03 +3.9962e-03 +3.9968e-03 +3.9973e-03 +3.9978e-03 +3.9992e-03 +3.9995e-03 +3.9999e-03 +4.0002e-03 +3.9994e-03 +3.9988e-03 +3.9984e-03 +3.9984e-03 +3.9984e-03 +3.9984e-03 +3.9985e-03 +3.9984e-03 +3.9986e-03 +3.9977e-03 +3.9991e-03 +4.0005e-03 +4.0011e-03 
+0000.00300 +2.9955e-03 +2.9970e-03 +2.9980e-03 +2.9986e-03 +2.9990e-03 +2.9992e-03 +2.9992e-03 +2.9993e-03 +2.9993e-03 +2.9993e-03 +2.9992e-03 +2.9992e-03 +2.9991e-03 +2.9991e-03 +2.9991e-03 +2.9991e-03 +2.9991e-03 +2.9992e-03 +2.9994e-03 +2.9998e-03 +3.0003e-03 +3.0013e-03 +3.0028e-03 
+0000.00200 +1.9965e-03 +1.9978e-03 +1.9986e-03 +1.9991e-03 +1.9993e-03 +1.9995e-03 +1.9996e-03 +1.9996e-03 +1.9996e-03 +1.9996e-03 +1.9996e-03 +1.9996e-03 +1.9995e-03 +1.9995e-03 +1.9995e-03 +1.9995e-03 +1.9996e-03 +1.9996e-03 +1.9998e-03 +2.0001e-03 +2.0005e-03 +2.0013e-03 +2.0025e-03 
+0000.00100 +9.9814e-04 +9.9883e-04 +9.9926e-04 +9.9952e-04 +9.9967e-04 +9.9976e-04 +9.9981e-04 +9.9983e-04 +9.9984e-04 +9.9984e-04 +9.9983e-04 +9.9982e-04 +9.9980e-04 +9.9980e-04 +9.9979e-04 +9.9980e-04 +9.9982e-04 +9.9987e-04 +9.9996e-04 +1.0001e-03 +1.0004e-03 +1.0008e-03 +1.0015e-03 
+0000.00000 +1.5050e-12 +1.6238e-12 +1.5954e-12 +1.4072e-12 +1.0708e-12 +6.2688e-13 +1.5523e-13 -2.5250e-13 -5.4306e-13 -7.1180e-13 -7.7948e-13 -7.7229e-13 -7.0694e-13 -5.8001e-13 -3.7176e-13 -6.2570e-14 +3.4169e-13 +7.8456e-13 +1.1705e-12 +1.4158e-12 +1.4760e-12 +1.3410e-12 +1.0404e-12 
-0000.00100 -9.9814e-04 -9.9883e-04 -9.9926e-04 -9.9952e-04 -9.9967e-04 -9.9976e-04 -9.9981e-04 -9.9983e-04 -9.9984e-04 -9.9984e-04 -9.9983e-04 -9.9982e-04 -9.9980e-04 -9.9980e-04 -9.9979e-04 -9.9980e-04 -9.9982e-04 -9.9987e-04 -9.9996e-04 -1.0001e-03 -1.0004e-03 -1.0008e-03 -1.0015e-03 
-0000.00200 -1.9965e-03 -1.9978e-03 -1.9986e-03 -1.9991e-03 -1.9993e-03 -1.9995e-03 -1.9996e-03 -1.9996e-03 -1.9996e-03 -1.9996e-03 -1.9996e-03 -1.9996e-03 -1.9995e-03 -1.9995e-03 -1.9995e-03 -1.9995e-03 -1.9996e-03 -1.9996e-03 -1.9998e-03 -2.0001e-03 -2.0005e-03 -2.0013e-03 -2.0025e-03 
-0000.00300 -2.9955e-03 -2.9970e-03 -2.9980e-03 -2.9986e-03 -2.9990e-03 -2.9992e-03 -2.9992e-03 -2.9993e-03 -2.9993e-03 -2.9993e-03 -2.9992e-03 -2.9992e-03 -2.9991e-03 -2.9991e-03 -2.9991e-03 -2.9991e-03 -2.9991e-03 -2.9992e-03 -2.9994e-03 -2.9998e-03 -3.0003e-03 -3.0013e-03 -3.0028e-03 
-0000.00400 -3.9958e-03 -3.9950e-03 -3.9962e-03 -3.9968e-03 -3.9973e-03 -3.9978e-03 -3.9992e-03 -3.9995e-03 -3.9999e-03 -4.0002e-03 -3.9994e-03 -3.9988e-03 -3.9984e-03 -3.9984e-03 -3.9984e-03 -3.9984e-03 -3.9985e-03 -3.9984e-03 -3.9986e-03 -3.9977e-03 -3.9991e-03 -4.0005e-03 -4.0011e-03 
-0000.00500 -4.9966e-03 -4.9979e-03 -4.9987e-03 -4.9993e-03 -4.9996e-03 -4.9999e-03 -5.0001e-03 -5.0002e-03 -5.0002e-03 -5.0001e-03 -5.0001e-03 -5.0000e-03 -5.0000e-03 -5.0000e-03 -4.9999e-03 -4.9999e-03 -5.0000e-03 -5.0002e-03 -5.0004e-03 -5.0008e-03 -5.0013e-03 -5.0021e-03 -5.0034e-03 