# Author: FAC idanalysis.IDKickMap
#
# Total Length of Longitudinal Interval [m]
3.4
# Number of Horizontal Points
29
# Number of Vertical Points
11
# Total Horizontal 2nd Order Kick [T2m2]
START
            -0000.00600 -0000.00557 -0000.00514 -0000.00471 -0000.00429 -0000.00386 -0000.00343 -0000.00300 -0000.00257 -0000.00214 -0000.00171 -0000.00129 -0000.00086 -0000.00043 +0000.00000 +0000.00043 +0000.00086 +0000.00129 +0000.00171 +0000.00214 +0000.00257 +0000.00300 +0000.00343 +0000.00386 +0000.00429 +0000.00471 +0000.00514 +0000.00557 +0000.00600
+0000.00250 +7.8719e-05 +8.2696e-05 +8.7037e-05 +9.1809e-05 +9.7060e-05 +1.0279e-04 +1.0891e-04 +1.1510e-04 +1.2069e-04 +1.2443e-04 +1.2438e-04 +1.1808e-04 +1.0342e-04 +8.0214e-05 +5.1531e-05 +2.3095e-05 +6.0105e-07 -1.2988e-05 -1.7986e-05 -1.6631e-05 -1.1483e-05 -4.5519e-06 +2.8909e-06 +1.0162e-05 +1.6959e-05 +2.3190e-05 +2.8872e-05 +3.4064e-05 +3.8843e-05
+0000.00200 +7.8119e-05 +8.1759e-05 +8.5589e-05 +8.9607e-05 +9.3775e-05 +9.7991e-05 +1.0205e-04 +1.0558e-04 +1.0798e-04 +1.0838e-04 +1.0568e-04 +9.8785e-05 +8.7073e-05 +7.0976e-05 +5.2284e-05 +3.3770e-05 +1.8187e-05 +7.2701e-06 +1.3732e-06 -2.0807e-07 +1.3599e-06 +4.9258e-06 +9.5844e-06 +1.4719e-05 +1.9954e-05 +2.5083e-05 +3.0007e-05 +3.4692e-05 +3.9143e-05
+0000.00150 +7.7469e-05 +8.0791e-05 +8.4163e-05 +8.7537e-05 +9.0825e-05 +9.3880e-05 +9.6471e-05 +9.8266e-05 +9.8808e-05 +9.7543e-05 +9.3887e-05 +8.7389e-05 +7.7955e-05 +6.6061e-05 +5.2800e-05 +3.9676e-05 +2.8180e-05 +1.9372e-05 +1.3678e-05 +1.0950e-05 +1.0685e-05 +1.2258e-05 +1.5082e-05 +1.8683e-05 +2.2713e-05 +2.6937e-05 +3.1205e-05 +3.5430e-05 +3.9566e-05
+0000.00100 +7.6907e-05 +7.9977e-05 +8.2996e-05 +8.5890e-05 +8.8549e-05 +9.0811e-05 +9.2457e-05 +9.3209e-05 +9.2734e-05 +9.0683e-05 +8.6753e-05 +8.0783e-05 +7.2862e-05 +6.3404e-05 +5.3137e-05 +4.2982e-05 +3.3855e-05 +2.6459e-05 +2.1175e-05 +1.8053e-05 +1.6893e-05 +1.7356e-05 +1.9066e-05 +2.1669e-05 +2.4870e-05 +2.8443e-05 +3.2219e-05 +3.6086e-05 +3.9969e-05
+0000.00050 +7.6531e-05 +7.9441e-05 +8.2240e-05 +8.4843e-05 +8.7128e-05 +8.8936e-05 +9.0061e-05 +9.0266e-05 +8.9294e-05 +8.6907e-05 +8.2935e-05 +7.7338e-05 +7.0266e-05 +6.2078e-05 +5.3327e-05 +4.4677e-05 +3.6784e-05 +3.0183e-05 +2.5210e-05 +2.1980e-05 +2.0421e-05 +2.0334e-05 +2.1453e-05 +2.3503e-05 +2.6227e-05 +2.9411e-05 +3.2887e-05 +3.6530e-05 +4.0251e-05
+0000.00000 +7.6400e-05 +7.9254e-05 +8.1979e-05 +8.4484e-05 +8.6647e-05 +8.8307e-05 +8.9267e-05 +8.9302e-05 +8.8182e-05 +8.5703e-05 +8.1734e-05 +7.6268e-05 +6.9467e-05 +6.1674e-05 +5.3389e-05 +4.5200e-05 +3.7691e-05 +3.1345e-05 +2.6482e-05 +2.3234e-05 +2.1563e-05 +2.1311e-05 +2.2247e-05 +2.4119e-05 +2.6688e-05 +2.9744e-05 +3.3120e-05 +3.6686e-05 +4.0352e-05
-0000.00050 +7.6531e-05 +7.9441e-05 +8.2240e-05 +8.4843e-05 +8.7128e-05 +8.8936e-05 +9.0061e-05 +9.0266e-05 +8.9294e-05 +8.6907e-05 +8.2935e-05 +7.7338e-05 +7.0266e-05 +6.2078e-05 +5.3327e-05 +4.4677e-05 +3.6784e-05 +3.0183e-05 +2.5210e-05 +2.1980e-05 +2.0421e-05 +2.0334e-05 +2.1453e-05 +2.3503e-05 +2.6227e-05 +2.9411e-05 +3.2887e-05 +3.6530e-05 +4.0251e-05
-0000.00100 +7.6907e-05 +7.9977e-05 +8.2996e-05 +8.5890e-05 +8.8549e-05 +9.0811e-05 +9.2457e-05 +9.3209e-05 +9.2734e-05 +9.0683e-05 +8.6753e-05 +8.0783e-05 +7.2862e-05 +6.3404e-05 +5.3137e-05 +4.2982e-05 +3.3855e-05 +2.6459e-05 +2.1175e-05 +1.8053e-05 +1.6893e-05 +1.7356e-05 +1.9066e-05 +2.1669e-05 +2.4870e-05 +2.8443e-05 +3.2219e-05 +3.6086e-05 +3.9969e-05
-0000.00150 +7.7469e-05 +8.0791e-05 +8.4163e-05 +8.7537e-05 +9.0825e-05 +9.3880e-05 +9.6471e-05 +9.8266e-05 +9.8808e-05 +9.7543e-05 +9.3887e-05 +8.7389e-05 +7.7955e-05 +6.6061e-05 +5.2800e-05 +3.9676e-05 +2.8180e-05 +1.9372e-05 +1.3678e-05 +1.0950e-05 +1.0685e-05 +1.2258e-05 +1.5082e-05 +1.8683e-05 +2.2713e-05 +2.6937e-05 +3.1205e-05 +3.5430e-05 +3.9566e-05
-0000.00200 +7.8119e-05 +8.1759e-05 +8.5589e-05 +8.9607e-05 +9.3775e-05 +9.7991e-05 +1.0205e-04 +1.0558e-04 +1.0798e-04 +1.0838e-04 +1.0568e-04 +9.8785e-05 +8.7073e-05 +7.0976e-05 +5.2284e-05 +3.3770e-05 +1.8187e-05 +7.2701e-06 +1.3732e-06 -2.0807e-07 +1.3599e-06 +4.9258e-06 +9.5844e-06 +1.4719e-05 +1.9954e-05 +2.5083e-05 +3.0007e-05 +3.4692e-05 +3.9143e-05
-0000.00250 +7.8719e-05 +8.2696e-05 +8.7037e-05 +9.1809e-05 +9.7060e-05 +1.0279e-04 +1.0891e-04 +1.1510e-04 +1.2069e-04 +1.2443e-04 +1.2438e-04 +1.1808e-04 +1.0342e-04 +8.0214e-05 +5.1531e-05 +2.3095e-05 +6.0106e-07 -1.2988e-05 -1.7986e-05 -1.6631e-05 -1.1483e-05 -4.5519e-06 +2.8909e-06 +1.0162e-05 +1.6959e-05 +2.3190e-05 +2.8872e-05 +3.4064e-05 +3.8843e-05
# Total Vertical 2nd Order Kick [T2m2]
START
            -0000.00600 -0000.00557 -0000.00514 -0000.00471 -0000.00429 -0000.00386 -0000.00343 -0000.00300 -0000.00257 -0000.00214 -0000.00171 -0000.00129 -0000.00086 -0000.00043 +0000.00000 +0000.00043 +0000.00086 +0000.00129 +0000.00171 +0000.00214 +0000.00257 +0000.00300 +0000.00343 +0000.00386 +0000.00429 +0000.00471 +0000.00514 +0000.00557 +0000.00600
+0000.00250 -5.0270e-04 -5.0216e-04 -5.0127e-04 -4.9984e-04 -4.9759e-04 -4.9414e-04 -4.8897e-04 -4.8144e-04 -4.7079e-04 -4.5641e-04 -4.3823e-04 -4.1741e-04 -3.9705e-04 -3.8192e-04 -3.7674e-04 -3.8351e-04 -4.0009e-04 -4.2164e-04 -4.4331e-04 -4.6204e-04 -4.7669e-04 -4.8741e-04 -4.9487e-04 -4.9988e-04 -5.0312e-04 -5.0515e-04 -5.0635e-04 -5.0701e-04 -5.0733e-04
+0000.00200 -3.8965e-04 -3.8899e-04 -3.8797e-04 -3.8645e-04 -3.8419e-04 -3.8094e-04 -3.7636e-04 -3.7009e-04 -3.6185e-04 -3.5152e-04 -3.3947e-04 -3.2673e-04 -3.1514e-04 -3.0704e-04 -3.0444e-04 -3.0815e-04 -3.1728e-04 -3.2974e-04 -3.4315e-04 -3.5567e-04 -3.6627e-04 -3.7464e-04 -3.8091e-04 -3.8542e-04 -3.8855e-04 -3.9066e-04 -3.9202e-04 -3.9287e-04 -3.9336e-04
+0000.00150 -2.8504e-04 -2.8441e-04 -2.8348e-04 -2.8214e-04 -2.8023e-04 -2.7757e-04 -2.7399e-04 -2.6932e-04 -2.6346e-04 -2.5651e-04 -2.4883e-04 -2.4113e-04 -2.3446e-04 -2.2998e-04 -2.2862e-04 -2.3074e-04 -2.3592e-04 -2.4320e-04 -2.5139e-04 -2.5943e-04 -2.6661e-04 -2.7259e-04 -2.7731e-04 -2.8087e-04 -2.8345e-04 -2.8527e-04 -2.8651e-04 -2.8732e-04 -2.8783e-04
+0000.00100 -1.8664e-04 -1.8616e-04 -1.8546e-04 -1.8448e-04 -1.8311e-04 -1.8127e-04 -1.7885e-04 -1.7579e-04 -1.7209e-04 -1.6784e-04 -1.6332e-04 -1.5894e-04 -1.5525e-04 -1.5284e-04 -1.5215e-04 -1.5332e-04 -1.5617e-04 -1.6024e-04 -1.6494e-04 -1.6970e-04 -1.7411e-04 -1.7792e-04 -1.8102e-04 -1.8343e-04 -1.8524e-04 -1.8655e-04 -1.8747e-04 -1.8809e-04 -1.8850e-04
+0000.00050 -9.2309e-05 -9.2050e-05 -9.1681e-05 -9.1166e-05 -9.0461e-05 -8.9523e-05 -8.8313e-05 -8.6808e-05 -8.5020e-05 -8.3013e-05 -8.0917e-05 -7.8926e-05 -7.7282e-05 -7.6223e-05 -7.5925e-05 -7.6450e-05 -7.7722e-05 -7.9555e-05 -8.1702e-05 -8.3919e-05 -8.6010e-05 -8.7850e-05 -8.9379e-05 -9.0593e-05 -9.1518e-05 -9.2198e-05 -9.2682e-05 -9.3016e-05 -9.3238e-05
+0000.00000 +4.1030e-12 +4.4282e-12 +4.7552e-12 +5.0395e-12 +5.3686e-12 +5.7999e-12 +6.2320e-12 +6.4998e-12 +6.6977e-12 +7.0759e-12 +7.2737e-12 +7.3281e-12 +7.6409e-12 +7.4972e-12 +7.2387e-12 +7.1238e-12 +6.7985e-12 +6.4315e-12 +6.0440e-12 +5.6364e-12 +5.0372e-12 +4.7399e-12 +4.1604e-12 +3.5333e-12 +3.2880e-12 +2.8246e-12 +2.4032e-12 +2.0629e-12 +1.8061e-12
-0000.00050 +9.2309e-05 +9.2050e-05 +9.1681e-05 +9.1166e-05 +9.0461e-05 +8.9523e-05 +8.8313e-05 +8.6808e-05 +8.5020e-05 +8.3013e-05 +8.0917e-05 +7.8926e-05 +7.7282e-05 +7.6223e-05 +7.5925e-05 +7.6450e-05 +7.7722e-05 +7.9555e-05 +8.1702e-05 +8.3919e-05 +8.6010e-05 +8.7850e-05 +8.9379e-05 +9.0593e-05 +9.1518e-05 +9.2198e-05 +9.2682e-05 +9.3016e-05 +9.3238e-05
-0000.00100 +1.8664e-04 +1.8616e-04 +1.8546e-04 +1.8448e-04 +1.8311e-04 +1.8127e-04 +1.7885e-04 +1.7579e-04 +1.7209e-04 +1.6784e-04 +1.6332e-04 +1.5894e-04 +1.5525e-04 +1.5284e-04 +1.5215e-04 +1.5332e-04 +1.5617e-04 +1.6024e-04 +1.6494e-04 +1.6970e-04 +1.7411e-04 +1.7792e-04 +1.8102e-04 +1.8343e-04 +1.8524e-04 +1.8655e-04 +1.8747e-04 +1.8809e-04 +1.8850e-04
-0000.00150 +2.8504e-04 +2.8441e-04 +2.8348e-04 +2.8214e-04 +2.8023e-04 +2.7757e-04 +2.7399e-04 +2.6932e-04 +2.6346e-04 +2.5651e-04 +2.4883e-04 +2.4113e-04 +2.3446e-04 +2.2998e-04 +2.2862e-04 +2.3074e-04 +2.3592e-04 +2.4320e-04 +2.5139e-04 +2.5943e-04 +2.6661e-04 +2.7259e-04 +2.7731e-04 +2.8087e-04 +2.8345e-04 +2.8527e-04 +2.8651e-04 +2.8732e-04 +2.8783e-04
-0000.00200 +3.8965e-04 +3.8899e-04 +3.8797e-04 +3.8645e-04 +3.8419e-04 +3.8094e-04 +3.7636e-04 +3.7009e-04 +3.6185e-04 +3.5152e-04 +3.3947e-04 +3.2673e-04 +3.1514e-04 +3.0704e-04 +3.0444e-04 +3.0815e-04 +3.1728e-04 +3.2974e-04 +3.4315e-04 +3.5567e-04 +3.6627e-04 +3.7464e-04 +3.8091e-04 +3.8542e-04 +3.8855e-04 +3.9066e-04 +3.9202e-04 +3.9287e-04 +3.9336e-04
-0000.00250 +5.0270e-04 +5.0216e-04 +5.0127e-04 +4.9984e-04 +4.9759e-04 +4.9414e-04 +4.8897e-04 +4.8144e-04 +4.7079e-04 +4.5641e-04 +4.3823e-04 +4.1741e-04 +3.9705e-04 +3.8192e-04 +3.7674e-04 +3.8351e-04 +4.0009e-04 +4.2164e-04 +4.4331e-04 +4.6204e-04 +4.7669e-04 +4.8741e-04 +4.9487e-04 +4.9988e-04 +5.0312e-04 +5.0515e-04 +5.0635e-04 +5.0701e-04 +5.0733e-04
# Horizontal Final Position [m]
START
            -0000.00600 -0000.00557 -0000.00514 -0000.00471 -0000.00429 -0000.00386 -0000.00343 -0000.00300 -0000.00257 -0000.00214 -0000.00171 -0000.00129 -0000.00086 -0000.00043 +0000.00000 +0000.00043 +0000.00086 +0000.00129 +0000.00171 +0000.00214 +0000.00257 +0000.00300 +0000.00343 +0000.00386 +0000.00429 +0000.00471 +0000.00514 +0000.00557 +0000.00600
+0000.00250 -5.9997e-03 -5.5711e-03 -5.1425e-03 -4.7139e-03 -4.2853e-03 -3.8567e-03 -3.4281e-03 -2.9995e-03 -2.5709e-03 -2.1424e-03 -1.7138e-03 -1.2852e-03 -8.5673e-04 -4.2825e-04 +2.0591e-07 +4.2866e-04 +8.5715e-04 +1.2857e-03 +1.7142e-03 +2.1428e-03 +2.5714e-03 +3.0000e-03 +3.4286e-03 +3.8572e-03 +4.2858e-03 +4.7144e-03 +5.1430e-03 +5.5716e-03 +6.0002e-03
+0000.00200 -5.9997e-03 -5.5711e-03 -5.1425e-03 -4.7139e-03 -4.2853e-03 -3.8568e-03 -3.4282e-03 -2.9996e-03 -2.5710e-03 -2.1424e-03 -1.7139e-03 -1.2853e-03 -8.5680e-04 -4.2829e-04 +2.0888e-07 +4.2871e-04 +8.5722e-04 +1.2857e-03 +1.7143e-03 +2.1429e-03 +2.5714e-03 +3.0000e-03 +3.4286e-03 +3.8572e-03 +4.2858e-03 +4.7144e-03 +5.1430e-03 +5.5716e-03 +6.0002e-03
+0000.00150 -5.9997e-03 -5.5711e-03 -5.1425e-03 -4.7139e-03 -4.2854e-03 -3.8568e-03 -3.4282e-03 -2.9996e-03 -2.5710e-03 -2.1425e-03 -1.7139e-03 -1.2854e-03 -8.5683e-04 -4.2831e-04 +2.1093e-07 +4.2873e-04 +8.5726e-04 +1.2858e-03 +1.7143e-03 +2.1429e-03 +2.5715e-03 +3.0000e-03 +3.4286e-03 +3.8572e-03 +4.2858e-03 +4.7144e-03 +5.1430e-03 +5.5716e-03 +6.0002e-03
+0000.00100 -5.9997e-03 -5.5711e-03 -5.1425e-03 -4.7139e-03 -4.2854e-03 -3.8568e-03 -3.4282e-03 -2.9996e-03 -2.5711e-03 -2.1425e-03 -1.7139e-03 -1.2854e-03 -8.5685e-04 -4.2832e-04 +2.1226e-07 +4.2874e-04 +8.5728e-04 +1.2858e-03 +1.7144e-03 +2.1429e-03 +2.5715e-03 +3.0001e-03 +3.4286e-03 +3.8572e-03 +4.2858e-03 +4.7144e-03 +5.1430e-03 +5.5716e-03 +6.0002e-03
+0000.00050 -5.9997e-03 -5.5711e-03 -5.1425e-03 -4.7139e-03 -4.2854e-03 -3.8568e-03 -3.4282e-03 -2.9996e-03 -2.5711e-03 -2.1425e-03 -1.7140e-03 -1.2854e-03 -8.5686e-04 -4.2832e-04 +2.1302e-07 +4.2875e-04 +8.5729e-04 +1.2858e-03 +1.7144e-03 +2.1429e-03 +2.5715e-03 +3.0001e-03 +3.4287e-03 +3.8572e-03 +4.2858e-03 +4.7144e-03 +5.1430e-03 +5.5716e-03 +6.0002e-03
+0000.00000 -5.9997e-03 -5.5711e-03 -5.1425e-03 -4.7139e-03 -4.2854e-03 -3.8568e-03 -3.4282e-03 -2.9996e-03 -2.5711e-03 -2.1425e-03 -1.7140e-03 -1.2854e-03 -8.5687e-04 -4.2833e-04 +2.1326e-07 +4.2875e-04 +8.5729e-04 +1.2858e-03 +1.7144e-03 +2.1429e-03 +2.5715e-03 +3.0001e-03 +3.4287e-03 +3.8572e-03 +4.2858e-03 +4.7144e-03 +5.1430e-03 +5.5716e-03 +6.0002e-03
-0000.00050 -5.9997e-03 -5.5711e-03 -5.1425e-03 -4.7139e-03 -4.2854e-03 -3.8568e-03 -3.4282e-03 -2.9996e-03 -2.5711e-03 -2.1425e-03 -1.7140e-03 -1.2854e-03 -8.5686e-04 -4.2832e-04 +2.1302e-07 +4.2875e-04 +8.5729e-04 +1.2858e-03 +1.7144e-03 +2.1429e-03 +2.5715e-03 +3.0001e-03 +3.4287e-03 +3.8572e-03 +4.2858e-03 +4.7144e-03 +5.1430e-03 +5.5716e-03 +6.0002e-03
-0000.00100 -5.9997e-03 -5.5711e-03 -5.1425e-03 -4.7139e-03 -4.2854e-03 -3.8568e-03 -3.4282e-03 -2.9996e-03 -2.5711e-03 -2.1425e-03 -1.7139e-03 -1.2854e-03 -8.5685e-04 -4.2832e-04 +2.1226e-07 +4.2874e-04 +8.5728e-04 +1.2858e-03 +1.7144e-03 +2.1429e-03 +2.5715e-03 +3.0001e-03 +3.4286e-03 +3.8572e-03 +4.2858e-03 +4.7144e-03 +5.1430e-03 +5.5716e-03 +6.0002e-03
-0000.00150 -5.9997e-03 -5.5711e-03 -5.1425e-03 -4.7139e-03 -4.2854e-03 -3.8568e-03 -3.4282e-03 -2.9996e-03 -2.5710e-03 -2.1425e-03 -1.7139e-03 -1.2854e-03 -8.5683e-04 -4.2831e-04 +2.1093e-07 +4.2873e-04 +8.5726e-04 +1.2858e-03 +1.7143e-03 +2.1429e-03 +2.5715e-03 +3.0000e-03 +3.4286e-03 +3.8572e-03 +4.2858e-03 +4.7144e-03 +5.1430e-03 +5.5716e-03 +6.0002e-03
-0000.00200 -5.9997e-03 -5.5711e-03 -5.1425e-03 -4.7139e-03 -4.2853e-03 -3.8568e-03 -3.4282e-03 -2.9996e-03 -2.5710e-03 -2.1424e-03 -1.7139e-03 -1.2853e-03 -8.5680e-04 -4.2829e-04 +2.0888e-07 +4.2871e-04 +8.5722e-04 +1.2857e-03 +1.7143e-03 +2.1429e-03 +2.5714e-03 +3.0000e-03 +3.4286e-03 +3.8572e-03 +4.2858e-03 +4.7144e-03 +5.1430e-03 +5.5716e-03 +6.0002e-03
-0000.00250 -5.9997e-03 -5.5711e-03 -5.1425e-03 -4.7139e-03 -4.2853e-03 -3.8567e-03 -3.4281e-03 -2.9995e-03 -2.5709e-03 -2.1424e-03 -1.7138e-03 -1.2852e-03 -8.5673e-04 -4.2825e-04 +2.0591e-07 +4.2866e-04 +8.5715e-04 +1.2857e-03 +1.7142e-03 +2.1428e-03 +2.5714e-03 +3.0000e-03 +3.4286e-03 +3.8572e-03 +4.2858e-03 +4.7144e-03 +5.1430e-03 +5.5716e-03 +6.0002e-03
# Vertical Final Position [m]
START
            -0000.00600 -0000.00557 -0000.00514 -0000.00471 -0000.00429 -0000.00386 -0000.00343 -0000.00300 -0000.00257 -0000.00214 -0000.00171 -0000.00129 -0000.00086 -0000.00043 +0000.00000 +0000.00043 +0000.00086 +0000.00129 +0000.00171 +0000.00214 +0000.00257 +0000.00300 +0000.00343 +0000.00386 +0000.00429 +0000.00471 +0000.00514 +0000.00557 +0000.00600
+0000.00250 +2.4980e-03 +2.4980e-03 +2.4980e-03 +2.4980e-03 +2.4980e-03 +2.4980e-03 +2.4980e-03 +2.4981e-03 +2.4981e-03 +2.4982e-03 +2.4982e-03 +2.4983e-03 +2.4984e-03 +2.4985e-03 +2.4985e-03 +2.4985e-03 +2.4984e-03 +2.4983e-03 +2.4982e-03 +2.4982e-03 +2.4981e-03 +2.4981e-03 +2.4980e-03 +2.4980e-03 +2.4980e-03 +2.4980e-03 +2.4980e-03 +2.4980e-03 +2.4980e-03
+0000.00200 +1.9984e-03 +1.9984e-03 +1.9985e-03 +1.9985e-03 +1.9985e-03 +1.9985e-03 +1.9985e-03 +1.9985e-03 +1.9986e-03 +1.9986e-03 +1.9986e-03 +1.9987e-03 +1.9987e-03 +1.9988e-03 +1.9988e-03 +1.9988e-03 +1.9987e-03 +1.9987e-03 +1.9986e-03 +1.9986e-03 +1.9985e-03 +1.9985e-03 +1.9985e-03 +1.9985e-03 +1.9984e-03 +1.9984e-03 +1.9984e-03 +1.9984e-03 +1.9984e-03
+0000.00150 +1.4989e-03 +1.4989e-03 +1.4989e-03 +1.4989e-03 +1.4989e-03 +1.4989e-03 +1.4989e-03 +1.4989e-03 +1.4989e-03 +1.4990e-03 +1.4990e-03 +1.4990e-03 +1.4991e-03 +1.4991e-03 +1.4991e-03 +1.4991e-03 +1.4991e-03 +1.4990e-03 +1.4990e-03 +1.4990e-03 +1.4989e-03 +1.4989e-03 +1.4989e-03 +1.4989e-03 +1.4989e-03 +1.4989e-03 +1.4989e-03 +1.4989e-03 +1.4989e-03
+0000.00100 +9.9925e-04 +9.9926e-04 +9.9926e-04 +9.9926e-04 +9.9927e-04 +9.9928e-04 +9.9929e-04 +9.9930e-04 +9.9931e-04 +9.9933e-04 +9.9935e-04 +9.9937e-04 +9.9938e-04 +9.9939e-04 +9.9939e-04 +9.9939e-04 +9.9938e-04 +9.9936e-04 +9.9934e-04 +9.9932e-04 +9.9930e-04 +9.9929e-04 +9.9928e-04 +9.9927e-04 +9.9926e-04 +9.9925e-04 +9.9925e-04 +9.9925e-04 +9.9925e-04
+0000.00050 +4.9963e-04 +4.9963e-04 +4.9963e-04 +4.9964e-04 +4.9964e-04 +4.9964e-04 +4.9965e-04 +4.9965e-04 +4.9966e-04 +4.9967e-04 +4.9968e-04 +4.9968e-04 +4.9969e-04 +4.9970e-04 +4.9970e-04 +4.9969e-04 +4.9969e-04 +4.9968e-04 +4.9967e-04 +4.9966e-04 +4.9966e-04 +4.9965e-04 +4.9964e-04 +4.9964e-04 +4.9963e-04 +4.9963e-04 +4.9963e-04 +4.9963e-04 +4.9963e-04
+0000.00000 +2.1519e-14 +2.2902e-14 +2.4598e-14 +2.5900e-14 +2.7497e-14 +2.9032e-14 +3.0571e-14 +3.1865e-14 +3.2791e-14 +3.3801e-14 +3.4208e-14 +3.4168e-14 +3.3996e-14 +3.2838e-14 +3.1393e-14 +2.9384e-14 +2.7137e-14 +2.4549e-14 +2.1753e-14 +1.8965e-14 +1.6063e-14 +1.3380e-14 +1.0732e-14 +8.1147e-15 +6.0163e-15 +3.9445e-15 +2.3873e-15 +5.1721e-16 -9.7153e-16
-0000.00050 -4.9963e-04 -4.9963e-04 -4.9963e-04 -4.9964e-04 -4.9964e-04 -4.9964e-04 -4.9965e-04 -4.9965e-04 -4.9966e-04 -4.9967e-04 -4.9968e-04 -4.9968e-04 -4.9969e-04 -4.9970e-04 -4.9970e-04 -4.9969e-04 -4.9969e-04 -4.9968e-04 -4.9967e-04 -4.9966e-04 -4.9966e-04 -4.9965e-04 -4.9964e-04 -4.9964e-04 -4.9963e-04 -4.9963e-04 -4.9963e-04 -4.9963e-04 -4.9963e-04
-0000.00100 -9.9925e-04 -9.9926e-04 -9.9926e-04 -9.9926e-04 -9.9927e-04 -9.9928e-04 -9.9929e-04 -9.9930e-04 -9.9931e-04 -9.9933e-04 -9.9935e-04 -9.9937e-04 -9.9938e-04 -9.9939e-04 -9.9939e-04 -9.9939e-04 -9.9938e-04 -9.9936e-04 -9.9934e-04 -9.9932e-04 -9.9930e-04 -9.9929e-04 -9.9928e-04 -9.9927e-04 -9.9926e-04 -9.9925e-04 -9.9925e-04 -9.9925e-04 -9.9925e-04
-0000.00150 -1.4989e-03 -1.4989e-03 -1.4989e-03 -1.4989e-03 -1.4989e-03 -1.4989e-03 -1.4989e-03 -1.4989e-03 -1.4989e-03 -1.4990e-03 -1.4990e-03 -1.4990e-03 -1.4991e-03 -1.4991e-03 -1.4991e-03 -1.4991e-03 -1.4991e-03 -1.4990e-03 -1.4990e-03 -1.4990e-03 -1.4989e-03 -1.4989e-03 -1.4989e-03 -1.4989e-03 -1.4989e-03 -1.4989e-03 -1.4989e-03 -1.4989e-03 -1.4989e-03
-0000.00200 -1.9984e-03 -1.9984e-03 -1.9985e-03 -1.9985e-03 -1.9985e-03 -1.9985e-03 -1.9985e-03 -1.9985e-03 -1.9986e-03 -1.9986e-03 -1.9986e-03 -1.9987e-03 -1.9987e-03 -1.9988e-03 -1.9988e-03 -1.9988e-03 -1.9987e-03 -1.9987e-03 -1.9986e-03 -1.9986e-03 -1.9985e-03 -1.9985e-03 -1.9985e-03 -1.9985e-03 -1.9984e-03 -1.9984e-03 -1.9984e-03 -1.9984e-03 -1.9984e-03
-0000.00250 -2.4980e-03 -2.4980e-03 -2.4980e-03 -2.4980e-03 -2.4980e-03 -2.4980e-03 -2.4980e-03 -2.4981e-03 -2.4981e-03 -2.4982e-03 -2.4982e-03 -2.4983e-03 -2.4984e-03 -2.4985e-03 -2.4985e-03 -2.4985e-03 -2.4984e-03 -2.4983e-03 -2.4982e-03 -2.4982e-03 -2.4981e-03 -2.4981e-03 -2.4980e-03 -2.4980e-03 -2.4980e-03 -2.4980e-03 -2.4980e-03 -2.4980e-03 -2.4980e-03
