# Author: FAC idanalysis.IDKickMap
#
# Total Length of Longitudinal Interval [m]
3.4
# Number of Horizontal Points
29
# Number of Vertical Points
11
# Total Horizontal 2nd Order Kick [T2m2]
START
            -0000.00600 -0000.00557 -0000.00514 -0000.00471 -0000.00429 -0000.00386 -0000.00343 -0000.00300 -0000.00257 -0000.00214 -0000.00171 -0000.00129 -0000.00086 -0000.00043 +0000.00000 +0000.00043 +0000.00086 +0000.00129 +0000.00171 +0000.00214 +0000.00257 +0000.00300 +0000.00343 +0000.00386 +0000.00429 +0000.00471 +0000.00514 +0000.00557 +0000.00600
+0000.00250 -4.7796e-05 -5.6328e-05 -6.4878e-05 -7.3142e-05 -8.0697e-05 -8.6973e-05 -9.1220e-05 -9.2491e-05 -8.9667e-05 -8.1563e-05 -6.7160e-05 -4.5963e-05 -1.8355e-05 +1.4282e-05 +4.9791e-05 +8.5629e-05 +1.1918e-04 +1.4814e-04 +1.7090e-04 +1.8692e-04 +1.9659e-04 +2.0087e-04 +2.0093e-04 +1.9788e-04 +1.9269e-04 +1.8613e-04 +1.7878e-04 +1.7108e-04 +1.6334e-04
+0000.00200 -4.7433e-05 -5.5366e-05 -6.3113e-05 -7.0333e-05 -7.6579e-05 -8.1283e-05 -8.3748e-05 -8.3170e-05 -7.8681e-05 -6.9463e-05 -5.4914e-05 -3.4857e-05 -9.7313e-06 +1.9348e-05 +5.0685e-05 +8.2246e-05 +1.1196e-04 +1.3805e-04 +1.5929e-04 +1.7513e-04 +1.8565e-04 +1.9142e-04 +1.9321e-04 +1.9188e-04 +1.8823e-04 +1.8297e-04 +1.7667e-04 +1.6978e-04 +1.6266e-04
+0000.00150 -4.7600e-05 -5.5166e-05 -6.2416e-05 -6.8988e-05 -7.4423e-05 -7.8166e-05 -7.9565e-05 -7.7908e-05 -7.2480e-05 -6.2658e-05 -4.8047e-05 -2.8624e-05 -4.8536e-06 +2.2265e-05 +5.1277e-05 +8.0456e-05 +1.0806e-04 +1.3257e-04 +1.5294e-04 +1.6862e-04 +1.7956e-04 +1.8612e-04 +1.8889e-04 +1.8857e-04 +1.8585e-04 +1.8138e-04 +1.7572e-04 +1.6934e-04 +1.6259e-04
+0000.00100 -4.7966e-05 -5.5321e-05 -6.2279e-05 -6.8465e-05 -7.3417e-05 -7.6586e-05 -7.7353e-05 -7.5062e-05 -6.9083e-05 -5.8903e-05 -4.4237e-05 -2.5143e-05 -2.1066e-06 +2.3933e-05 +5.1656e-05 +7.9514e-05 +1.0595e-04 +1.2961e-04 +1.4950e-04 +1.6509e-04 +1.7627e-04 +1.8329e-04 +1.8662e-04 +1.8688e-04 +1.8470e-04 +1.8070e-04 +1.7542e-04 +1.6932e-04 +1.6279e-04
+0000.00050 -4.8285e-05 -5.5533e-05 -6.2339e-05 -6.8321e-05 -7.3016e-05 -7.5880e-05 -7.6309e-05 -7.3677e-05 -6.7401e-05 -5.7022e-05 -4.2313e-05 -2.3373e-05 -6.9937e-07 +2.4798e-05 +5.1868e-05 +7.9057e-05 +1.0491e-04 +1.2813e-04 +1.4780e-04 +1.6336e-04 +1.7467e-04 +1.8192e-04 +1.8555e-04 +1.8612e-04 +1.8422e-04 +1.8046e-04 +1.7538e-04 +1.6943e-04 +1.6301e-04
+0000.00000 -4.8407e-05 -5.5623e-05 -6.2382e-05 -6.8301e-05 -7.2915e-05 -7.5683e-05 -7.6004e-05 -7.3265e-05 -6.6894e-05 -5.6451e-05 -4.1725e-05 -2.2829e-05 -2.6516e-07 +2.5067e-05 +5.1937e-05 +7.8922e-05 +1.0459e-04 +1.2769e-04 +1.4728e-04 +1.6284e-04 +1.7419e-04 +1.8152e-04 +1.8524e-04 +1.8590e-04 +1.8410e-04 +1.8041e-04 +1.7539e-04 +1.6949e-04 +1.6310e-04
-0000.00050 -4.8284e-05 -5.5532e-05 -6.2338e-05 -6.8320e-05 -7.3015e-05 -7.5879e-05 -7.6307e-05 -7.3675e-05 -6.7399e-05 -5.7020e-05 -4.2311e-05 -2.3370e-05 -6.9649e-07 +2.4801e-05 +5.1871e-05 +7.9060e-05 +1.0491e-04 +1.2814e-04 +1.4780e-04 +1.6336e-04 +1.7467e-04 +1.8193e-04 +1.8555e-04 +1.8612e-04 +1.8422e-04 +1.8046e-04 +1.7538e-04 +1.6943e-04 +1.6301e-04
-0000.00100 -4.7964e-05 -5.5319e-05 -6.2277e-05 -6.8462e-05 -7.3414e-05 -7.6583e-05 -7.7350e-05 -7.5058e-05 -6.9079e-05 -5.8898e-05 -4.4232e-05 -2.5137e-05 -2.1004e-06 +2.3940e-05 +5.1662e-05 +7.9520e-05 +1.0595e-04 +1.2961e-04 +1.4950e-04 +1.6510e-04 +1.7628e-04 +1.8329e-04 +1.8662e-04 +1.8688e-04 +1.8470e-04 +1.8070e-04 +1.7542e-04 +1.6932e-04 +1.6279e-04
-0000.00150 -4.7597e-05 -5.5163e-05 -6.2413e-05 -6.8984e-05 -7.4419e-05 -7.8161e-05 -7.9560e-05 -7.7902e-05 -7.2473e-05 -6.2651e-05 -4.8039e-05 -2.8614e-05 -4.8430e-06 +2.2276e-05 +5.1288e-05 +8.0467e-05 +1.0807e-04 +1.3258e-04 +1.5295e-04 +1.6862e-04 +1.7957e-04 +1.8613e-04 +1.8890e-04 +1.8857e-04 +1.8585e-04 +1.8138e-04 +1.7572e-04 +1.6934e-04 +1.6259e-04
-0000.00200 -4.7429e-05 -5.5362e-05 -6.3109e-05 -7.0329e-05 -7.6574e-05 -8.1277e-05 -8.3741e-05 -8.3162e-05 -7.8672e-05 -6.9452e-05 -5.4900e-05 -3.4842e-05 -9.7143e-06 +1.9366e-05 +5.0703e-05 +8.2263e-05 +1.1198e-04 +1.3807e-04 +1.5930e-04 +1.7514e-04 +1.8566e-04 +1.9142e-04 +1.9321e-04 +1.9188e-04 +1.8823e-04 +1.8297e-04 +1.7667e-04 +1.6978e-04 +1.6266e-04
-0000.00250 -4.7792e-05 -5.6324e-05 -6.4873e-05 -7.3136e-05 -8.0691e-05 -8.6966e-05 -9.1212e-05 -9.2481e-05 -8.9654e-05 -8.1547e-05 -6.7140e-05 -4.5940e-05 -1.8328e-05 +1.4312e-05 +4.9822e-05 +8.5658e-05 +1.1921e-04 +1.4816e-04 +1.7092e-04 +1.8694e-04 +1.9661e-04 +2.0088e-04 +2.0093e-04 +1.9788e-04 +1.9269e-04 +1.8613e-04 +1.7878e-04 +1.7108e-04 +1.6334e-04
# Total Vertical 2nd Order Kick [T2m2]
START
            -0000.00600 -0000.00557 -0000.00514 -0000.00471 -0000.00429 -0000.00386 -0000.00343 -0000.00300 -0000.00257 -0000.00214 -0000.00171 -0000.00129 -0000.00086 -0000.00043 +0000.00000 +0000.00043 +0000.00086 +0000.00129 +0000.00171 +0000.00214 +0000.00257 +0000.00300 +0000.00343 +0000.00386 +0000.00429 +0000.00471 +0000.00514 +0000.00557 +0000.00600
+0000.00250 -5.0383e-04 -5.0482e-04 -5.0656e-04 -5.0927e-04 -5.1325e-04 -5.1877e-04 -5.2614e-04 -5.3554e-04 -5.4696e-04 -5.6005e-04 -5.7396e-04 -5.8739e-04 -5.9874e-04 -6.0659e-04 -6.0997e-04 -6.0848e-04 -6.0230e-04 -5.9224e-04 -5.7967e-04 -5.6624e-04 -5.5333e-04 -5.4188e-04 -5.3232e-04 -5.2472e-04 -5.1893e-04 -5.1468e-04 -5.1170e-04 -5.0971e-04 -5.0849e-04
+0000.00200 -3.8842e-04 -3.8868e-04 -3.8940e-04 -3.9074e-04 -3.9287e-04 -3.9596e-04 -4.0017e-04 -4.0556e-04 -4.1209e-04 -4.1949e-04 -4.2729e-04 -4.3477e-04 -4.4110e-04 -4.4553e-04 -4.4751e-04 -4.4681e-04 -4.4353e-04 -4.3813e-04 -4.3134e-04 -4.2399e-04 -4.1681e-04 -4.1035e-04 -4.0491e-04 -4.0058e-04 -3.9733e-04 -3.9502e-04 -3.9349e-04 -3.9258e-04 -3.9215e-04
+0000.00150 -2.8278e-04 -2.8265e-04 -2.8279e-04 -2.8331e-04 -2.8432e-04 -2.8591e-04 -2.8817e-04 -2.9115e-04 -2.9478e-04 -2.9893e-04 -3.0331e-04 -3.0752e-04 -3.1112e-04 -3.1366e-04 -3.1484e-04 -3.1450e-04 -3.1274e-04 -3.0980e-04 -3.0609e-04 -3.0206e-04 -2.9812e-04 -2.9458e-04 -2.9161e-04 -2.8929e-04 -2.8761e-04 -2.8649e-04 -2.8584e-04 -2.8556e-04 -2.8557e-04
+0000.00100 -1.8440e-04 -1.8416e-04 -1.8407e-04 -1.8419e-04 -1.8459e-04 -1.8532e-04 -1.8645e-04 -1.8797e-04 -1.8989e-04 -1.9210e-04 -1.9445e-04 -1.9673e-04 -1.9870e-04 -2.0010e-04 -2.0076e-04 -2.0062e-04 -1.9969e-04 -1.9815e-04 -1.9619e-04 -1.9407e-04 -1.9202e-04 -1.9018e-04 -1.8868e-04 -1.8753e-04 -1.8675e-04 -1.8628e-04 -1.8608e-04 -1.8609e-04 -1.8626e-04
+0000.00050 -9.0837e-05 -9.0666e-05 -9.0565e-05 -9.0560e-05 -9.0680e-05 -9.0955e-05 -9.1407e-05 -9.2048e-05 -9.2866e-05 -9.3825e-05 -9.4855e-05 -9.5860e-05 -9.6729e-05 -9.7354e-05 -9.7656e-05 -9.7600e-05 -9.7203e-05 -9.6534e-05 -9.5689e-05 -9.4778e-05 -9.3899e-05 -9.3125e-05 -9.2500e-05 -9.2042e-05 -9.1746e-05 -9.1595e-05 -9.1564e-05 -9.1626e-05 -9.1757e-05
+0000.00000 +3.2965e-07 +3.3118e-07 +3.3262e-07 +3.3398e-07 +3.3527e-07 +3.3649e-07 +3.3766e-07 +3.3880e-07 +3.3995e-07 +3.4111e-07 +3.4233e-07 +3.4360e-07 +3.4491e-07 +3.4623e-07 +3.4749e-07 +3.4862e-07 +3.4955e-07 +3.5022e-07 +3.5061e-07 +3.5070e-07 +3.5053e-07 +3.5011e-07 +3.4948e-07 +3.4867e-07 +3.4770e-07 +3.4660e-07 +3.4537e-07 +3.4402e-07 +3.4255e-07
-0000.00050 +9.1496e-05 +9.1328e-05 +9.1230e-05 +9.1228e-05 +9.1351e-05 +9.1628e-05 +9.2083e-05 +9.2725e-05 +9.3546e-05 +9.4507e-05 +9.5539e-05 +9.6547e-05 +9.7419e-05 +9.8047e-05 +9.8351e-05 +9.8297e-05 +9.7903e-05 +9.7234e-05 +9.6391e-05 +9.5480e-05 +9.4600e-05 +9.3825e-05 +9.3199e-05 +9.2739e-05 +9.2441e-05 +9.2288e-05 +9.2255e-05 +9.2314e-05 +9.2442e-05
-0000.00100 +1.8506e-04 +1.8482e-04 +1.8473e-04 +1.8486e-04 +1.8526e-04 +1.8600e-04 +1.8712e-04 +1.8865e-04 +1.9057e-04 +1.9278e-04 +1.9514e-04 +1.9742e-04 +1.9939e-04 +2.0079e-04 +2.0146e-04 +2.0131e-04 +2.0039e-04 +1.9885e-04 +1.9689e-04 +1.9478e-04 +1.9272e-04 +1.9088e-04 +1.8938e-04 +1.8823e-04 +1.8744e-04 +1.8698e-04 +1.8677e-04 +1.8678e-04 +1.8694e-04
-0000.00150 +2.8344e-04 +2.8331e-04 +2.8346e-04 +2.8398e-04 +2.8499e-04 +2.8658e-04 +2.8885e-04 +2.9182e-04 +2.9546e-04 +2.9961e-04 +3.0399e-04 +3.0821e-04 +3.1181e-04 +3.1435e-04 +3.1553e-04 +3.1520e-04 +3.1344e-04 +3.1050e-04 +3.0679e-04 +3.0276e-04 +2.9882e-04 +2.9528e-04 +2.9231e-04 +2.8999e-04 +2.8831e-04 +2.8718e-04 +2.8653e-04 +2.8625e-04 +2.8626e-04
-0000.00200 +3.8908e-04 +3.8934e-04 +3.9006e-04 +3.9140e-04 +3.9354e-04 +3.9663e-04 +4.0084e-04 +4.0624e-04 +4.1277e-04 +4.2018e-04 +4.2798e-04 +4.3545e-04 +4.4179e-04 +4.4623e-04 +4.4821e-04 +4.4750e-04 +4.4423e-04 +4.3883e-04 +4.3205e-04 +4.2469e-04 +4.1751e-04 +4.1105e-04 +4.0561e-04 +4.0128e-04 +3.9802e-04 +3.9571e-04 +3.9418e-04 +3.9327e-04 +3.9284e-04
-0000.00250 +5.0449e-04 +5.0548e-04 +5.0722e-04 +5.0994e-04 +5.1392e-04 +5.1945e-04 +5.2682e-04 +5.3622e-04 +5.4764e-04 +5.6073e-04 +5.7465e-04 +5.8808e-04 +5.9943e-04 +6.0728e-04 +6.1066e-04 +6.0918e-04 +6.0300e-04 +5.9294e-04 +5.8037e-04 +5.6694e-04 +5.5403e-04 +5.4258e-04 +5.3302e-04 +5.2542e-04 +5.1962e-04 +5.1538e-04 +5.1239e-04 +5.1040e-04 +5.0917e-04
# Horizontal Final Position [m]
START
            -0000.00600 -0000.00557 -0000.00514 -0000.00471 -0000.00429 -0000.00386 -0000.00343 -0000.00300 -0000.00257 -0000.00214 -0000.00171 -0000.00129 -0000.00086 -0000.00043 +0000.00000 +0000.00043 +0000.00086 +0000.00129 +0000.00171 +0000.00214 +0000.00257 +0000.00300 +0000.00343 +0000.00386 +0000.00429 +0000.00471 +0000.00514 +0000.00557 +0000.00600
+0000.00250 -6.0002e-03 -5.5717e-03 -5.1432e-03 -4.7146e-03 -4.2861e-03 -3.8576e-03 -3.4290e-03 -3.0005e-03 -2.5719e-03 -2.1433e-03 -1.7147e-03 -1.2860e-03 -8.5733e-04 -4.2863e-04 +8.4083e-08 +4.2880e-04 +8.5751e-04 +1.2862e-03 +1.7149e-03 +2.1435e-03 +2.5721e-03 +3.0007e-03 +3.4293e-03 +3.8579e-03 +4.2864e-03 +4.7150e-03 +5.1435e-03 +5.5721e-03 +6.0006e-03
+0000.00200 -6.0002e-03 -5.5717e-03 -5.1432e-03 -4.7146e-03 -4.2861e-03 -3.8575e-03 -3.4290e-03 -3.0004e-03 -2.5718e-03 -2.1432e-03 -1.7146e-03 -1.2859e-03 -8.5727e-04 -4.2859e-04 +1.1045e-07 +4.2881e-04 +8.5751e-04 +1.2862e-03 +1.7148e-03 +2.1435e-03 +2.5721e-03 +3.0007e-03 +3.4293e-03 +3.8579e-03 +4.2864e-03 +4.7150e-03 +5.1435e-03 +5.5721e-03 +6.0006e-03
+0000.00150 -6.0002e-03 -5.5717e-03 -5.1432e-03 -4.7146e-03 -4.2861e-03 -3.8575e-03 -3.4289e-03 -3.0004e-03 -2.5718e-03 -2.1432e-03 -1.7145e-03 -1.2859e-03 -8.5724e-04 -4.2856e-04 +1.3183e-07 +4.2882e-04 +8.5751e-04 +1.2862e-03 +1.7148e-03 +2.1435e-03 +2.5721e-03 +3.0007e-03 +3.4293e-03 +3.8579e-03 +4.2864e-03 +4.7150e-03 +5.1435e-03 +5.5721e-03 +6.0006e-03
+0000.00100 -6.0002e-03 -5.5717e-03 -5.1431e-03 -4.7146e-03 -4.2861e-03 -3.8575e-03 -3.4289e-03 -3.0004e-03 -2.5718e-03 -2.1431e-03 -1.7145e-03 -1.2859e-03 -8.5721e-04 -4.2853e-04 +1.4992e-07 +4.2883e-04 +8.5751e-04 +1.2862e-03 +1.7148e-03 +2.1435e-03 +2.5721e-03 +3.0007e-03 +3.4293e-03 +3.8579e-03 +4.2864e-03 +4.7150e-03 +5.1435e-03 +5.5721e-03 +6.0006e-03
+0000.00050 -6.0002e-03 -5.5717e-03 -5.1431e-03 -4.7146e-03 -4.2860e-03 -3.8575e-03 -3.4289e-03 -3.0003e-03 -2.5717e-03 -2.1431e-03 -1.7145e-03 -1.2859e-03 -8.5719e-04 -4.2852e-04 +1.6590e-07 +4.2885e-04 +8.5752e-04 +1.2862e-03 +1.7148e-03 +2.1435e-03 +2.5721e-03 +3.0007e-03 +3.4293e-03 +3.8579e-03 +4.2864e-03 +4.7150e-03 +5.1435e-03 +5.5721e-03 +6.0006e-03
+0000.00000 -6.0002e-03 -5.5717e-03 -5.1431e-03 -4.7146e-03 -4.2860e-03 -3.8575e-03 -3.4289e-03 -3.0003e-03 -2.5717e-03 -2.1431e-03 -1.7145e-03 -1.2858e-03 -8.5717e-04 -4.2850e-04 +1.8062e-07 +4.2886e-04 +8.5754e-04 +1.2862e-03 +1.7149e-03 +2.1435e-03 +2.5721e-03 +3.0007e-03 +3.4293e-03 +3.8579e-03 +4.2864e-03 +4.7150e-03 +5.1435e-03 +5.5721e-03 +6.0006e-03
-0000.00050 -6.0002e-03 -5.5717e-03 -5.1431e-03 -4.7146e-03 -4.2860e-03 -3.8575e-03 -3.4289e-03 -3.0003e-03 -2.5717e-03 -2.1431e-03 -1.7145e-03 -1.2858e-03 -8.5716e-04 -4.2849e-04 +1.9480e-07 +4.2888e-04 +8.5755e-04 +1.2862e-03 +1.7149e-03 +2.1435e-03 +2.5721e-03 +3.0007e-03 +3.4293e-03 +3.8579e-03 +4.2864e-03 +4.7150e-03 +5.1435e-03 +5.5721e-03 +6.0006e-03
-0000.00100 -6.0002e-03 -5.5717e-03 -5.1431e-03 -4.7146e-03 -4.2860e-03 -3.8575e-03 -3.4289e-03 -3.0003e-03 -2.5717e-03 -2.1431e-03 -1.7145e-03 -1.2858e-03 -8.5715e-04 -4.2847e-04 +2.0910e-07 +4.2889e-04 +8.5757e-04 +1.2862e-03 +1.7149e-03 +2.1435e-03 +2.5721e-03 +3.0007e-03 +3.4293e-03 +3.8579e-03 +4.2864e-03 +4.7150e-03 +5.1435e-03 +5.5721e-03 +6.0006e-03
-0000.00150 -6.0002e-03 -5.5717e-03 -5.1431e-03 -4.7146e-03 -4.2860e-03 -3.8575e-03 -3.4289e-03 -3.0003e-03 -2.5717e-03 -2.1431e-03 -1.7145e-03 -1.2858e-03 -8.5715e-04 -4.2847e-04 +2.2420e-07 +4.2891e-04 +8.5759e-04 +1.2863e-03 +1.7149e-03 +2.1435e-03 +2.5722e-03 +3.0008e-03 +3.4293e-03 +3.8579e-03 +4.2865e-03 +4.7150e-03 +5.1436e-03 +5.5721e-03 +6.0006e-03
-0000.00200 -6.0002e-03 -5.5717e-03 -5.1431e-03 -4.7146e-03 -4.2860e-03 -3.8575e-03 -3.4289e-03 -3.0003e-03 -2.5717e-03 -2.1431e-03 -1.7145e-03 -1.2858e-03 -8.5715e-04 -4.2846e-04 +2.4091e-07 +4.2894e-04 +8.5763e-04 +1.2863e-03 +1.7150e-03 +2.1436e-03 +2.5722e-03 +3.0008e-03 +3.4294e-03 +3.8579e-03 +4.2865e-03 +4.7150e-03 +5.1436e-03 +5.5721e-03 +6.0006e-03
-0000.00250 -6.0002e-03 -5.5717e-03 -5.1431e-03 -4.7146e-03 -4.2860e-03 -3.8575e-03 -3.4289e-03 -3.0004e-03 -2.5718e-03 -2.1432e-03 -1.7145e-03 -1.2859e-03 -8.5716e-04 -4.2846e-04 +2.6024e-07 +4.2897e-04 +8.5768e-04 +1.2864e-03 +1.7150e-03 +2.1436e-03 +2.5722e-03 +3.0008e-03 +3.4294e-03 +3.8579e-03 +4.2865e-03 +4.7150e-03 +5.1436e-03 +5.5721e-03 +6.0006e-03
# Vertical Final Position [m]
START
            -0000.00600 -0000.00557 -0000.00514 -0000.00471 -0000.00429 -0000.00386 -0000.00343 -0000.00300 -0000.00257 -0000.00214 -0000.00171 -0000.00129 -0000.00086 -0000.00043 +0000.00000 +0000.00043 +0000.00086 +0000.00129 +0000.00171 +0000.00214 +0000.00257 +0000.00300 +0000.00343 +0000.00386 +0000.00429 +0000.00471 +0000.00514 +0000.00557 +0000.00600
+0000.00250 +2.4980e-03 +2.4980e-03 +2.4980e-03 +2.4980e-03 +2.4980e-03 +2.4980e-03 +2.4979e-03 +2.4979e-03 +2.4978e-03 +2.4978e-03 +2.4977e-03 +2.4977e-03 +2.4976e-03 +2.4976e-03 +2.4975e-03 +2.4975e-03 +2.4975e-03 +2.4976e-03 +2.4976e-03 +2.4976e-03 +2.4977e-03 +2.4977e-03 +2.4978e-03 +2.4978e-03 +2.4978e-03 +2.4978e-03 +2.4978e-03 +2.4979e-03 +2.4979e-03
+0000.00200 +1.9985e-03 +1.9985e-03 +1.9985e-03 +1.9985e-03 +1.9985e-03 +1.9985e-03 +1.9984e-03 +1.9984e-03 +1.9984e-03 +1.9983e-03 +1.9983e-03 +1.9983e-03 +1.9982e-03 +1.9982e-03 +1.9982e-03 +1.9982e-03 +1.9982e-03 +1.9982e-03 +1.9982e-03 +1.9982e-03 +1.9982e-03 +1.9983e-03 +1.9983e-03 +1.9983e-03 +1.9983e-03 +1.9983e-03 +1.9983e-03 +1.9983e-03 +1.9983e-03
+0000.00150 +1.4989e-03 +1.4989e-03 +1.4989e-03 +1.4989e-03 +1.4989e-03 +1.4989e-03 +1.4989e-03 +1.4989e-03 +1.4989e-03 +1.4988e-03 +1.4988e-03 +1.4988e-03 +1.4988e-03 +1.4987e-03 +1.4987e-03 +1.4987e-03 +1.4987e-03 +1.4987e-03 +1.4987e-03 +1.4987e-03 +1.4987e-03 +1.4987e-03 +1.4988e-03 +1.4988e-03 +1.4988e-03 +1.4988e-03 +1.4988e-03 +1.4988e-03 +1.4988e-03
+0000.00100 +9.9932e-04 +9.9932e-04 +9.9932e-04 +9.9931e-04 +9.9931e-04 +9.9930e-04 +9.9930e-04 +9.9928e-04 +9.9927e-04 +9.9926e-04 +9.9924e-04 +9.9922e-04 +9.9921e-04 +9.9919e-04 +9.9918e-04 +9.9917e-04 +9.9917e-04 +9.9916e-04 +9.9916e-04 +9.9917e-04 +9.9917e-04 +9.9917e-04 +9.9917e-04 +9.9917e-04 +9.9918e-04 +9.9918e-04 +9.9918e-04 +9.9917e-04 +9.9917e-04
+0000.00050 +4.9970e-04 +4.9970e-04 +4.9969e-04 +4.9969e-04 +4.9969e-04 +4.9968e-04 +4.9968e-04 +4.9967e-04 +4.9966e-04 +4.9965e-04 +4.9964e-04 +4.9963e-04 +4.9962e-04 +4.9961e-04 +4.9960e-04 +4.9959e-04 +4.9958e-04 +4.9958e-04 +4.9957e-04 +4.9957e-04 +4.9957e-04 +4.9957e-04 +4.9957e-04 +4.9956e-04 +4.9956e-04 +4.9956e-04 +4.9956e-04 +4.9956e-04 +4.9956e-04
+0000.00000 +6.4497e-08 +6.2990e-08 +6.1138e-08 +5.8878e-08 +5.6141e-08 +5.2856e-08 +4.8953e-08 +4.4369e-08 +3.9060e-08 +3.3006e-08 +2.6229e-08 +1.8793e-08 +1.0817e-08 +2.4671e-09 -6.0504e-09 -1.4510e-08 -2.2689e-08 -3.0387e-08 -3.7446e-08 -4.3762e-08 -4.9280e-08 -5.3995e-08 -5.7936e-08 -6.1162e-08 -6.3746e-08 -6.5765e-08 -6.7298e-08 -6.8422e-08 -6.9203e-08
-0000.00050 -4.9957e-04 -4.9957e-04 -4.9957e-04 -4.9957e-04 -4.9957e-04 -4.9958e-04 -4.9958e-04 -4.9958e-04 -4.9958e-04 -4.9958e-04 -4.9959e-04 -4.9959e-04 -4.9960e-04 -4.9960e-04 -4.9961e-04 -4.9962e-04 -4.9963e-04 -4.9964e-04 -4.9965e-04 -4.9966e-04 -4.9967e-04 -4.9968e-04 -4.9968e-04 -4.9969e-04 -4.9969e-04 -4.9969e-04 -4.9970e-04 -4.9970e-04 -4.9970e-04
-0000.00100 -9.9919e-04 -9.9919e-04 -9.9919e-04 -9.9919e-04 -9.9919e-04 -9.9919e-04 -9.9919e-04 -9.9919e-04 -9.9919e-04 -9.9918e-04 -9.9918e-04 -9.9918e-04 -9.9918e-04 -9.9919e-04 -9.9919e-04 -9.9920e-04 -9.9921e-04 -9.9923e-04 -9.9924e-04 -9.9926e-04 -9.9927e-04 -9.9929e-04 -9.9930e-04 -9.9930e-04 -9.9931e-04 -9.9931e-04 -9.9931e-04 -9.9932e-04 -9.9932e-04
-0000.00150 -1.4988e-03 -1.4988e-03 -1.4988e-03 -1.4988e-03 -1.4988e-03 -1.4988e-03 -1.4988e-03 -1.4988e-03 -1.4988e-03 -1.4987e-03 -1.4987e-03 -1.4987e-03 -1.4987e-03 -1.4987e-03 -1.4987e-03 -1.4987e-03 -1.4988e-03 -1.4988e-03 -1.4988e-03 -1.4988e-03 -1.4988e-03 -1.4989e-03 -1.4989e-03 -1.4989e-03 -1.4989e-03 -1.4989e-03 -1.4989e-03 -1.4989e-03 -1.4989e-03
-0000.00200 -1.9984e-03 -1.9984e-03 -1.9984e-03 -1.9983e-03 -1.9983e-03 -1.9983e-03 -1.9983e-03 -1.9983e-03 -1.9983e-03 -1.9983e-03 -1.9982e-03 -1.9982e-03 -1.9982e-03 -1.9982e-03 -1.9982e-03 -1.9982e-03 -1.9982e-03 -1.9983e-03 -1.9983e-03 -1.9983e-03 -1.9984e-03 -1.9984e-03 -1.9984e-03 -1.9985e-03 -1.9985e-03 -1.9985e-03 -1.9985e-03 -1.9985e-03 -1.9985e-03
-0000.00250 -2.4979e-03 -2.4979e-03 -2.4979e-03 -2.4979e-03 -2.4978e-03 -2.4978e-03 -2.4978e-03 -2.4978e-03 -2.4977e-03 -2.4977e-03 -2.4976e-03 -2.4976e-03 -2.4976e-03 -2.4975e-03 -2.4975e-03 -2.4976e-03 -2.4976e-03 -2.4977e-03 -2.4977e-03 -2.4978e-03 -2.4978e-03 -2.4979e-03 -2.4979e-03 -2.4980e-03 -2.4980e-03 -2.4980e-03 -2.4980e-03 -2.4980e-03 -2.4980e-03
