# Author: FAC idanalysis.IDKickMap
# 
# Total Length of Longitudinal Interval [m]
2
# Number of Horizontal Points
41
# Number of Vertical Points
3
# Total Horizontal 2nd Order Kick [T2m2]
START
            -0000.01000 -0000.00950 -0000.00900 -0000.00850 -0000.00800 -0000.00750 -0000.00700 -0000.00650 -0000.00600 -0000.00550 -0000.00500 -0000.00450 -0000.00400 -0000.00350 -0000.00300 -0000.00250 -0000.00200 -0000.00150 -0000.00100 -0000.00050 +0000.00000 +0000.00050 +0000.00100 +0000.00150 +0000.00200 +0000.00250 +0000.00300 +0000.00350 +0000.00400 +0000.00450 +0000.00500 +0000.00550 +0000.00600 +0000.00650 +0000.00700 +0000.00750 +0000.00800 +0000.00850 +0000.00900 +0000.00950 +0000.01000 
+0000.00170 +1.0077e-03 +7.4978e-04 +5.9875e-04 +4.6955e-04 +2.2282e-04 +1.0131e-04 -4.6898e-05 -2.5923e-04 -4.4130e-04 -5.5085e-04 -5.0718e-04 -4.9138e-04 -4.4299e-04 -3.4005e-04 -1.7970e-04 +2.5490e-05 +3.3554e-04 +6.8819e-04 +7.5759e-04 +7.3846e-04 +6.0911e-04 +4.2560e-04 +3.3147e-04 +1.8385e-04 -2.6540e-05 -7.8020e-05 -1.0552e-04 -1.6425e-04 -1.0919e-04 +2.2813e-05 +1.4967e-05 +4.4712e-05 +8.6377e-05 +7.8818e-05 +2.0923e-04 +3.9521e-04 +6.4141e-04 +8.5932e-04 +1.2161e-03 +1.6760e-03 +1.6840e-03 
+0000.00000 +1.3451e-03 +9.9870e-04 +7.7784e-04 +6.8855e-04 +4.4930e-04 +1.7692e-04 +3.6479e-05 +7.0022e-05 +3.3908e-05 -1.1292e-04 -1.1029e-04 -1.3332e-04 -1.7680e-04 -4.8086e-05 +8.5099e-05 +4.8076e-05 +8.4169e-05 +8.2482e-05 +2.9937e-04 +4.9006e-04 +4.9246e-04 +3.8518e-04 +2.4852e-04 +2.2590e-04 +2.6629e-04 -2.3798e-05 -6.8298e-05 +1.8996e-05 -2.4192e-05 -8.2429e-05 +1.3451e-04 +3.2670e-04 +5.1360e-04 +5.8133e-04 +5.2305e-04 +6.9949e-04 +9.3898e-04 +1.2438e-03 +1.6604e-03 +2.0319e-03 +1.8419e-03 
-0000.00170 +9.4833e-04 +6.6119e-04 +5.1036e-04 +3.0554e-04 +1.0327e-04 +2.5128e-05 -7.5963e-05 -1.8920e-04 -2.7357e-04 -3.3521e-04 -3.8064e-04 -4.2443e-04 -4.3543e-04 -4.3779e-04 -4.3149e-04 -2.6790e-04 -8.1407e-05 +6.1184e-05 +2.2588e-04 +5.5198e-04 +8.8028e-04 +9.6458e-04 +9.0118e-04 +6.8449e-04 +3.4408e-04 +1.7789e-04 +1.3593e-04 -4.4001e-06 -1.2366e-04 -2.2364e-04 -4.5149e-04 -4.6957e-04 -1.6568e-04 +2.3012e-04 +5.0712e-04 +7.2118e-04 +9.4415e-04 +1.1194e-03 +1.2360e-03 +1.3769e-03 +1.2914e-03 
# Total Vertical 2nd Order Kick [T2m2]
START
            -0000.01000 -0000.00950 -0000.00900 -0000.00850 -0000.00800 -0000.00750 -0000.00700 -0000.00650 -0000.00600 -0000.00550 -0000.00500 -0000.00450 -0000.00400 -0000.00350 -0000.00300 -0000.00250 -0000.00200 -0000.00150 -0000.00100 -0000.00050 +0000.00000 +0000.00050 +0000.00100 +0000.00150 +0000.00200 +0000.00250 +0000.00300 +0000.00350 +0000.00400 +0000.00450 +0000.00500 +0000.00550 +0000.00600 +0000.00650 +0000.00700 +0000.00750 +0000.00800 +0000.00850 +0000.00900 +0000.00950 +0000.01000 
+0000.00170 +4.5682e-04 +2.8452e-04 +4.1628e-04 +3.4254e-04 +9.2199e-05 +2.2907e-04 +2.4321e-04 +2.2620e-04 +1.0222e-04 -2.3351e-04 -5.1999e-04 -5.9752e-04 -5.9889e-04 -6.0869e-04 -6.4443e-04 -1.0202e-03 -9.6052e-04 -6.8834e-04 -2.6070e-04 -6.7673e-05 +1.1073e-04 -1.8214e-05 -1.7339e-04 +2.8319e-04 +2.1257e-04 +7.7023e-05 -1.9270e-04 -2.7476e-04 -4.8350e-04 -4.5643e-04 -5.2003e-04 -6.0140e-04 -5.9799e-04 -5.8732e-04 -7.2514e-04 -1.1130e-03 -1.2242e-03 -1.0818e-03 -1.2730e-03 -1.6061e-03 -1.8802e-03 
+0000.00000 -6.0042e-05 +6.9978e-05 +2.2247e-04 +9.4385e-05 +6.7189e-05 +3.1605e-05 +1.0868e-05 +4.3903e-05 +5.5586e-05 -3.0740e-06 -1.2462e-04 -4.1974e-05 +5.4416e-05 -1.1797e-04 -1.6202e-04 -7.3108e-05 -5.5234e-05 +7.9048e-05 +1.6266e-04 -2.1122e-05 -1.3410e-05 +1.4969e-04 +3.7824e-05 +7.0993e-05 +1.4220e-06 -1.1875e-04 -1.4645e-04 +2.3665e-05 +8.7397e-05 +3.1725e-06 +3.5048e-06 -7.4452e-05 +1.8896e-06 -8.5377e-06 -2.5513e-05 -2.7917e-05 -1.3972e-04 -1.8045e-04 -1.4443e-04 +1.8968e-05 +2.0252e-04 
-0000.00170 -7.6981e-04 -5.4305e-04 -3.4979e-04 -4.2562e-04 -2.3605e-04 -1.1305e-04 -9.7304e-05 +1.4180e-04 +1.1963e-04 +7.4889e-05 +4.7630e-05 +2.4514e-04 +2.6585e-04 +2.9346e-04 +4.9924e-04 +5.9397e-04 +5.9669e-04 +7.1313e-04 +9.5247e-04 +1.2048e-03 +8.0372e-04 +1.5413e-04 -4.1413e-05 -1.5224e-04 +5.2500e-05 +3.5106e-05 -9.3139e-05 -1.6568e-04 -5.8110e-05 +4.3765e-05 +2.4964e-04 +5.9433e-04 +1.0153e-03 +8.7677e-04 +8.0219e-04 +1.0607e-03 +1.1604e-03 +1.2758e-03 +1.2814e-03 +1.3189e-03 +1.3269e-03 
# Horizontal Final Position [m]
START
            -0000.01000 -0000.00950 -0000.00900 -0000.00850 -0000.00800 -0000.00750 -0000.00700 -0000.00650 -0000.00600 -0000.00550 -0000.00500 -0000.00450 -0000.00400 -0000.00350 -0000.00300 -0000.00250 -0000.00200 -0000.00150 -0000.00100 -0000.00050 +0000.00000 +0000.00050 +0000.00100 +0000.00150 +0000.00200 +0000.00250 +0000.00300 +0000.00350 +0000.00400 +0000.00450 +0000.00500 +0000.00550 +0000.00600 +0000.00650 +0000.00700 +0000.00750 +0000.00800 +0000.00850 +0000.00900 +0000.00950 +0000.01000 
+0000.00170 -9.9899e-03 -9.4925e-03 -8.9940e-03 -8.4953e-03 -7.9977e-03 -7.4989e-03 -7.0003e-03 -6.5024e-03 -6.0042e-03 -5.5054e-03 -5.0050e-03 -4.5049e-03 -4.0044e-03 -3.5034e-03 -3.0019e-03 -2.4999e-03 -1.9969e-03 -1.4934e-03 -9.9290e-04 -4.9312e-04 +5.6971e-06 +5.0400e-04 +1.0032e-03 +1.5021e-03 +2.0001e-03 +2.4997e-03 +2.9993e-03 +3.4987e-03 +3.9992e-03 +4.5004e-03 +5.0002e-03 +5.5005e-03 +6.0009e-03 +6.5008e-03 +7.0021e-03 +7.5040e-03 +8.0064e-03 +8.5086e-03 +9.0121e-03 +9.5166e-03 +1.0017e-02 
+0000.00000 -9.9866e-03 -9.4900e-03 -8.9923e-03 -8.4932e-03 -7.9955e-03 -7.4982e-03 -6.9996e-03 -6.4993e-03 -5.9997e-03 -5.5011e-03 -5.0011e-03 -4.5013e-03 -4.0018e-03 -3.5006e-03 -2.9993e-03 -2.4997e-03 -1.9994e-03 -1.4994e-03 -9.9722e-04 -4.9530e-04 +4.9368e-06 +5.0390e-04 +1.0026e-03 +1.5024e-03 +2.0029e-03 +2.5001e-03 +2.9997e-03 +3.5005e-03 +3.9999e-03 +4.4993e-03 +5.0015e-03 +5.5034e-03 +6.0053e-03 +6.5059e-03 +7.0053e-03 +7.5071e-03 +8.0094e-03 +8.5125e-03 +9.0166e-03 +9.5203e-03 +1.0018e-02 
-0000.00170 -9.9906e-03 -9.4935e-03 -8.9949e-03 -8.4968e-03 -7.9989e-03 -7.4997e-03 -7.0007e-03 -6.5018e-03 -6.0026e-03 -5.5032e-03 -5.0037e-03 -4.5041e-03 -4.0043e-03 -3.5044e-03 -3.0044e-03 -2.5028e-03 -2.0012e-03 -1.4996e-03 -9.9786e-04 -4.9444e-04 +9.0555e-06 +5.1006e-04 +1.0094e-03 +1.5070e-03 +2.0035e-03 +2.5019e-03 +3.0015e-03 +3.5002e-03 +3.9990e-03 +4.4980e-03 +4.9957e-03 +5.4954e-03 +5.9984e-03 +6.5023e-03 +7.0051e-03 +7.5072e-03 +8.0094e-03 +8.5111e-03 +9.0123e-03 +9.5137e-03 +1.0013e-02 
# Vertical Final Position [m]
START
            -0000.01000 -0000.00950 -0000.00900 -0000.00850 -0000.00800 -0000.00750 -0000.00700 -0000.00650 -0000.00600 -0000.00550 -0000.00500 -0000.00450 -0000.00400 -0000.00350 -0000.00300 -0000.00250 -0000.00200 -0000.00150 -0000.00100 -0000.00050 +0000.00000 +0000.00050 +0000.00100 +0000.00150 +0000.00200 +0000.00250 +0000.00300 +0000.00350 +0000.00400 +0000.00450 +0000.00500 +0000.00550 +0000.00600 +0000.00650 +0000.00700 +0000.00750 +0000.00800 +0000.00850 +0000.00900 +0000.00950 +0000.01000 
+0000.00170 +1.7045e-03 +1.7027e-03 +1.7041e-03 +1.7033e-03 +1.7008e-03 +1.7021e-03 +1.7023e-03 +1.7021e-03 +1.7010e-03 +1.6977e-03 +1.6948e-03 +1.6942e-03 +1.6942e-03 +1.6942e-03 +1.6940e-03 +1.6903e-03 +1.6907e-03 +1.6932e-03 +1.6973e-03 +1.6989e-03 +1.7009e-03 +1.6994e-03 +1.6978e-03 +1.7025e-03 +1.7018e-03 +1.7007e-03 +1.6982e-03 +1.6974e-03 +1.6952e-03 +1.6955e-03 +1.6949e-03 +1.6940e-03 +1.6941e-03 +1.6942e-03 +1.6928e-03 +1.6890e-03 +1.6879e-03 +1.6893e-03 +1.6874e-03 +1.6842e-03 +1.6815e-03 
+0000.00000 -7.3434e-07 +5.8070e-07 +2.0970e-06 +8.4055e-07 +5.7899e-07 +2.2138e-07 +2.2765e-08 +3.5413e-07 +4.7629e-07 -8.6832e-08 -1.2898e-06 -4.4939e-07 +5.1583e-07 -1.1185e-06 -1.4802e-06 -4.8669e-07 -3.3038e-07 +6.9406e-07 +1.3660e-06 -4.1642e-07 -4.0271e-07 +1.4178e-06 +3.3802e-07 +5.9819e-07 -5.1146e-08 -1.1969e-06 -1.5186e-06 +8.1101e-08 +8.3510e-07 -1.0004e-08 +3.7522e-09 -7.5515e-07 -5.0057e-09 -7.8144e-08 -2.4006e-07 -2.7610e-07 -1.3662e-06 -1.7700e-06 -1.4357e-06 +1.8519e-07 +2.0028e-06 
-0000.00170 -1.7078e-03 -1.7055e-03 -1.7035e-03 -1.7043e-03 -1.7025e-03 -1.7012e-03 -1.7010e-03 -1.6986e-03 -1.6988e-03 -1.6993e-03 -1.6996e-03 -1.6976e-03 -1.6975e-03 -1.6972e-03 -1.6950e-03 -1.6941e-03 -1.6941e-03 -1.6927e-03 -1.6903e-03 -1.6878e-03 -1.6923e-03 -1.6984e-03 -1.7004e-03 -1.7016e-03 -1.6994e-03 -1.6996e-03 -1.7010e-03 -1.7019e-03 -1.7009e-03 -1.6998e-03 -1.6977e-03 -1.6942e-03 -1.6899e-03 -1.6913e-03 -1.6920e-03 -1.6895e-03 -1.6885e-03 -1.6873e-03 -1.6872e-03 -1.6869e-03 -1.6868e-03 