# Author: FAC idanalysis.IDKickMap
# 
# Total Length of Longitudinal Interval [m]
2
# Number of Horizontal Points
41
# Number of Vertical Points
3
# Total Horizontal 2nd Order Kick [T2m2]
START
            -0000.01000 -0000.00950 -0000.00900 -0000.00850 -0000.00800 -0000.00750 -0000.00700 -0000.00650 -0000.00600 -0000.00550 -0000.00500 -0000.00450 -0000.00400 -0000.00350 -0000.00300 -0000.00250 -0000.00200 -0000.00150 -0000.00100 -0000.00050 +0000.00000 +0000.00050 +0000.00100 +0000.00150 +0000.00200 +0000.00250 +0000.00300 +0000.00350 +0000.00400 +0000.00450 +0000.00500 +0000.00550 +0000.00600 +0000.00650 +0000.00700 +0000.00750 +0000.00800 +0000.00850 +0000.00900 +0000.00950 +0000.01000 
+0000.00170 -1.4157e-02 -1.3243e-02 -1.2087e-02 -1.1049e-02 -9.9794e-03 -8.9404e-03 -8.0887e-03 -7.3163e-03 -6.5892e-03 -5.7078e-03 -4.9331e-03 -4.3835e-03 -3.5947e-03 -2.8188e-03 -1.9454e-03 -9.5310e-04 +8.4585e-05 +1.0651e-03 +1.6352e-03 +1.9566e-03 +1.8140e-03 +1.3509e-03 +7.5362e-04 -9.5832e-05 -8.5570e-04 -1.2399e-03 -2.0161e-03 -2.6843e-03 -3.1107e-03 -3.6955e-03 -4.3603e-03 -5.0424e-03 -5.9104e-03 -6.6523e-03 -7.3976e-03 -8.1969e-03 -8.9974e-03 -9.6820e-03 -1.0175e-02 -1.1236e-02 -1.2696e-02 
+0000.00000 -1.4046e-02 -1.3139e-02 -1.2044e-02 -1.1171e-02 -1.0323e-02 -9.4950e-03 -8.4904e-03 -7.4447e-03 -6.6009e-03 -5.7739e-03 -5.1023e-03 -4.3440e-03 -3.6321e-03 -2.8122e-03 -2.2150e-03 -1.6276e-03 -1.0707e-03 -6.0892e-04 -2.6729e-05 +1.0860e-04 +2.1865e-04 -1.1136e-04 -2.2809e-04 -5.3050e-04 -1.0492e-03 -1.6596e-03 -2.0536e-03 -2.6191e-03 -3.3085e-03 -3.8423e-03 -4.4372e-03 -4.8766e-03 -5.6675e-03 -6.6586e-03 -7.4179e-03 -7.9188e-03 -8.7504e-03 -9.3137e-03 -9.8653e-03 -1.0999e-02 -1.2862e-02 
-0000.00170 -1.4450e-02 -1.3398e-02 -1.2284e-02 -1.1128e-02 -1.0104e-02 -9.0571e-03 -8.1670e-03 -7.2246e-03 -6.5692e-03 -5.7257e-03 -4.9700e-03 -4.3402e-03 -3.7300e-03 -2.9981e-03 -2.2617e-03 -1.4829e-03 -6.7859e-04 +1.0128e-04 +8.6185e-04 +1.6704e-03 +2.1279e-03 +2.1085e-03 +1.6016e-03 +6.5275e-04 -4.2565e-04 -9.4240e-04 -1.5938e-03 -2.3795e-03 -2.9949e-03 -3.9482e-03 -4.7760e-03 -5.1955e-03 -5.5278e-03 -6.0742e-03 -6.8784e-03 -7.6969e-03 -8.5319e-03 -9.4928e-03 -1.0475e-02 -1.1768e-02 -1.3545e-02 
# Total Vertical 2nd Order Kick [T2m2]
START
            -0000.01000 -0000.00950 -0000.00900 -0000.00850 -0000.00800 -0000.00750 -0000.00700 -0000.00650 -0000.00600 -0000.00550 -0000.00500 -0000.00450 -0000.00400 -0000.00350 -0000.00300 -0000.00250 -0000.00200 -0000.00150 -0000.00100 -0000.00050 +0000.00000 +0000.00050 +0000.00100 +0000.00150 +0000.00200 +0000.00250 +0000.00300 +0000.00350 +0000.00400 +0000.00450 +0000.00500 +0000.00550 +0000.00600 +0000.00650 +0000.00700 +0000.00750 +0000.00800 +0000.00850 +0000.00900 +0000.00950 +0000.01000 
+0000.00170 -5.0021e-03 -4.7492e-03 -4.8204e-03 -5.0021e-03 -4.6769e-03 -4.4715e-03 -4.0377e-03 -3.9655e-03 -4.1201e-03 -4.3237e-03 -4.0159e-03 -3.8107e-03 -3.8111e-03 -3.9912e-03 -4.0740e-03 -4.2818e-03 -3.6035e-03 -3.1154e-03 -2.5569e-03 -1.5782e-03 -1.8313e-04 -2.8147e-05 +9.7388e-04 +1.1812e-03 +6.1266e-04 +8.8796e-04 +9.2783e-04 +7.9646e-04 +7.2547e-04 +7.1445e-04 +7.6852e-04 +9.9500e-04 +1.3311e-03 +1.1680e-03 +1.0494e-03 +9.4728e-04 +1.2208e-03 +1.1120e-03 +9.5413e-04 +5.1549e-04 +6.7682e-04 
+0000.00000 +6.6333e-04 +9.3675e-04 +8.6892e-04 +6.7578e-04 +8.2274e-04 +6.8952e-04 +7.7544e-04 +8.7143e-04 +7.8179e-04 +5.6992e-04 +6.7784e-04 +8.6224e-04 +5.8110e-04 +5.4284e-04 +6.4251e-04 +7.3380e-04 +7.1537e-04 +1.0850e-03 +1.0189e-03 +6.8019e-04 +1.0562e-03 +9.7699e-04 +8.6874e-04 +9.8486e-04 +6.9051e-04 +6.6837e-04 +8.2727e-04 +9.1080e-04 +7.6442e-04 +8.4862e-04 +6.9523e-04 +7.4484e-04 +6.7824e-04 +6.4005e-04 +6.9023e-04 +4.3768e-04 +4.4956e-04 +4.1619e-04 +5.5603e-04 +8.7336e-04 +9.1218e-04 
-0000.00170 +5.9451e-03 +6.1684e-03 +6.2707e-03 +6.2128e-03 +6.0749e-03 +6.0154e-03 +5.9512e-03 +5.6691e-03 +5.4371e-03 +5.4011e-03 +5.1429e-03 +5.0498e-03 +5.2272e-03 +5.1236e-03 +4.9113e-03 +5.1534e-03 +5.1557e-03 +5.0565e-03 +5.0138e-03 +4.6591e-03 +3.1077e-03 +1.9852e-03 +1.4845e-03 +8.8351e-04 +9.3559e-04 +9.3838e-04 +4.3100e-04 +5.8391e-04 +2.2223e-04 +4.0493e-04 +3.9682e-04 +8.6737e-04 +6.3600e-04 -2.5564e-05 +1.6563e-04 +1.9118e-04 +2.1780e-04 +2.3470e-04 +2.4498e-04 -5.2324e-05 -2.1742e-04 
# Horizontal Final Position [m]
START
            -0000.01000 -0000.00950 -0000.00900 -0000.00850 -0000.00800 -0000.00750 -0000.00700 -0000.00650 -0000.00600 -0000.00550 -0000.00500 -0000.00450 -0000.00400 -0000.00350 -0000.00300 -0000.00250 -0000.00200 -0000.00150 -0000.00100 -0000.00050 +0000.00000 +0000.00050 +0000.00100 +0000.00150 +0000.00200 +0000.00250 +0000.00300 +0000.00350 +0000.00400 +0000.00450 +0000.00500 +0000.00550 +0000.00600 +0000.00650 +0000.00700 +0000.00750 +0000.00800 +0000.00850 +0000.00900 +0000.00950 +0000.01000 
+0000.00170 -1.0141e-02 -9.6318e-03 -9.1203e-03 -8.6100e-03 -8.0993e-03 -7.5889e-03 -7.0803e-03 -6.5726e-03 -6.0654e-03 -5.5567e-03 -5.0492e-03 -4.5438e-03 -4.0360e-03 -3.5283e-03 -3.0197e-03 -2.5101e-03 -1.9999e-03 -1.4903e-03 -9.8505e-04 -4.8192e-04 +1.6956e-05 +5.1266e-04 +1.0070e-03 +1.4995e-03 +1.9922e-03 +2.4886e-03 +2.9808e-03 +3.4740e-03 +3.9697e-03 +4.4635e-03 +4.9568e-03 +5.4500e-03 +5.9414e-03 +6.4340e-03 +6.9265e-03 +7.4186e-03 +7.9106e-03 +8.4038e-03 +8.8989e-03 +9.3882e-03 +9.8736e-03 
+0000.00000 -1.0140e-02 -9.6308e-03 -9.1199e-03 -8.6113e-03 -8.1028e-03 -7.5946e-03 -7.0846e-03 -6.5742e-03 -6.0658e-03 -5.5576e-03 -5.0509e-03 -4.5434e-03 -4.0364e-03 -3.5284e-03 -3.0227e-03 -2.5169e-03 -2.0115e-03 -1.5068e-03 -1.0009e-03 -4.9954e-04 +2.0778e-06 +4.9892e-04 +9.9788e-04 +1.4949e-03 +1.9900e-03 +2.4842e-03 +2.9805e-03 +3.4746e-03 +3.9675e-03 +4.4622e-03 +4.9563e-03 +5.4519e-03 +5.9441e-03 +6.4341e-03 +6.9265e-03 +7.4216e-03 +7.9134e-03 +8.4077e-03 +8.9023e-03 +9.3910e-03 +9.8725e-03 
-0000.00170 -1.0144e-02 -9.6334e-03 -9.1222e-03 -8.6105e-03 -8.1005e-03 -7.5901e-03 -7.0812e-03 -6.5718e-03 -6.0652e-03 -5.5568e-03 -5.0494e-03 -4.5431e-03 -4.0372e-03 -3.5301e-03 -3.0229e-03 -2.5152e-03 -2.0078e-03 -1.4997e-03 -9.9188e-04 -4.8337e-04 +2.1742e-05 +5.2195e-04 +1.0169e-03 +1.5069e-03 +1.9959e-03 +2.4908e-03 +2.9846e-03 +3.4769e-03 +3.9708e-03 +4.4612e-03 +4.9529e-03 +5.4485e-03 +5.9451e-03 +6.4397e-03 +6.9317e-03 +7.4236e-03 +7.9152e-03 +8.4056e-03 +8.8959e-03 +9.3832e-03 +9.8656e-03 
# Vertical Final Position [m]
START
            -0000.01000 -0000.00950 -0000.00900 -0000.00850 -0000.00800 -0000.00750 -0000.00700 -0000.00650 -0000.00600 -0000.00550 -0000.00500 -0000.00450 -0000.00400 -0000.00350 -0000.00300 -0000.00250 -0000.00200 -0000.00150 -0000.00100 -0000.00050 +0000.00000 +0000.00050 +0000.00100 +0000.00150 +0000.00200 +0000.00250 +0000.00300 +0000.00350 +0000.00400 +0000.00450 +0000.00500 +0000.00550 +0000.00600 +0000.00650 +0000.00700 +0000.00750 +0000.00800 +0000.00850 +0000.00900 +0000.00950 +0000.01000 
+0000.00170 +1.6503e-03 +1.6527e-03 +1.6520e-03 +1.6501e-03 +1.6533e-03 +1.6554e-03 +1.6597e-03 +1.6604e-03 +1.6591e-03 +1.6571e-03 +1.6600e-03 +1.6625e-03 +1.6626e-03 +1.6609e-03 +1.6605e-03 +1.6586e-03 +1.6647e-03 +1.6690e-03 +1.6743e-03 +1.6833e-03 +1.6977e-03 +1.6987e-03 +1.7084e-03 +1.7109e-03 +1.7052e-03 +1.7084e-03 +1.7093e-03 +1.7082e-03 +1.7071e-03 +1.7071e-03 +1.7077e-03 +1.7098e-03 +1.7132e-03 +1.7115e-03 +1.7104e-03 +1.7094e-03 +1.7121e-03 +1.7110e-03 +1.7095e-03 +1.7053e-03 +1.7070e-03 
+0000.00000 +6.4777e-06 +9.1984e-06 +8.5214e-06 +6.6818e-06 +8.0823e-06 +6.7693e-06 +7.6033e-06 +8.5510e-06 +7.6722e-06 +5.6383e-06 +6.6704e-06 +8.5303e-06 +5.7785e-06 +5.5437e-06 +6.7261e-06 +7.8685e-06 +7.6724e-06 +1.0552e-05 +9.4536e-06 +6.1682e-06 +9.7839e-06 +9.5179e-06 +8.4630e-06 +9.4973e-06 +6.6815e-06 +6.5499e-06 +8.0150e-06 +8.5862e-06 +7.4431e-06 +8.2900e-06 +6.7602e-06 +7.3034e-06 +6.6298e-06 +6.3194e-06 +6.8076e-06 +4.2669e-06 +4.4380e-06 +4.1137e-06 +5.4668e-06 +8.6174e-06 +8.9891e-06 
-0000.00170 -1.6411e-03 -1.6387e-03 -1.6375e-03 -1.6383e-03 -1.6398e-03 -1.6403e-03 -1.6408e-03 -1.6436e-03 -1.6460e-03 -1.6464e-03 -1.6491e-03 -1.6499e-03 -1.6484e-03 -1.6493e-03 -1.6511e-03 -1.6488e-03 -1.6489e-03 -1.6494e-03 -1.6495e-03 -1.6531e-03 -1.6699e-03 -1.6802e-03 -1.6853e-03 -1.6912e-03 -1.6905e-03 -1.6906e-03 -1.6960e-03 -1.6948e-03 -1.6986e-03 -1.6965e-03 -1.6965e-03 -1.6916e-03 -1.6938e-03 -1.7003e-03 -1.6983e-03 -1.6982e-03 -1.6979e-03 -1.6977e-03 -1.6975e-03 -1.7005e-03 -1.7022e-03 