# Author: FAC idanalysis.IDKickMap
# 
# Total Length of Longitudinal Interval [m]
2
# Number of Horizontal Points
41
# Number of Vertical Points
3
# Total Horizontal 2nd Order Kick [T2m2]
START
            -0000.01000 -0000.00950 -0000.00900 -0000.00850 -0000.00800 -0000.00750 -0000.00700 -0000.00650 -0000.00600 -0000.00550 -0000.00500 -0000.00450 -0000.00400 -0000.00350 -0000.00300 -0000.00250 -0000.00200 -0000.00150 -0000.00100 -0000.00050 +0000.00000 +0000.00050 +0000.00100 +0000.00150 +0000.00200 +0000.00250 +0000.00300 +0000.00350 +0000.00400 +0000.00450 +0000.00500 +0000.00550 +0000.00600 +0000.00650 +0000.00700 +0000.00750 +0000.00800 +0000.00850 +0000.00900 +0000.00950 +0000.01000 
+0000.00170 +2.0545e-03 +1.7891e-03 +1.5896e-03 +1.4414e-03 +1.1788e-03 +9.9577e-04 +8.3900e-04 +5.9756e-04 +4.1076e-04 +2.3570e-04 +2.2621e-04 +2.0231e-04 +1.9430e-04 +2.2305e-04 +3.2843e-04 +4.4668e-04 +6.6579e-04 +9.2360e-04 +9.4202e-04 +9.0005e-04 +7.7597e-04 +6.2670e-04 +5.7325e-04 +5.0320e-04 +3.8294e-04 +3.4352e-04 +3.7493e-04 +3.7902e-04 +4.3178e-04 +5.8440e-04 +6.2143e-04 +6.5796e-04 +7.6057e-04 +7.7699e-04 +9.1930e-04 +1.1325e-03 +1.3939e-03 +1.6412e-03 +1.9446e-03 +2.3970e-03 +2.5113e-03 
+0000.00000 +2.3518e-03 +1.9987e-03 +1.7348e-03 +1.6022e-03 +1.3894e-03 +1.0833e-03 +9.1817e-04 +8.7637e-04 +8.2268e-04 +6.2725e-04 +5.8087e-04 +5.3046e-04 +4.5010e-04 +4.9967e-04 +5.8745e-04 +5.3474e-04 +5.1865e-04 +4.8956e-04 +6.1463e-04 +7.9506e-04 +7.7087e-04 +7.1235e-04 +5.9331e-04 +5.5255e-04 +6.5053e-04 +4.1717e-04 +3.9301e-04 +4.9089e-04 +5.2305e-04 +4.5984e-04 +7.0163e-04 +8.9510e-04 +1.0975e-03 +1.2235e-03 +1.2324e-03 +1.3737e-03 +1.6291e-03 +1.9131e-03 +2.3027e-03 +2.6767e-03 +2.6470e-03 
-0000.00170 +2.0330e-03 +1.6982e-03 +1.5262e-03 +1.2866e-03 +1.0602e-03 +9.2303e-04 +8.1124e-04 +6.4347e-04 +5.4730e-04 +4.4374e-04 +3.6564e-04 +2.8584e-04 +2.4388e-04 +2.1365e-04 +1.6927e-04 +2.5843e-04 +3.7946e-04 +4.4719e-04 +5.1555e-04 +7.2904e-04 +9.7901e-04 +1.0584e-03 +1.0225e-03 +8.9433e-04 +6.6508e-04 +5.4532e-04 +5.3929e-04 +4.8709e-04 +3.8499e-04 +3.8297e-04 +2.4620e-04 +2.4237e-04 +5.2190e-04 +8.8728e-04 +1.1767e-03 +1.3945e-03 +1.6293e-03 +1.8337e-03 +1.9933e-03 +2.1543e-03 +2.2229e-03 
# Total Vertical 2nd Order Kick [T2m2]
START
            -0000.01000 -0000.00950 -0000.00900 -0000.00850 -0000.00800 -0000.00750 -0000.00700 -0000.00650 -0000.00600 -0000.00550 -0000.00500 -0000.00450 -0000.00400 -0000.00350 -0000.00300 -0000.00250 -0000.00200 -0000.00150 -0000.00100 -0000.00050 +0000.00000 +0000.00050 +0000.00100 +0000.00150 +0000.00200 +0000.00250 +0000.00300 +0000.00350 +0000.00400 +0000.00450 +0000.00500 +0000.00550 +0000.00600 +0000.00650 +0000.00700 +0000.00750 +0000.00800 +0000.00850 +0000.00900 +0000.00950 +0000.01000 
+0000.00170 +6.8823e-04 +4.9213e-04 +5.8405e-04 +6.0379e-04 +3.1540e-04 +4.4262e-04 +4.6086e-04 +4.1227e-04 +3.5183e-04 +9.6222e-05 -2.0617e-04 -3.0048e-04 -2.8091e-04 -3.1993e-04 -3.0299e-04 -6.3508e-04 -6.5530e-04 -4.2407e-04 -9.2426e-05 +1.0589e-04 +1.2586e-04 +2.0746e-05 -2.5795e-04 +1.1900e-04 +1.4101e-04 +4.2597e-05 -2.4623e-04 -2.6987e-04 -4.5786e-04 -4.3305e-04 -4.7712e-04 -5.4171e-04 -5.9405e-04 -5.5487e-04 -6.8413e-04 -9.6376e-04 -1.1737e-03 -9.6348e-04 -1.1386e-03 -1.3527e-03 -1.6430e-03 
+0000.00000 -4.9150e-05 +1.2730e-05 +1.7846e-04 +8.3711e-05 +5.1027e-05 +2.5083e-05 -7.1803e-06 +2.7330e-05 +2.9597e-05 -4.3280e-06 -9.1697e-05 -8.7549e-05 +4.0528e-05 -8.6062e-05 -1.7163e-04 -9.0047e-05 -8.5550e-05 +1.2284e-05 +7.3103e-05 -2.8351e-05 -9.8512e-05 +8.8290e-05 -4.9316e-06 +2.0163e-05 -2.0554e-05 -1.1628e-04 -1.4482e-04 -3.8318e-05 +7.2765e-05 -2.1661e-05 +1.8961e-06 -8.1949e-05 -2.5761e-05 +2.5446e-06 -4.8366e-05 -2.3597e-05 -1.1427e-04 -1.5878e-04 -1.2769e-04 -2.2679e-05 +1.5599e-04 
-0000.00170 -9.3938e-04 -7.8642e-04 -5.4876e-04 -6.6743e-04 -5.0805e-04 -3.3278e-04 -3.8758e-04 -1.2966e-04 -1.3882e-04 -1.5777e-04 -2.2893e-04 -9.2434e-06 +2.9740e-06 -2.2914e-05 +1.8227e-04 +2.7220e-04 +2.2592e-04 +2.9895e-04 +4.9146e-04 +7.9378e-04 +5.3443e-04 +7.8763e-05 -9.5986e-05 -1.7480e-04 +4.3558e-05 +1.1506e-05 -1.5707e-05 -1.6352e-04 +1.2798e-05 +6.8054e-05 +2.6498e-04 +5.0641e-04 +8.6911e-04 +8.1719e-04 +7.0526e-04 +9.3759e-04 +1.0194e-03 +1.1306e-03 +1.1330e-03 +1.1582e-03 +1.1876e-03 
# Horizontal Final Position [m]
START
            -0000.01000 -0000.00950 -0000.00900 -0000.00850 -0000.00800 -0000.00750 -0000.00700 -0000.00650 -0000.00600 -0000.00550 -0000.00500 -0000.00450 -0000.00400 -0000.00350 -0000.00300 -0000.00250 -0000.00200 -0000.00150 -0000.00100 -0000.00050 +0000.00000 +0000.00050 +0000.00100 +0000.00150 +0000.00200 +0000.00250 +0000.00300 +0000.00350 +0000.00400 +0000.00450 +0000.00500 +0000.00550 +0000.00600 +0000.00650 +0000.00700 +0000.00750 +0000.00800 +0000.00850 +0000.00900 +0000.00950 +0000.01000 
+0000.00170 -9.9795e-03 -9.4822e-03 -8.9842e-03 -8.4856e-03 -7.9882e-03 -7.4900e-03 -6.9916e-03 -6.4939e-03 -5.9958e-03 -5.4976e-03 -4.9977e-03 -4.4980e-03 -3.9981e-03 -3.4978e-03 -2.9968e-03 -2.4957e-03 -1.9935e-03 -1.4910e-03 -9.9096e-04 -4.9140e-04 +7.4450e-06 +5.0605e-04 +1.0056e-03 +1.5052e-03 +2.0041e-03 +2.5037e-03 +3.0040e-03 +3.5040e-03 +4.0045e-03 +4.5059e-03 +5.0062e-03 +5.5066e-03 +6.0076e-03 +6.5078e-03 +7.0092e-03 +7.5113e-03 +8.0139e-03 +8.5163e-03 +9.0193e-03 +9.5238e-03 +1.0025e-02 
+0000.00000 -9.9766e-03 -9.4801e-03 -8.9828e-03 -8.4841e-03 -7.9862e-03 -7.4892e-03 -6.9909e-03 -6.4913e-03 -5.9918e-03 -5.4938e-03 -4.9942e-03 -4.4947e-03 -3.9956e-03 -3.4951e-03 -2.9943e-03 -2.4948e-03 -1.9950e-03 -1.4953e-03 -9.9404e-04 -4.9223e-04 +7.6923e-06 +5.0713e-04 +1.0060e-03 +1.5056e-03 +2.0066e-03 +2.5044e-03 +3.0042e-03 +3.5051e-03 +4.0053e-03 +4.5047e-03 +5.0071e-03 +5.5090e-03 +6.0110e-03 +6.5123e-03 +7.0123e-03 +7.5137e-03 +8.0163e-03 +8.5191e-03 +9.0230e-03 +9.5267e-03 +1.0026e-02 
-0000.00170 -9.9798e-03 -9.4832e-03 -8.9848e-03 -8.4871e-03 -7.9894e-03 -7.4908e-03 -6.9919e-03 -6.4935e-03 -5.9945e-03 -5.4955e-03 -4.9963e-03 -4.4971e-03 -3.9976e-03 -3.4979e-03 -2.9984e-03 -2.4975e-03 -1.9965e-03 -1.4957e-03 -9.9495e-04 -4.9270e-04 +9.9507e-06 +5.1086e-04 +1.0105e-03 +1.5091e-03 +2.0067e-03 +2.5055e-03 +3.0055e-03 +3.5050e-03 +4.0040e-03 +4.5040e-03 +5.0026e-03 +5.5025e-03 +6.0052e-03 +6.5088e-03 +7.0117e-03 +7.5139e-03 +8.0162e-03 +8.5182e-03 +9.0198e-03 +9.5214e-03 +1.0022e-02 
# Vertical Final Position [m]
START
            -0000.01000 -0000.00950 -0000.00900 -0000.00850 -0000.00800 -0000.00750 -0000.00700 -0000.00650 -0000.00600 -0000.00550 -0000.00500 -0000.00450 -0000.00400 -0000.00350 -0000.00300 -0000.00250 -0000.00200 -0000.00150 -0000.00100 -0000.00050 +0000.00000 +0000.00050 +0000.00100 +0000.00150 +0000.00200 +0000.00250 +0000.00300 +0000.00350 +0000.00400 +0000.00450 +0000.00500 +0000.00550 +0000.00600 +0000.00650 +0000.00700 +0000.00750 +0000.00800 +0000.00850 +0000.00900 +0000.00950 +0000.01000 
+0000.00170 +1.7068e-03 +1.7048e-03 +1.7057e-03 +1.7059e-03 +1.7030e-03 +1.7043e-03 +1.7045e-03 +1.7040e-03 +1.7035e-03 +1.7010e-03 +1.6979e-03 +1.6971e-03 +1.6974e-03 +1.6970e-03 +1.6973e-03 +1.6940e-03 +1.6936e-03 +1.6958e-03 +1.6990e-03 +1.7008e-03 +1.7011e-03 +1.6999e-03 +1.6971e-03 +1.7010e-03 +1.7012e-03 +1.7004e-03 +1.6976e-03 +1.6974e-03 +1.6955e-03 +1.6957e-03 +1.6953e-03 +1.6946e-03 +1.6941e-03 +1.6945e-03 +1.6932e-03 +1.6905e-03 +1.6884e-03 +1.6904e-03 +1.6887e-03 +1.6866e-03 +1.6838e-03 
+0000.00000 -5.9003e-07 +4.2993e-08 +1.6937e-06 +7.5922e-07 +4.4404e-07 +1.8218e-07 -1.3383e-07 +2.1228e-07 +2.3990e-07 -8.5404e-08 -9.4900e-07 -8.9066e-07 +3.8475e-07 -8.1478e-07 -1.6075e-06 -7.1420e-07 -6.8964e-07 +5.2040e-08 +5.3904e-07 -4.3620e-07 -1.1788e-06 +8.2605e-07 -7.4452e-08 +1.2255e-07 -2.5132e-07 -1.1672e-06 -1.4815e-06 -4.9617e-07 +7.0284e-07 -2.4795e-07 -1.8978e-09 -8.2568e-07 -2.7358e-07 +3.0378e-08 -4.6971e-07 -2.3075e-07 -1.1174e-06 -1.5580e-06 -1.2690e-06 -2.2615e-07 +1.5437e-06 
-0000.00170 -1.7094e-03 -1.7079e-03 -1.7054e-03 -1.7067e-03 -1.7052e-03 -1.7034e-03 -1.7039e-03 -1.7013e-03 -1.7014e-03 -1.7016e-03 -1.7024e-03 -1.7001e-03 -1.7001e-03 -1.7003e-03 -1.6982e-03 -1.6973e-03 -1.6978e-03 -1.6969e-03 -1.6949e-03 -1.6919e-03 -1.6949e-03 -1.6992e-03 -1.7010e-03 -1.7018e-03 -1.6995e-03 -1.6998e-03 -1.7002e-03 -1.7018e-03 -1.7001e-03 -1.6995e-03 -1.6975e-03 -1.6950e-03 -1.6914e-03 -1.6919e-03 -1.6930e-03 -1.6907e-03 -1.6899e-03 -1.6888e-03 -1.6887e-03 -1.6885e-03 -1.6882e-03 