# Author: FAC idanalysis.IDKickMap
# 
# Total Length of Longitudinal Interval [m]
2
# Number of Horizontal Points
41
# Number of Vertical Points
3
# Total Horizontal 2nd Order Kick [T2m2]
START
            -0000.01000 -0000.00950 -0000.00900 -0000.00850 -0000.00800 -0000.00750 -0000.00700 -0000.00650 -0000.00600 -0000.00550 -0000.00500 -0000.00450 -0000.00400 -0000.00350 -0000.00300 -0000.00250 -0000.00200 -0000.00150 -0000.00100 -0000.00050 +0000.00000 +0000.00050 +0000.00100 +0000.00150 +0000.00200 +0000.00250 +0000.00300 +0000.00350 +0000.00400 +0000.00450 +0000.00500 +0000.00550 +0000.00600 +0000.00650 +0000.00700 +0000.00750 +0000.00800 +0000.00850 +0000.00900 +0000.00950 +0000.01000 
+0000.00170 -3.2431e-03 -3.2627e-03 -3.0679e-03 -2.9485e-03 -2.9002e-03 -2.6638e-03 -2.6061e-03 -2.5396e-03 -2.5532e-03 -2.3505e-03 -2.1142e-03 -1.9977e-03 -1.7551e-03 -1.4218e-03 -1.0563e-03 -5.5464e-04 +3.4691e-05 +6.6829e-04 +9.4695e-04 +1.0583e-03 +9.4670e-04 +6.6377e-04 +3.8250e-04 -3.7446e-05 -5.3876e-04 -6.4798e-04 -9.3689e-04 -1.2190e-03 -1.2275e-03 -1.2606e-03 -1.4693e-03 -1.5350e-03 -1.7908e-03 -1.9423e-03 -1.9929e-03 -2.0511e-03 -2.0216e-03 -2.0708e-03 -1.7557e-03 -1.5748e-03 -2.0543e-03 
+0000.00000 -2.8723e-03 -2.9766e-03 -2.8342e-03 -2.6806e-03 -2.7879e-03 -2.7376e-03 -2.6507e-03 -2.2751e-03 -2.1508e-03 -2.0207e-03 -1.8033e-03 -1.6588e-03 -1.5119e-03 -1.0902e-03 -8.5890e-04 -7.3551e-04 -4.8667e-04 -3.9519e-04 +8.5682e-05 +1.9729e-04 +3.0519e-04 +5.4852e-05 -1.0792e-04 -6.9057e-05 -3.1382e-04 -7.1239e-04 -8.4126e-04 -8.5807e-04 -1.2138e-03 -1.2733e-03 -1.3283e-03 -1.2277e-03 -1.2634e-03 -1.5117e-03 -1.8007e-03 -1.6445e-03 -1.6909e-03 -1.5337e-03 -1.2688e-03 -1.1698e-03 -1.9550e-03 
-0000.00170 -3.4357e-03 -3.3475e-03 -3.2437e-03 -3.0906e-03 -3.0114e-03 -2.7338e-03 -2.6600e-03 -2.4423e-03 -2.4089e-03 -2.2242e-03 -2.0839e-03 -1.9453e-03 -1.8070e-03 -1.6322e-03 -1.3879e-03 -9.8327e-04 -5.8197e-04 -1.8194e-04 +2.4279e-04 +8.3389e-04 +1.2683e-03 +1.3153e-03 +1.1039e-03 +5.8450e-04 -9.7410e-05 -3.8945e-04 -5.8806e-04 -9.9942e-04 -1.1529e-03 -1.5424e-03 -1.9766e-03 -2.0147e-03 -1.8142e-03 -1.5836e-03 -1.6011e-03 -1.6321e-03 -1.6632e-03 -1.7553e-03 -1.9261e-03 -2.0104e-03 -2.7036e-03 
# Total Vertical 2nd Order Kick [T2m2]
START
            -0000.01000 -0000.00950 -0000.00900 -0000.00850 -0000.00800 -0000.00750 -0000.00700 -0000.00650 -0000.00600 -0000.00550 -0000.00500 -0000.00450 -0000.00400 -0000.00350 -0000.00300 -0000.00250 -0000.00200 -0000.00150 -0000.00100 -0000.00050 +0000.00000 +0000.00050 +0000.00100 +0000.00150 +0000.00200 +0000.00250 +0000.00300 +0000.00350 +0000.00400 +0000.00450 +0000.00500 +0000.00550 +0000.00600 +0000.00650 +0000.00700 +0000.00750 +0000.00800 +0000.00850 +0000.00900 +0000.00950 +0000.01000 
+0000.00170 -9.5133e-04 -9.3555e-04 -7.5963e-04 -1.1562e-03 -1.1021e-03 -9.8872e-04 -9.3891e-04 -8.0828e-04 -1.0359e-03 -1.4706e-03 -1.4890e-03 -1.5036e-03 -1.6010e-03 -1.5768e-03 -1.8120e-03 -2.2140e-03 -1.8728e-03 -1.6031e-03 -9.5629e-04 -7.5348e-04 +1.1686e-04 -4.9606e-05 +3.1364e-04 +8.0367e-04 +4.7547e-04 +2.9326e-04 +1.7985e-04 -2.7764e-05 -2.3112e-04 -2.3432e-04 -3.1851e-04 -3.5964e-04 -1.8740e-04 -2.7652e-04 -4.1746e-04 -9.4994e-04 -6.9531e-04 -8.1025e-04 -9.4596e-04 -1.5061e-03 -1.6177e-03 
+0000.00000 +3.0773e-05 +3.4384e-04 +3.9943e-04 +1.6056e-04 +2.4921e-04 +1.5636e-04 +1.8838e-04 +2.0543e-04 +2.7421e-04 +9.0012e-05 -3.5093e-05 +2.7533e-04 +1.3995e-04 -5.4996e-05 +4.9773e-05 +9.0355e-05 +1.4484e-04 +3.4378e-04 +4.7918e-04 +4.4562e-05 +3.5876e-04 +3.7244e-04 +2.2491e-04 +3.4959e-04 +1.6525e-04 +2.9891e-05 +5.1346e-05 +3.5170e-04 +1.8647e-04 +2.3150e-04 +1.3301e-04 +9.6137e-05 +1.8871e-04 +4.4651e-05 +1.5792e-04 +2.7495e-05 -9.2955e-05 -8.9233e-05 -6.2619e-05 +2.5499e-04 +3.6375e-04 
-0000.00170 +7.3301e-04 +1.1079e-03 +1.1885e-03 +1.2271e-03 +1.4347e-03 +1.3018e-03 +1.5423e-03 +1.5420e-03 +1.4542e-03 +1.3792e-03 +1.4046e-03 +1.4925e-03 +1.5422e-03 +1.6964e-03 +1.7766e-03 +1.9249e-03 +2.0286e-03 +2.1406e-03 +2.3616e-03 +2.3664e-03 +1.5327e-03 +4.6828e-04 +2.7354e-04 +5.8121e-06 +1.1172e-04 +2.3854e-04 -1.6384e-04 +6.8234e-05 -6.2313e-05 +1.7166e-04 +2.8652e-04 +7.9384e-04 +1.0808e-03 +6.3168e-04 +6.6684e-04 +9.5453e-04 +1.0300e-03 +1.1657e-03 +1.1789e-03 +1.1861e-03 +1.1454e-03 
# Horizontal Final Position [m]
START
            -0000.01000 -0000.00950 -0000.00900 -0000.00850 -0000.00800 -0000.00750 -0000.00700 -0000.00650 -0000.00600 -0000.00550 -0000.00500 -0000.00450 -0000.00400 -0000.00350 -0000.00300 -0000.00250 -0000.00200 -0000.00150 -0000.00100 -0000.00050 +0000.00000 +0000.00050 +0000.00100 +0000.00150 +0000.00200 +0000.00250 +0000.00300 +0000.00350 +0000.00400 +0000.00450 +0000.00500 +0000.00550 +0000.00600 +0000.00650 +0000.00700 +0000.00750 +0000.00800 +0000.00850 +0000.00900 +0000.00950 +0000.01000 
+0000.00170 -1.0032e-02 -9.5323e-03 -9.0304e-03 -8.5292e-03 -8.0287e-03 -7.5263e-03 -7.0256e-03 -6.5249e-03 -6.0251e-03 -5.5231e-03 -5.0209e-03 -4.5198e-03 -4.0174e-03 -3.5141e-03 -3.0106e-03 -2.5057e-03 -1.9999e-03 -1.4938e-03 -9.9129e-04 -4.9024e-04 +8.8435e-06 +5.0624e-04 +1.0036e-03 +1.5001e-03 +1.9952e-03 +2.4943e-03 +2.9913e-03 +3.4884e-03 +3.9883e-03 +4.4877e-03 +4.9856e-03 +5.4849e-03 +5.9823e-03 +6.4808e-03 +6.9803e-03 +7.4797e-03 +7.9800e-03 +8.4795e-03 +8.9826e-03 +9.4843e-03 +9.9794e-03 
+0000.00000 -1.0028e-02 -9.5295e-03 -9.0281e-03 -8.5267e-03 -8.0277e-03 -7.5272e-03 -7.0263e-03 -6.5226e-03 -6.0214e-03 -5.5200e-03 -5.0179e-03 -4.5165e-03 -4.0151e-03 -3.5109e-03 -3.0088e-03 -2.5076e-03 -2.0053e-03 -1.5043e-03 -9.9944e-04 -4.9829e-04 +3.1004e-06 +5.0067e-04 +9.9914e-04 +1.4995e-03 +1.9972e-03 +2.4935e-03 +2.9923e-03 +3.4919e-03 +3.9882e-03 +4.4876e-03 +4.9871e-03 +5.4881e-03 +5.9877e-03 +6.4852e-03 +6.9823e-03 +7.4839e-03 +7.9834e-03 +8.4849e-03 +8.9876e-03 +9.4886e-03 +9.9808e-03 
-0000.00170 -1.0034e-02 -9.5333e-03 -9.0322e-03 -8.5305e-03 -8.0298e-03 -7.5271e-03 -7.0263e-03 -6.5241e-03 -6.0237e-03 -5.5219e-03 -5.0206e-03 -4.5192e-03 -4.0179e-03 -3.5163e-03 -3.0140e-03 -2.5100e-03 -2.0064e-03 -1.5022e-03 -9.9776e-04 -4.9158e-04 +1.3124e-05 +5.1386e-04 +1.0118e-03 +1.5062e-03 +1.9992e-03 +2.4963e-03 +2.9945e-03 +3.4905e-03 +3.9889e-03 +4.4850e-03 +4.9806e-03 +5.4801e-03 +5.9820e-03 +6.4843e-03 +6.9842e-03 +7.4839e-03 +7.9835e-03 +8.4826e-03 +8.9808e-03 +9.4801e-03 +9.9733e-03 
# Vertical Final Position [m]
START
            -0000.01000 -0000.00950 -0000.00900 -0000.00850 -0000.00800 -0000.00750 -0000.00700 -0000.00650 -0000.00600 -0000.00550 -0000.00500 -0000.00450 -0000.00400 -0000.00350 -0000.00300 -0000.00250 -0000.00200 -0000.00150 -0000.00100 -0000.00050 +0000.00000 +0000.00050 +0000.00100 +0000.00150 +0000.00200 +0000.00250 +0000.00300 +0000.00350 +0000.00400 +0000.00450 +0000.00500 +0000.00550 +0000.00600 +0000.00650 +0000.00700 +0000.00750 +0000.00800 +0000.00850 +0000.00900 +0000.00950 +0000.01000 
+0000.00170 +1.6905e-03 +1.6905e-03 +1.6923e-03 +1.6883e-03 +1.6888e-03 +1.6899e-03 +1.6905e-03 +1.6918e-03 +1.6897e-03 +1.6854e-03 +1.6851e-03 +1.6852e-03 +1.6844e-03 +1.6847e-03 +1.6827e-03 +1.6787e-03 +1.6817e-03 +1.6841e-03 +1.6904e-03 +1.6919e-03 +1.7008e-03 +1.6989e-03 +1.7023e-03 +1.7074e-03 +1.7042e-03 +1.7027e-03 +1.7019e-03 +1.6999e-03 +1.6977e-03 +1.6977e-03 +1.6969e-03 +1.6964e-03 +1.6982e-03 +1.6972e-03 +1.6959e-03 +1.6906e-03 +1.6931e-03 +1.6920e-03 +1.6907e-03 +1.6852e-03 +1.6842e-03 
+0000.00000 +8.2602e-08 +3.2208e-06 +3.7676e-06 +1.4407e-06 +2.3183e-06 +1.3922e-06 +1.7250e-06 +1.8941e-06 +2.5857e-06 +8.0223e-07 -4.4489e-07 +2.6649e-06 +1.3435e-06 -4.7187e-07 +6.8606e-07 +1.2578e-06 +1.7806e-06 +3.2685e-06 +4.3527e-06 +9.9595e-08 +3.1134e-06 +3.5680e-06 +2.1389e-06 +3.2719e-06 +1.5081e-06 +2.3750e-07 +3.6836e-07 +3.2223e-06 +1.7589e-06 +2.2141e-06 +1.2372e-06 +9.0202e-07 +1.8098e-06 +4.2534e-07 +1.5560e-06 +2.3218e-07 -9.2436e-07 -8.8850e-07 -6.5665e-07 +2.4928e-06 +3.5650e-06 
-0000.00170 -1.6930e-03 -1.6891e-03 -1.6882e-03 -1.6879e-03 -1.6860e-03 -1.6872e-03 -1.6848e-03 -1.6847e-03 -1.6856e-03 -1.6864e-03 -1.6862e-03 -1.6853e-03 -1.6850e-03 -1.6833e-03 -1.6823e-03 -1.6809e-03 -1.6799e-03 -1.6785e-03 -1.6761e-03 -1.6761e-03 -1.6852e-03 -1.6953e-03 -1.6974e-03 -1.7001e-03 -1.6988e-03 -1.6976e-03 -1.7018e-03 -1.6997e-03 -1.7012e-03 -1.6986e-03 -1.6975e-03 -1.6923e-03 -1.6893e-03 -1.6938e-03 -1.6933e-03 -1.6906e-03 -1.6898e-03 -1.6885e-03 -1.6882e-03 -1.6882e-03 -1.6886e-03 