# Author: FAC idanalysis.IDKickMap
# 
# Total Length of Longitudinal Interval [m]
1.65
# Number of Horizontal Points
9
# Number of Vertical Points
7
# Total Horizontal 2nd Order Kick [T2m2]
START
            -0000.00395 -0000.00296 -0000.00198 -0000.00099 +0000.00000 +0000.00099 +0000.00198 +0000.00296 +0000.00395 
+0000.00295 +3.3311e-03 +2.0626e-03 +1.1887e-03 +5.4873e-04 +1.0801e-05 -5.2008e-04 -1.1284e-03 -1.9617e-03 -3.1751e-03 
+0000.00197 +3.3277e-03 +2.0600e-03 +1.1868e-03 +5.4667e-04 +8.8614e-06 -5.2358e-04 -1.1336e-03 -1.9700e-03 -3.1870e-03 
+0000.00098 +3.1975e-03 +1.9795e-03 +1.1399e-03 +5.0279e-04 -3.6099e-05 -5.7281e-04 -1.1966e-03 -2.0785e-03 -3.3626e-03 
+0000.00000 +3.9531e-03 +2.4875e-03 +1.4551e-03 +7.8475e-04 +2.0214e-04 -2.4610e-04 -7.5671e-04 -1.3765e-03 -2.3327e-03 
-0000.00098 +3.4718e-03 +2.1483e-03 +1.2379e-03 +5.9177e-04 +5.3324e-05 -4.7828e-04 -1.0785e-03 -1.8740e-03 -3.0296e-03 
-0000.00197 +3.3036e-03 +2.0429e-03 +1.1757e-03 +5.3670e-04 +1.1338e-06 -5.3580e-04 -1.1506e-03 -1.9963e-03 -3.2239e-03 
-0000.00295 +3.2949e-03 +2.0369e-03 +1.1720e-03 +5.3374e-04 -8.2917e-07 -5.3846e-04 -1.1540e-03 -2.0014e-03 -3.2306e-03 
# Total Vertical 2nd Order Kick [T2m2]
START
            -0000.00395 -0000.00296 -0000.00198 -0000.00099 +0000.00000 +0000.00099 +0000.00198 +0000.00296 +0000.00395 
+0000.00295 +2.0280e-04 +1.7617e-04 +1.5803e-04 +1.4746e-04 +1.4386e-04 +1.4737e-04 +1.5796e-04 +1.7611e-04 +2.0281e-04 
+0000.00197 +2.3667e-04 +2.0620e-04 +1.8537e-04 +1.7315e-04 +1.6903e-04 +1.7309e-04 +1.8534e-04 +2.0622e-04 +2.3680e-04 
+0000.00098 +2.7115e-04 +2.3642e-04 +2.1240e-04 +1.9847e-04 +1.9375e-04 +1.9838e-04 +2.1234e-04 +2.3636e-04 +2.7112e-04 
+0000.00000 +2.9884e-04 +2.5842e-04 +2.3082e-04 +2.1523e-04 +2.0781e-04 +2.1277e-04 +2.2808e-04 +2.5381e-04 +2.9157e-04 
-0000.00098 +3.0035e-04 +2.6094e-04 +2.3414e-04 +2.1856e-04 +2.1343e-04 +2.1855e-04 +2.3416e-04 +2.6099e-04 +3.0048e-04 
-0000.00197 +2.7834e-04 +2.4162e-04 +2.1661e-04 +2.0211e-04 +1.9737e-04 +2.0218e-04 +2.1671e-04 +2.4182e-04 +2.7870e-04 
-0000.00295 +2.2119e-04 +1.9126e-04 +1.7112e-04 +1.5953e-04 +1.5574e-04 +1.5962e-04 +1.7124e-04 +1.9148e-04 +2.2156e-04 
# Horizontal Final Position [m]
START
            -0000.00395 -0000.00296 -0000.00198 -0000.00099 +0000.00000 +0000.00099 +0000.00198 +0000.00296 +0000.00395 
+0000.00295 -3.9173e-03 -2.9424e-03 -1.9634e-03 -9.8221e-04 +1.0019e-08 +9.8230e-04 +1.9639e-03 +2.9431e-03 +3.9186e-03 
+0000.00197 -3.9171e-03 -2.9422e-03 -1.9633e-03 -9.8216e-04 +2.6548e-08 +9.8226e-04 +1.9638e-03 +2.9430e-03 +3.9184e-03 
+0000.00098 -3.9185e-03 -2.9431e-03 -1.9639e-03 -9.8264e-04 -4.4650e-07 +9.8176e-04 +1.9632e-03 +2.9419e-03 +3.9166e-03 
+0000.00000 -3.9319e-03 -2.9529e-03 -1.9703e-03 -9.8560e-04 -6.8723e-07 +9.8537e-04 +1.9713e-03 +2.9548e-03 +3.9352e-03 
-0000.00098 -3.9151e-03 -2.9409e-03 -1.9626e-03 -9.8156e-04 +5.4593e-07 +9.8272e-04 +1.9643e-03 +2.9438e-03 +3.9198e-03 
-0000.00197 -3.9162e-03 -2.9415e-03 -1.9629e-03 -9.8194e-04 +9.2989e-08 +9.8212e-04 +1.9634e-03 +2.9424e-03 +3.9176e-03 
-0000.00295 -3.9160e-03 -2.9414e-03 -1.9628e-03 -9.8189e-04 +1.0924e-07 +9.8209e-04 +1.9633e-03 +2.9423e-03 +3.9174e-03 
# Vertical Final Position [m]
START
            -0000.00395 -0000.00296 -0000.00198 -0000.00099 +0000.00000 +0000.00099 +0000.00198 +0000.00296 +0000.00395 
+0000.00295 +2.9363e-03 +2.9381e-03 +2.9393e-03 +2.9400e-03 +2.9403e-03 +2.9400e-03 +2.9393e-03 +2.9381e-03 +2.9363e-03 
+0000.00197 +1.9552e-03 +1.9567e-03 +1.9577e-03 +1.9583e-03 +1.9585e-03 +1.9583e-03 +1.9577e-03 +1.9567e-03 +1.9552e-03 
+0000.00098 +9.7554e-04 +9.7657e-04 +9.7727e-04 +9.7767e-04 +9.7780e-04 +9.7767e-04 +9.7726e-04 +9.7657e-04 +9.7554e-04 
+0000.00000 -2.9210e-06 -2.5540e-06 -2.3045e-06 -2.1544e-06 -2.1279e-06 -2.1800e-06 -2.3336e-06 -2.6038e-06 -3.0006e-06 
-0000.00098 -9.8133e-04 -9.8158e-04 -9.8176e-04 -9.8186e-04 -9.8190e-04 -9.8186e-04 -9.8176e-04 -9.8158e-04 -9.8133e-04 
-0000.00197 -1.9596e-03 -1.9605e-03 -1.9612e-03 -1.9615e-03 -1.9616e-03 -1.9615e-03 -1.9611e-03 -1.9605e-03 -1.9596e-03 
-0000.00295 -2.9371e-03 -2.9388e-03 -2.9399e-03 -2.9406e-03 -2.9408e-03 -2.9406e-03 -2.9399e-03 -2.9388e-03 -2.9371e-03 