# Author: FAC idanalysis.IDKickMap
# 
# Total Length of Longitudinal Interval [m]
1.65
# Number of Horizontal Points
9
# Number of Vertical Points
7
# Total Horizontal 2nd Order Kick [T2m2]
START
            -0000.00395 -0000.00296 -0000.00198 -0000.00099 +0000.00000 +0000.00099 +0000.00198 +0000.00296 +0000.00395 
+0000.00295 +3.8567e-03 +2.3823e-03 +1.3747e-03 +7.9975e-04 +3.7238e-04 +1.7991e-05 -3.3631e-04 -7.5592e-04 -1.2977e-03 
+0000.00197 +3.8547e-03 +2.3807e-03 +1.3735e-03 +7.9716e-04 +3.6990e-04 +1.4936e-05 -3.3983e-04 -7.6061e-04 -1.3027e-03 
+0000.00098 +3.7470e-03 +2.3142e-03 +1.3349e-03 +7.6560e-04 +3.4088e-04 -1.3989e-05 -3.7183e-04 -7.9873e-04 -1.3567e-03 
+0000.00000 +4.3709e-03 +2.7315e-03 +1.5924e-03 +1.0723e-03 +6.0633e-04 +2.6935e-04 -7.2154e-05 -4.2849e-04 -9.6618e-04 
-0000.00098 +3.9802e-03 +2.4575e-03 +1.4178e-03 +8.3013e-04 +3.9867e-04 +4.1602e-05 -3.1187e-04 -7.2921e-04 -1.2574e-03 
-0000.00197 +3.8349e-03 +2.3667e-03 +1.3644e-03 +7.8437e-04 +3.5889e-04 +2.7881e-06 -3.5267e-04 -7.7677e-04 -1.3185e-03 
-0000.00295 +3.8270e-03 +2.3614e-03 +1.3610e-03 +7.8054e-04 +3.5584e-04 -2.5749e-07 -3.5560e-04 -7.8020e-04 -1.3214e-03 
# Total Vertical 2nd Order Kick [T2m2]
START
            -0000.00395 -0000.00296 -0000.00198 -0000.00099 +0000.00000 +0000.00099 +0000.00198 +0000.00296 +0000.00395 
+0000.00295 +2.5959e-04 +2.2426e-04 +2.0022e-04 +1.7903e-04 +1.6670e-04 +1.6260e-04 +1.6654e-04 +1.7864e-04 +1.9962e-04 
+0000.00197 +2.8243e-04 +2.4465e-04 +2.1877e-04 +1.9587e-04 +1.8250e-04 +1.7810e-04 +1.8234e-04 +1.9548e-04 +2.1817e-04 
+0000.00098 +3.0845e-04 +2.6723e-04 +2.3908e-04 +2.1411e-04 +1.9957e-04 +1.9477e-04 +1.9941e-04 +2.1369e-04 +2.3842e-04 
+0000.00000 +3.3487e-04 +2.8556e-04 +2.5094e-04 +2.2437e-04 +2.0739e-04 +2.0228e-04 +2.0708e-04 +2.2202e-04 +2.4806e-04 
-0000.00098 +3.4842e-04 +3.0119e-04 +2.6925e-04 +2.4089e-04 +2.2440e-04 +2.1903e-04 +2.2426e-04 +2.4045e-04 +2.6849e-04 
-0000.00197 +3.5228e-04 +3.0414e-04 +2.7193e-04 +2.4320e-04 +2.2653e-04 +2.2110e-04 +2.2643e-04 +2.4282e-04 +2.7126e-04 
-0000.00295 +3.4310e-04 +2.9533e-04 +2.6369e-04 +2.3550e-04 +2.1918e-04 +2.1397e-04 +2.1910e-04 +2.3516e-04 +2.6304e-04 
# Horizontal Final Position [m]
START
            -0000.00395 -0000.00296 -0000.00198 -0000.00099 +0000.00000 +0000.00099 +0000.00198 +0000.00296 +0000.00395 
+0000.00295 -3.9122e-03 -2.9393e-03 -1.9616e-03 -9.7978e-04 +3.5390e-06 +9.8758e-04 +1.9716e-03 +2.9550e-03 +3.9373e-03 
+0000.00197 -3.9119e-03 -2.9390e-03 -1.9615e-03 -9.7970e-04 +3.5838e-06 +9.8759e-04 +1.9716e-03 +2.9549e-03 +3.9371e-03 
+0000.00098 -3.9131e-03 -2.9398e-03 -1.9619e-03 -9.8005e-04 +3.2677e-06 +9.8728e-04 +1.9713e-03 +2.9546e-03 +3.9366e-03 
+0000.00000 -3.9318e-03 -2.9533e-03 -1.9708e-03 -9.8494e-04 +8.7032e-07 +9.8763e-04 +1.9744e-03 +2.9609e-03 +3.9457e-03 
-0000.00098 -3.9101e-03 -2.9379e-03 -1.9608e-03 -9.7918e-04 +3.9963e-06 +9.8792e-04 +1.9719e-03 +2.9552e-03 +3.9375e-03 
-0000.00197 -3.9107e-03 -2.9382e-03 -1.9610e-03 -9.7939e-04 +3.7521e-06 +9.8760e-04 +1.9715e-03 +2.9546e-03 +3.9367e-03 
-0000.00295 -3.9105e-03 -2.9380e-03 -1.9608e-03 -9.7932e-04 +3.7912e-06 +9.8761e-04 +1.9714e-03 +2.9546e-03 +3.9366e-03 
# Vertical Final Position [m]
START
            -0000.00395 -0000.00296 -0000.00198 -0000.00099 +0000.00000 +0000.00099 +0000.00198 +0000.00296 +0000.00395 
+0000.00295 +2.9444e-03 +2.9452e-03 +2.9457e-03 +2.9461e-03 +2.9464e-03 +2.9465e-03 +2.9464e-03 +2.9461e-03 +2.9457e-03 
+0000.00197 +1.9624e-03 +1.9629e-03 +1.9633e-03 +1.9637e-03 +1.9639e-03 +1.9640e-03 +1.9639e-03 +1.9637e-03 +1.9633e-03 
+0000.00098 +9.8188e-04 +9.8208e-04 +9.8222e-04 +9.8233e-04 +9.8240e-04 +9.8243e-04 +9.8240e-04 +9.8233e-04 +9.8222e-04 
+0000.00000 +2.9993e-06 +2.5530e-06 +2.2372e-06 +1.9988e-06 +1.8450e-06 +1.7988e-06 +1.8411e-06 +1.9740e-06 +2.2055e-06 
-0000.00098 -9.7544e-04 -9.7648e-04 -9.7719e-04 -9.7783e-04 -9.7820e-04 -9.7832e-04 -9.7820e-04 -9.7784e-04 -9.7721e-04 
-0000.00197 -1.9536e-03 -1.9553e-03 -1.9565e-03 -1.9575e-03 -1.9581e-03 -1.9583e-03 -1.9581e-03 -1.9575e-03 -1.9565e-03 
-0000.00295 -2.9303e-03 -2.9329e-03 -2.9346e-03 -2.9362e-03 -2.9372e-03 -2.9375e-03 -2.9372e-03 -2.9363e-03 -2.9347e-03 